39f81cc6308c6fbb35ce8a7c31e474123fcf7cb5c837d57f6f6c4ea808cdff8e 1652084765468 1652084766664 1196
e525547823114ddf77386394de5d5b4a4d286c70e8fbe893e12aa6fa0cd4d0f0 1652084787297 1652084788269 972
037ea135c24d4fc561eb5e50ae3698855bd6825388ac8fa13ecc4ef3223e8ed9 1652084808893 1652084810042 1149
0d060e11e30db38eabbf97eee3f6ddef30a08f08646dc9e114823ae539dc785e 1652084830270 1652084831488 1218
b91d0c63a4a625305f4e6a0bcd2056cef8a1dfc067f5c3253bcc1c6209b02be4 1652084851515 1652084852730 1215
52f706b74673854ab63f5be8ea5ba7980ae7f1da8395b2b4562b1eec111ec932 1652084872774 1652084873973 1199
451aab74e7707173afb3b15eeb4014b15e5c28de1a4eb1966fefa21f26403308 1652084893865 1652084894995 1130
a71742e55b8c17c69d2e9125493a004692cb727523f0a7f79ddc98b0086fd3f9 1652084914998 1652084916237 1239
9f8eb379e42a0a64c05d831c232e376a61abb9dadad4b1668ab70c2dcc4b1be5 1652084936394 1652084937700 1306
b90d0865085927043fdad5bf99d554279bdea625e21dfcf9fdf26bfc2e2e100c 1652084957688 1652084958847 1159
