46c95ecb2957d505459d1c2f7b7a374c4571c69d64aa4bce221d8316d73ccb64 1652084765488 1652084766720 1232
995ba4c719bda79e18610ce1eebd8fa2b7d11895705a15eeed97285d365b45d9 1652084787319 1652084788448 1129
795961d6dbd5fd45434e28daff4063351d2cc3c47364d84a82ce2984f12d1f05 1652084808912 1652084810082 1170
e9b0a1ec011f77f667608893f08e1a1f7194ee6e56a3ded18ad145278e2374c7 1652084830292 1652084831447 1155
247edb14e2ec3a2c9ddb514c244b6a1bead6a0d7a35e4e5b8acfeb9032d266ef 1652084851539 1652084852659 1120
fbe34581d2039ed1b17a3f84e083f581a8c97d272764d69d7270c554f5134340 1652084872796 1652084873805 1009
26313b7fd9ffa00df20c3c00089b4a6bb5bc25b745980d26b5433890586bc0c2 1652084893886 1652084894964 1078
fac894609d2976602cd57e69ceda0125f316b00cfcf3451871b16ae33bc19171 1652084915019 1652084916105 1086
9c934add691fe5108f7bc65fc3b8652a602dfd0251cb5bb758ac547dba9ac12d 1652084936417 1652084937528 1111
038092d1e7ead7792b833520631980c6b909df760ad84cce30b5e41170245296 1652084957710 1652084958849 1139
