547f44abcefce4c0ecc8c1f143dd67374cb21ef6571b3cfc3ae2358f0797b6c7 1652084765461 1652084766010 549
96341108b2959830393bed88fd1abca75433023d63dd6080b969770b7d495da0 1652084787286 1652084787459 173
9875f3746990fac932cff0901aa31451318e9ff3c0725a312a4fee855fb6ec8f 1652084808881 1652084809039 158
67032ea98acf0807544cb498374e03f337ed2300682fa9de8524af0613bd9894 1652084830257 1652084830817 560
986aecf0a57f3e7dddc2efc3ca177cfb6cfb3c726dd75236c9ce828aff169efc 1652084851503 1652084852013 510
3c459ecc6b7b718ee4e7349ef23657c4191bb8440d42e6cf85539a14e6391898 1652084872761 1652084873309 548
22c61843b3217b08f5820e82c8ee6f53ed82b6c287a2e486507a73a8d8081f8c 1652084893852 1652084894030 178
4c75968f8e80fccd710f0e8f22cde0cbbefb7280648652290188f5c5d440530f 1652084914983 1652084915129 146
0b62d353df551b714213b891b255008b60ac8ac95eeefa72357eeff07232909b 1652084936383 1652084936554 171
1ff2259338fd17ae61489a9043182de99c222765d5f9d300aa33f8be067fb2ba 1652084957675 1652084957825 150
