4aeaf15dfa894952e6a7dac5a1a2e3b3ba9e024f98c156b75c83b7b89e98ad12 1652084765474 1652084766632 1158
5dfe07fa6a9ea9d1361d815151b563ccf2a6a90f7f27f3a689b67be146564227 1652084787306 1652084788552 1246
b2aebc99a0b64f2fe3addf1c0e5dfef07a1a263044a980ae025ae0f023c4b942 1652084808900 1652084810085 1185
ac91e17bafad6cb612c77eb8a9f64d639c216493137aaaab007202338a4dab09 1652084830276 1652084831358 1082
23bfb688709da6b2ae665a1486825ff679294e09b0e37dbe8b7da7d53ea0237f 1652084851522 1652084852704 1182
a23b3f438cc6db34405f2c457720f6413127394126a20a5de178c04e42e1913b 1652084872781 1652084874025 1244
661a748d956203760da54df9a01affba68be8b1a14b5e00ebe153fd5ee3e5b9b 1652084893879 1652084894776 897
753e85612b1948f1de336f3d8812e4d5afc981d3e74abb6eec0b6a0db69a4549 1652084915004 1652084916245 1241
756514f10e5c01cc7a182ffdc3faff8be0d55e4ca3862e1ac4ff4579a8a33fb7 1652084936405 1652084937701 1296
d92fd3b01b06d37563fef5c9fc50a04afb70ea8e120ebbd3ff2b3b979458256b 1652084957696 1652084958253 557
