4e115b6c9380f24f4bab2cb3a3465dfa41aad6fbfaeb851a901c76fcdb1c98e6 1652084765475 1652084766548 1073
7aad541dc6d2600d0e6c6ccedbd9dd1b3ca713b736f1db8cd72a87974c0ac5e4 1652084787305 1652084788235 930
12c6e9200a243e67fd2ce9759e150dd8523b9e8c9cff0582bb4619e9aae42004 1652084808900 1652084810117 1217
193ff3ff6ac22c183a88f7812657dc601525caa528ef8293496d74b4f4b2793f 1652084830279 1652084831508 1229
6b5c87a14ad19cc05fe948043b29f195ddb86636acf2fbb762def9977250b03a 1652084851523 1652084852761 1238
52d34a7800f040da2910cc7794fea6530d124cadb78bc17cee052af76a883e49 1652084872782 1652084873869 1087
4d9f60a7cebbb3014f145080869e1705ef217ea4fc410f18f89d12aac3aa0d73 1652084893875 1652084895014 1139
fc18c45e1229fe6dc6a110661e50b0b3c7316079734bdcf2443cc02d5141b9bd 1652084915004 1652084916001 997
8254b57f9ea39d3853bafde3aea9346938c58684f81bcc04e7467a60dc4bfa8b 1652084936405 1652084937566 1161
eee05c20ecb6e1413cda3d6f638b4e9b4b3601405a0d7a6f4ebd18aebf963c5a 1652084957696 1652084958748 1052
