1ebfbe02c56e3fa957998c5e82e6dd604b1f9fbd06b8468ed094beff61152eb2 1652084765505 1652084766546 1041
3fcd095d902dfc126565ac6007402f00505270a77bbdb9918485f03199b833bf 1652084787336 1652084788442 1106
d46f6e67fd1246dec5bebaa0618b8868fee4beec7b52be691267d4147d0ec192 1652084808933 1652084810023 1090
5dcb609f8e36dda9d39d3f9a748a4786170370149a2500c56c313c9022f07933 1652084830315 1652084831471 1156
ee8cd6117b492e396ddd3c003cfc72928b93b50596462ae10bd9840b9b169a10 1652084851562 1652084852664 1102
7025e96f0dbe90a9b0f004acc19d377e17c9a35c6c009c7ad1cd61e35e58be54 1652084872815 1652084873888 1073
fdca5135a5fa451527e7d42c5fe5be8f3bc56fe8d0028bc3c71e266fe5e6513c 1652084893917 1652084894819 902
17ae86af14cf1cf479e09a360a7cd3872a7b7db2d398cfd9d1c59c65820016f3 1652084915043 1652084916039 996
28d25a0d9ce346e70fef7dd3aeeb3ac29229b43f5b2801ee748d0c061dfde4de 1652084936444 1652084937709 1265
ea1ae79a873ce50fa442b659a9c9246992beb57bda3c84687d44f6a270c24191 1652084957735 1652084958803 1068
