ea02ebb0dabdf0f215df87fa18ea5b92ec49e7e3ea62e1f0c973ef1aa75e0f2a 1652084765462 1652084766011 549
f09a5f25485861feb6415720042e21ccd2941fc63be996089be6093905b0cdb4 1652084787288 1652084787465 177
3918b65bc401bf5afdd641ba6fd8c7957c08bb5ddc4290ca82ff7d78be61f647 1652084808882 1652084809323 441
22e1b46b61b5bc41fd180d383a230f99adf1413daa89789e71cd891e6c84eed6 1652084830259 1652084830822 563
fedbc8ce4119cef15d31e29b1864d4b3ed2285b31d5ebef5e3e015e7afb8900c 1652084851504 1652084852071 567
c959514762437891af71bb943485dfe2ab33a28b6cfc265fc5c3630a58aa2308 1652084872763 1652084873212 449
cc34a97632643b30a945076894c4c292c83ab957a81797ed77fb74207329b01e 1652084893853 1652084894374 521
88bd150db26d518645e003ddea7e16a02512e52b24e3fb25a371407ac0e84e25 1652084914985 1652084915155 170
033641f9849d38f1a54d93080d2f5bb86a7e15f409220c72109286feb20bfccf 1652084936384 1652084936610 226
bff75f9191c6a2e02449c36fa76211cfcda0d8e92c76e8ab0949a5755b5fb9e9 1652084957677 1652084958285 608
