3f7e831d1e0c1191812ba9a17bf22a1f3825165f86897d0f3fcc8388270061cc 1652084765463 1652084766021 558
f23bafe48057b1150bee0fa5b918be134da07eb2457fcac8188a501205be3a68 1652084787290 1652084788524 1234
ed0baf7658fec0be5a9120b47cadddf8bfc50e72a5fca6914d5ea4b3def0cb2b 1652084808885 1652084809444 559
991af3a105db214c505b64b548a3efb41812e4cf7e45871ffbfb7e8901bc1d37 1652084830262 1652084831491 1229
50b08331cbef712e67a531f2f3b7f0dfb2010cef6c42ec7f57665d1c9f514232 1652084851507 1652084852064 557
0209e2412f98aae93933fe955e702cd38420738c416647bdd96762a93215283c 1652084872766 1652084873266 500
5f5a1ebc625baa22dd1437b3db257abfabce90f47d051307d4633bb74427e1a8 1652084893856 1652084894279 423
df276659998cae1270cabff34ca5e5d0a0f4b4d272d2437f0b70116d6259376e 1652084914988 1652084915526 538
2421cf5facef979da09788e7914ddc72bf43b7a9faff2617bb6fdcff9eadcaf5 1652084936387 1652084937400 1013
e17f7064bd5b2fa9a6ec13ccb24d0dc319bc2fb5ad5e30e0a1176ea37c6cdb6f 1652084957679 1652084958303 624
