58391ac1e994d19975ef571d6d4f555a52958221d24a1b504341f95d23c1a152 1652084765467 1652084766730 1263
a374c69b2e6b586f79be7ac8d71ab72a5d9dc3d0e23cdd61aa1b4dd0ae8b3f34 1652084787293 1652084788388 1095
b2194339c712a7cf44aeb1bc2694c413730a2ea48dac0c4ae5f021292d040a15 1652084808888 1652084809794 906
0ec2a221d6677a18d9843de06ee87d06e75fd39db465ec2e83520c663d326035 1652084830265 1652084831530 1265
ba9eacd288eeb73a2c3cbd0eb21a7bd106cc706215e58dc25c3ae9a23e6fab7a 1652084851510 1652084852629 1119
9d32743353bdb29ea51367825e34aff7420bda0d11e13219ff5a22293f14d765 1652084872771 1652084873921 1150
c9aff6c15826ce4a1f3eb026b014b3f6e7b44cffc697923ce6da56ed2d8a53f1 1652084893860 1652084894267 407
88c45891c2228a50b78509a4d4d5fd5ff60a563aa14d3bad7c35860c0408a8b4 1652084914991 1652084916102 1111
f2238c4d3b07ee4409e65ba0e228e506f7aa121461890a520c1f9d1f27d200a4 1652084936390 1652084937693 1303
81ecb5141567a9931e166e1dba7e6ee8b6cc43fd308802941b04c309604bba08 1652084957682 1652084958310 628
