c2973f9fedcf923f8de58be37b3febb9f377b01bded32c9883ecde6eb20cc394 1652084765473 1652084766556 1083
3d3cbe408d9b6a8a61b66b7e04163f0a4b25e66bbae8cf9671899caea2502441 1652084787305 1652084788540 1235
7e0f503019b8c818b112fcab4a26fc2bab1993450ac16078db311c69e15e5ab8 1652084808900 1652084810082 1182
948ac46c54278b7696ee59be6296f5689ee08d840b498cfe4c414efb63d1bb0a 1652084830275 1652084831433 1158
1fdc1f2d2f47c4fd7b21487c933326ba2f292b06fb223cd6006f72332881a7ac 1652084851520 1652084852701 1181
4e81ce61c0d819743ef05e8930655b55032ce8177c8e5bc58e2f48c5ae09ac92 1652084872780 1652084873958 1178
8df7e3caf0def2662ffd55de23d0bb2e62205590a32d342c68b332500764b433 1652084893870 1652084894969 1099
108a55162020d52ae907b3953344ccf694e4d116d40a9e88f51a36240df80522 1652084915002 1652084916158 1156
c09b2bdf6f7790caf59222b9da234bc58c3a01ca87966dce7f9dbf1241efac7e 1652084936402 1652084937536 1134
e899cfdc598b339f0b69083830e23b1041647a9f87412e09c3d52eb1600b0f49 1652084957694 1652084958289 595
