95cd129eb47b42486ea31f59f422afeba01f037de4d8df70bedb259ed8230d11 1652084765478 1652084766720 1242
e841d385c71bd15d50a090405acd75b343ca47570a59e90b8ec08cb351594992 1652084787307 1652084788329 1022
73f66d567705567d8f9e9f60edb4ef66e794c08018154daca79a2e4d3fce088e 1652084808901 1652084810011 1110
da4feb04167eba8dae50e758416579a07f1e7e3d4cd77448baeaf91e6add84f9 1652084830277 1652084831407 1130
b3031a5dbb2867f7999090d584514fcd3dcc14bf5a4e13432da25a6e90cc318b 1652084851524 1652084852659 1135
e1180ca585c73d33c346c551e882adde03a65435edf6e43db822e2c300495d2b 1652084872783 1652084873974 1191
f8a26bcc60207bc8d011e8a68290cd0b3eedbd6e0ee43f5304c07712b499d54b 1652084893875 1652084894857 982
630b4d6ec66b9e40e0aa6a304dd898a7bbe32bea13c3d3166b247ba40e824c6b 1652084915004 1652084916056 1052
fb6d00a24d099984a450eed4ec8f5af3f796ec061404a5dedb79b2fc144bd8a3 1652084936403 1652084937631 1228
577962df4a62f997f883853b9352a0ff0810d06780f046dc084a1d3d39978987 1652084957697 1652084958259 562
