44ac66ebaf6b38d3c70d3f3d9db8930eba293e3cd7f4bf6048e86ed52a0a6367 1640240317098 1640240341614 24516
a71b1aa4f549e5194b1be5b2d0a51aa97dcb7087ab0adf73764799a9e3d0ee3e 1640240356086 1640240380762 24676
50f63eda28aae6e6c2d82eab23a144c3b5840d91017194d287db4126dbbf8b50 1640240409939 1640240433825 23886
8d3dfb685ae5c56de5ef15949c25658a1d7f6fb50cc14114da549fa3dd731334 1640240469421 1640240495451 26030
91e20dd500630d1a2c1b72f96cac7ed96d5649703c544c80d3c656dfb8026795 1640240517958 1640240543916 25958
d253ce63ddbf33f0628d7a59f9e10699d0488a644b725976e4ea608a36f57667 1640240571134 1640240601332 30198
128d8f9e6d19c2bf02ddee6faa2cec9c49a6edaf86ae21db8e6536b68835a751 1640240623803 1640240654001 30198
d4886f301801bce26db1553cc2e175ecd10fdf1d7cc1ccf9ded4c6b4044e28be 1640240689611 1640240717644 28033
6a68c066da810534bc050a42af120f05d348864eb0983c35705fe87ae8c38035 1640240741666 1640240767579 25913
5ec0815e3d69a2d6404f99f4ae19e8a8128b16b9cf20924329b25877d2e01d42 1640240790315 1640240825289 34974
661cfb55c4034f4065604620c6613e04a9fdc45a79662dcf8311e5f820b2abfa 1640240855106 1640240877515 22409
51b7f15912e96e04a5d1038bd5409b2f603e88d992fa6fc5952f6cb2e7bceac5 1640240905126 1640240932969 27843
0779bdb7e70719d8cd1a0fbef52074c2b4ef5628da76bc49462f0f289d2e3f8b 1640240963641 1640240988396 24755
cc4a8490c14f32f6ce81adfe6560de5657c3b7986692879e95eb476b287ef478 1640241015874 1640241053476 37602
a7a2b5c2a255f8a78e60757abd3d5d72480367c287314cd024a4a4aab3882bbc 1640241075921 1640241101147 25226
62be2d4d0f604cea43264339289fded5bfb2a1c8d5610877b813eac5dde868eb 1640241137279 1640241160633 23354
a299cacff05e91cf082f85dcd5d8503064073173955b25df4e6edd28644d5408 1640241189582 1640241228376 38794
cb966ab36e32ad82eb365d3969320d75cb1d4397d237fb654f931981b169d674 1640241243290 1640241273127 29837
acf704cbe2f9e000e2d296b64d68b01c750cf0b8fbf875ecfe5bb484164d6211 1640241314845 1640241324941 10096
6b801c52225c245f6065ad4d9e5b0ead4c647e7789426b55da4e71453e223d21 1640241354410 1640241380778 26368
ab2a4ef68e010017856d6c2b8cc6a4b1356431751d2e4ab41050460545a58d5e 1640241415408 1640241442502 27094
2db35ab3ed920a64c19321cb0529b53552bc1ed24c036716bed080eb0cb21d6a 1640241471728 1640241502079 30351
882304e16ee559a08959a82e8a9ecb3dbb8f39750213ac009d51759edbc1ac02 1640241533847 1640241562467 28620
1085020d8c7c38f1e602c990118a59da39114ba0cd1fb02f89975feb75deb01f 1640241594923 1640241619263 24340
ef07eabeb7531229b89b99b7d90d434bc5586d06fd79529a5f5a6dcd69b78d9a 1640241645162 1640241679194 34032
8745e93afb164ad0723d815807daa9b3c8c3c3b9d0b26e8ebd36347638998084 1640241722146 1640241732036 9890
d0550a78116c185c5252a056a2c5434bdcc1319159239a2701db24ba31471d2b 1640241762430 1640241792639 30209
7f4bdbb34dff359dab65580e1329da6fc1889c6b64a3fa131664c936f3ad4ff4 1640241819627 1640241856334 36707
9848a1d2bc94422c7d2c134feab4046860de79fbc4e206386e8b0987124f7549 1640241885454 1640241911553 26099
dafe67c5159ccdeb3aaf5347e04e17a4224f501e38777b6d512a8d9ab409208e 1640241948208 1640241971375 23167
e69c9a5c81bb4a8a66aa95cf83fefab5d3a34494d6b255e6734567af50736e6e 1640241997961 1640242032829 34868
796681c8c4c671350cd9e8ef7f172b5a7734b3845f1c04dfed0cdd73fd156f4b 1640242065436 1640242093940 28504
b1949352b71589341155fb165528bb3eb42f84db19f49e9113a62edff3307ca4 1640242115557 1640242147405 31848
6d6c7c2522fdbf67493e1e27fc6081fb1954920ba2a30c161d159a6c51573606 1640242177654 1640242210721 33067
c3fd514cc3814107b59492623e9fcad66847ef082d526cc20fd24ab6a99847aa 1640242245064 1640242255858 10794
ae77fcea9e3bd6ba1f84b07d1b8635b1c38fe4f7ab92ad3e1003fc4454993044 1640242299639 1640242331252 31613
6692c7b4d4c785739898cd91ac9aa687f0bb762f4fd21ca0ae486712c5e0fe37 1640242359493 1640242390682 31189
c5eea2611d1b777ba1be4df9e222993faa6d2758a986638fb9fcc5177a763e4a 1640242425924 1640242450719 24795
87fb9d9c0db5302104df54cab2872aeefaab17e41759180e8be3b081f87fc90e 1640242481580 1640242513665 32085
58c8f25abd0ebbb2f54060ec7714804d236ec549f3c14187a35842f8a8a5d8f7 1640242543027 1640242573098 30071
7adac6b9419be0daa649428d1ce7d346f8d4f69a39d50106d6ba74785b33e3e6 1640242609060 1640242635051 25991
b93a8f48071f322cbb0f3c74ea9fad7698118a2f11852f0d75c5803d797e52eb 1640242663695 1640242701402 37707
0a833b1ec6ed7c5ca944874bfb23806f0a4c775607330d95d0027faca0c7f8f5 1640242725232 1640242750410 25178
d2c94dad73e71eb57fa4b1f83f5d343e74e9f6f1e854c5b474b4b71da8bf4f2a 1640242792168 1640242819099 26931
a4f3ec2e5a245364576e7e5bfa9d4b4b91a3b41bc34d39de2b336c476c861e8e 1640242847686 1640242885388 37702
3a32971f53a31be4fabcac35c4c82ac1523811e9a4cd902405261b3a06c56cb1 1640242914283 1640242942906 28623
f4dc73d25e2a3706b34e25807443e8a131aca38e8223262ce5cc63c1f07284ef 1640242979883 1640243017373 37490
9119dba812f6703ddbccc95391da020bf0d8d5b1ae1d8207f2956ff8c1ddaa73 1640243039535 1640243067578 28043
6078351b6329c17f35a4c18db76a9f96e90bc8a2c5c8027f9cc265011b2129ce 1640243102632 1640243140939 38307
e504c1fbbdf23e74b5601de11a19cc6c9710123b30896aad2963b8728fbd1294 1640243170938 1640243199355 28417
