20c6b195800a84e2df505afd99a690c9523782d0339a3b9727433bbe2d769766 1640240317104 1640240344023 26919
864c1a3690c052fb8823ffc835151c873fbc709ca6d700ee4cebef4c4bfb290b 1640240356096 1640240382517 26421
1c8081f52559b5fd0509d99c1c278fc4a963e8db05bf1a319ba56b38ac278793 1640240409947 1640240453014 43067
e2b6a5d073e802c1a655db198fadfb749174b7cd7dd024fd113f644412c7c008 1640240469436 1640240493161 23725
aa3577a6ff639e0f1b230ef7d9729456abc63127916a529eb15e0ce0760b1e42 1640240517966 1640240547337 29371
4ac14b95b75706a7abf65e5e0016c37dd869055f2836ec8561b8c95b4de6cd94 1640240571146 1640240609803 38657
b6f3350f96018240196ad12defc6320151a6756d6e17e5050d35c1df2965920b 1640240623814 1640240664955 41141
2316f49ca6511f415edb4284032daf61d83612438f72b8851b8fe361e4fd2a18 1640240689611 1640240715780 26169
d88fd7ee5b9d77acccbdffe0482b6964b48133df9920dbdfb2e25b0b19912d5e 1640240741674 1640240770868 29194
669a644c8d35c2acf5f35b832a5e00d38cf8c2db0f19ddfa51f76c8ceb6fe644 1640240790335 1640240823427 33092
5940fe351cecd6cf6aed940ed999ac5b8fc9d02ab6442fa65a39c5aab3067bf0 1640240855116 1640240877441 22325
b3e5cced246ed2a17c22644c0a2fb7f8b8ed13733f716a48a7ddc3e2bdc1ce11 1640240905134 1640240935793 30659
6103bd0c3d3eae75424cf501ff4202428e609c7e06b5884b61062b792feb32dc 1640240963654 1640240993531 29877
e52b39552a58bbc627c8c019dcc2a1315c1f41e516eafe8e7e17ddaa31476eab 1640241015872 1640241042078 26206
f7790724e9960710adc53717f236eaab6b9d0cb3b43941ca73194a7a92dc3e50 1640241075934 1640241113654 37720
854b082c995b78eb1da52fa7f8dfb70a421a448e004c89417326581db0972a87 1640241137289 1640241164057 26768
311b92355dda3f6698da3878dab59a48b7e6315ce536f4f2735c4c87d1c43baa 1640241189591 1640241215787 26196
a6c29831a6ff7ca83a7b44f5687205b5668e925d46115a1fadab181a1e856edf 1640241243302 1640241275399 32097
8206df41d71a1404719f62c7b2291ca2aa176ce9abcae53f4dce586e0e0bc31f 1640241314856 1640241335203 20347
c11d3c0eea95e7de3b4b53e68ee0ad6a316cbc2fb30a662b47a4032c8efdb267 1640241354426 1640241389645 35219
65acc1e4de21326ef63a70d01a83c590f3ce5cf5e60013fe420b50d762c128fc 1640241415417 1640241444483 29066
26345b0d5fc9b731122292ddffffe7f46e07b02884214fdba842fa95e8d51b0b 1640241471738 1640241513700 41962
de2d6d371aa0e868feced3c43fe3ecef6a57fbf5888c28625594a82a2b44161d 1640241533858 1640241563633 29775
957d63853865c02c4adec54a395a404d99079ed605ab0c4e8fa6a9eb171d48e4 1640241594938 1640241621259 26321
2c0708cbaf1d6c360691ebda31127b91bad63e2a9556fa3852f61c49c58ec59c 1640241645177 1640241677572 32395
e4a739e2c224dd1d1e7e917c51ba2e6d06ffa573e57ef29bd8955c6dc3f5c503 1640241722165 1640241742122 19957
4141e6cae903dccf428ee543e2354ad6fa4808bf7d0dc84c5a548a9b3859fdf7 1640241762445 1640241801281 38836
f244f28e5789462c0c7134674ca8bb415d0d451952486370c9e0a431bebb614e 1640241819641 1640241854969 35328
96b596a927db2656d5120fce9017144461bbb478bb52fcbf8d4edca963946ef3 1640241885467 1640241916494 31027
eb4e137613e28608eac2e1f011fedbaa0d92bfa47d78fda44d26610937660f15 1640241948223 1640241979045 30822
283d09c002c4abc09de422e259439875c1d74eab4bbe2b371fe1664a98ef4da1 1640241997980 1640242048066 50086
5fb15faecdc1bf3775b9b837d2c28c64286cdd3505f89138fe2c56afbeb9f810 1640242065449 1640242090122 24673
14da7dd98b18cd39b9e9a70eb014220763fe8fab804109f48c33a1bc8b268c8f 1640242115566 1640242147777 32211
2bf7a7f1241439ebcc95b94331a11c4a9377953bf2c5c1c49bf8a6cd223cd841 1640242177668 1640242212527 34859
dd4c4fb4e5f77b171d685318cf3e0eb9f355a6ca479a30a0b080658e236d8a94 1640242245080 1640242276536 31456
416dfd7bd3ecae26b7ccb4cc3145dae6e10a1730298e911224b9655f6c050fa6 1640242299655 1640242333736 34081
bf7c1556f16e7d78563ac3a0fb2102c3903a9f6a252e6ac4dd16b56720e55da5 1640242359508 1640242396999 37491
d8ac3d05234e37f9e59e8a317768862694f69e17b12777629296f54056588ab3 1640242425936 1640242454482 28546
76ab95c97ebce0a29a53b2ceb056deb54da8a541f61644791f445909bc0b0c49 1640242481601 1640242522090 40489
65745e9473fb013fd08ea41fb06700be12e694779751112b8cd8818e2b419b20 1640242543042 1640242571515 28473
298517ab9f4a8aa1c916ead29d98edc9afe810d9280c480e9cd203548061bd40 1640242609074 1640242644538 35464
77d37c56edf8e413c8756fbcd20741583ebd17795633cbcb1d7287f54e431820 1640242663713 1640242700843 37130
d94d77ff9bdc54edd3bbe0d4379b808b4138ff6c10899d7e288e2dad6bbfa253 1640242725247 1640242773063 47816
976321ee279a8627898948bd0e4cc5393132b236de5642d08cd5b9a3eaa72aaf 1640242792182 1640242824744 32562
2ebeb959ec6b198ea535ce0e65ff426016f3c7c6b0045a213d076089d6fc7d0b 1640242847724 1640242880823 33099
a3c35a66df0499fe7328501fea51e3379146a682bd5998c38c0bcab81b2ff938 1640242914297 1640242945801 31504
4356f9def190d6e3f652e91ccbd4777d9e141114501a10f2fee30234f50d527a 1640242979899 1640243025420 45521
31b18e29ea192069dec3b0d7efc7fa5b72f9e33552564dd5d0f53c92faa54196 1640243039553 1640243077995 38442
34a2e8a42546d119a3b38be7ea128ed169180004b027118459760a42c953e4f9 1640243102650 1640243141013 38363
1a4e9ab7a9f8c55c2fb03c6db488289afe6c52ce1b7607e267aaca9487d96ebe 1640243170963 1640243200539 29576
