87d1efd441c8a049bb9d344edb8b5433ae87c9b58f0856001b2e5b416bf60a5a 1640240317102 1640240321431 4329
68b990c13f3cf4a0c7638d71b16a0f9d14c9bebdbda9c2d830de7fd6a20fa484 1640240356086 1640240379948 23862
4c92527670c41cd9c73895e85779702e9084bd310a76d3cf713f22befa8dc8c0 1640240409943 1640240438227 28284
b731609f8af3400705e30cca2c3fc50605ab58b2b2eaa7604ae71c788c031463 1640240469423 1640240492107 22684
01515c2dfa8c0013c454433eaefa5cdfc71a0c564478da836f883d32d4554943 1640240517956 1640240545407 27451
3d96ee84f3e2c73915ccaf618d43ca27c9667b1e779d5057d86474ca1ae369e8 1640240571143 1640240601017 29874
70638926648b3ab78a4314a5e45e66e004af20238d7670c99dd84760f06654b2 1640240623803 1640240653185 29382
10df07ddb339a7647d9a999fd2aabcb31f871f40b97a385d4cba8da789500e63 1640240689607 1640240712817 23210
310f772b7e2e3f35fc13aad75aacadb720281d8b83f462910aa5489335dd6cb2 1640240741664 1640240767347 25683
32bbb38e3082ecfec0adfb74ee6925a12efd09313e495f197f5f78e99dd4d2ba 1640240790317 1640240822312 31995
7d886da85d460e559a2aa393003984cc8efd05197fcb25b2812ddd3298b010b2 1640240855107 1640240882609 27502
4e14e0848f97f2d334ae8f858e4c9f58ecb51ce89120f87028665da09d8185e3 1640240905126 1640240932804 27678
023b0b4a2865fac6d569fa01b076a044a380b6db5c23b1038877abf84d691d1a 1640240963640 1640240988748 25108
1614052b7e5249b84b78bbc895088b1d4e43f239f996d0c14a49d5e0c235c67b 1640241015853 1640241042768 26915
0eebe60c56cc28ee281fe54a7538fe30e7054eaed1e1aa811ecd5dd60410af16 1640241075920 1640241101489 25569
2e621a018ed7cb8260a7eecae068d74f25afc8474e373719ea067f66d7ceae83 1640241137278 1640241160574 23296
d8970682553a7b9dbe8f184b58a1ba34d8bc6f337e93e932b9c6092a73fa7aaa 1640241189586 1640241217256 27670
c239fc36679571cb0d529193cc5f71f3c34ccef7f02ae87338dd7788474e73cb 1640241243293 1640241273543 30250
7a8ee42542fab2a2c9449bde13d6772eb3a5d8bf93ba20613a3eb87f78a25749 1640241314846 1640241329750 14904
1b9d0a2a84d0b9f5e9fdef483523ee0a29e9af66aebea9e377c0384bae43852f 1640241354414 1640241385573 31159
1fcb73cca496d06fd5e14d5aef6fa8e18de202173476ecd7532cd5fe173733fe 1640241415409 1640241441355 25946
ba88c2cbbf2156dff6aa08529f5dae67f65c3ad42471febfd1525bf8ab205419 1640241471722 1640241500257 28535
952b195e244cc90b300348f9e64cfb56e1b85feaacb0e4e7759927e40f8e46f4 1640241533848 1640241563120 29272
4685fc749c1e83b228138cc1df52f33a159f743e4963c2ac00126513c89079e8 1640241594922 1640241617820 22898
1743ff650e1ce2974046d9ae3869c220df6e97188da6c198eec20e7137051d77 1640241645160 1640241675484 30324
bb063333bf6cfa419394749ee3766115fb481e33f8d342b40f0e25fb5a0194eb 1640241722146 1640241731170 9024
0c67025cfc2522be73f0bf1ba804e62201cbadcf96a27e57643ac7944de145b3 1640241762428 1640241796645 34217
35067393bcc8e9e9bd4062e190f741a63fcb8183161847a9bffefb673257dcfa 1640241819627 1640241854006 34379
20f7ac5342505d068a2fe213510e03c314bcf5ff51bc53bf049152cd2079ad53 1640241885453 1640241911487 26034
2d47aba8ea01b0a95a8756df1bb5b598adab2beb5774b1d05a4e205457a1f3e3 1640241948207 1640241972604 24397
639cef69656d683c1c80484a2de29ebfb6d29d39042b8e65400f4fc7428761e2 1640241997960 1640242037339 39379
3b194e676ec350bd6187be7aef4d43e0b63f367fa5de4e54d66a33eb6fc5bc27 1640242065432 1640242092406 26974
1cb2b0eb4f41febcc5ce5380d436ecc94890a298502ff752ef808c147989b370 1640242115557 1640242151645 36088
53f0fbfab5acdfcfad806f6dd6bad3fe9319837350bf864de31e5ce0a7ac7e7e 1640242177653 1640242213171 35518
7169b7c96a8d6e17aadf518034cbd52b757ca103ff7ce08d94f41aca073b2301 1640242245061 1640242255578 10517
0767753745ff268e13f2ce06435c6a5afe526c1d15ee5517da950d83f45eb6b4 1640242299642 1640242330278 30636
e2390cb4d0ce3b2da39484953a1c6914e99cb7942053f2fcde50b31725019816 1640242359490 1640242389352 29862
d852ba258308bedfe6be41a8136654ceda17597effa909e3404e5debff59b87b 1640242425919 1640242435966 10047
ab8e7572b4fcd0dee5d0f38a7a66e57b968aa919cc96a2bc202338f8c89472cd 1640242481581 1640242511453 29872
0b09b9e8c59439c924d673f27540c75265875f125e7abbf8ac4869c31d92ed1d 1640242543026 1640242576078 33052
87fca0e05f4213fdb2e1e78db601ccab53df3090c71c749e5d9de00edbf369d4 1640242609058 1640242636651 27593
ff3787cdc27b1e1f010ec41e590ba3f0ca228f3c9fe0139040720ecbfcb50740 1640242663690 1640242701511 37821
e8266ee2d380a0cf1201b3666d632457e0834b21668cd89283f3adc326f95dbb 1640242725237 1640242749044 23807
efe93e4878fe319565b041d9fe81b1125e9e31cdd85242bdb5c9e3c6b5199c0c 1640242792166 1640242818812 26646
0f9cfea86315aaa0f3ff1d8ae6491c5906a9714330c3761e1be7cfe215dcf3e8 1640242847694 1640242886925 39231
9c6b65b225bbd3f9bcde6659539ba80cffe52a35f4974f606986ec852fe11613 1640242914281 1640242941965 27684
c7a115718e8def500e3bef11a95b60391ffe7f34eab1d923d502e2ccaf649c8b 1640242979880 1640242989859 9979
5ee3415aa22240c2d94d47a4b3c94f38109621cf55f525884cde6e1b68ef4961 1640243039537 1640243068303 28766
f1dd5701d6645f0b558e6db59c1f8e1265d08d5c6050cf6a692becccc91e2d3d 1640243102637 1640243134815 32178
74852d8324fe1d448c3047fa48b20d83eaa2d35806808feea4d0eee103223ba2 1640243170936 1640243194995 24059
