a6e943fecfb9d8352ccda5f692b23aad864c543329afe0be70b692cb01cda7ad 1640240317104 1640240327449 10345
639b4d80a376a7d8ed1892d798dc14e4444fec41370498036807ceba7d89f782 1640240356100 1640240388799 32699
0e35cd66178c223a0e69744ffa7ab926c61c3ca65ce80000fc2ef826ed12ff1f 1640240409942 1640240446236 36294
830f35e57b5ae468d5d5a7dc399ccfed7e93638bc3b0de4ae0ace626da9a25b3 1640240469429 1640240493948 24519
b062416018d884eccf2175cde62940ea5546bd971bc4ac014a1cea9ef5392938 1640240517966 1640240547002 29036
2f035283fba3e8ed0847c9b61ba559d720a49c280b432e273567ee580f8c1068 1640240571141 1640240600942 29801
3b1f873012703fece34bd9209da5c46f03f7e7a3de669618f928a342cef06ca8 1640240623811 1640240663720 39909
311612688529b96ce9a0ebb53ac1d3684076bc009e00df1f5f1e9503561dbaa8 1640240689612 1640240716868 27256
e59b590e78743dd1ac11b5ab5f9ca2a862f74c4b267701acd902ae4b4a0a36aa 1640240741676 1640240784336 42660
021b280670d3b63672ecc1142bee450e41cf0876550fdd7d275af712c0d13040 1640240790325 1640240825631 35306
ad535b7f376dbed045e43301222c6ce1f7f7735a13aff65309f001c63d5793e9 1640240855122 1640240878027 22905
82dccf5bcc0b3c7822eec891bc5c1d611414cad1eb03f495d0d433784e728aa7 1640240905138 1640240938642 33504
388f6f92f10178c38f03154501f2def4e8b65f2f01e6855807d6ab5b507b4167 1640240963650 1640241000782 37132
68683889695f6bea65af74d06b0b64879401cc5f3b6005780937b3dacb6195da 1640241015873 1640241051155 35282
077e4251fbc7bb7acc218cbf5e54673ab9c0163ab8fb1293a58ad27185fda5e6 1640241075937 1640241111048 35111
0b15513cb2e9070a0c1a1e0e4801ba2837fd88c1883b6fe3161cd394eb4dc34f 1640241137290 1640241166258 28968
5bf2abe818ea70fa8c1dd1691901ca89629df9e81b07150fe4af2ffdb7b2e1df 1640241189591 1640241222528 32937
6ec19cbba7d99559681f18c76b141845418306647281f25192dbcbbcd13e89fd 1640241243301 1640241274849 31548
194f115b269d0be5263a7dcaa9af7a6bcd24f7e88f23a765c00b417546b413ff 1640241314858 1640241331547 16689
07b169b6d36e0657c7ff412fb0c2df44ae09df628397789a4c3f877911667008 1640241354421 1640241386420 31999
c6ce5367113ecabf2e68c05a876136db5bc2dfc900b46c22b86bfb9842a1554f 1640241415414 1640241443863 28449
e67afc8483dd56a4750a76e79d103f901fe1adedb046a5ac9d0191c50068e4b0 1640241471736 1640241519171 47435
0dc5193283b452528935834ad16fd1fd31fc46a85d50b93d116bb28a743dba28 1640241533859 1640241570740 36881
49a472b86bc689ab1ae66a81c39ceef37814437c618b82277fd8d09c545484cd 1640241594935 1640241621179 26244
09dcdd1eae4b800232ab1e568554660240936c1d427e27eeb4363ee8cede2a93 1640241645171 1640241678736 33565
e044e8082458124cb04ba0f3fd98ffcb1f29d87c7bc5780356fc859807c74f27 1640241722160 1640241737689 15529
a3871e4c0378f7863e86f5cba33c055b427d0f99a3897478c1cb4e56158f7157 1640241762440 1640241805041 42601
ab22ec0062f6594de7460774ee9f40fdc4859c67ff0e178e4f4fc70c84213d8a 1640241819641 1640241859677 40036
d2bd080ea7d923c6fad25462f358adbacb328611288335d8daf63cf62a05f3ad 1640241885472 1640241914186 28714
6609b033cc5158f3c92859f263807cd1dee015514590d842b4f9fbd04d721867 1640241948217 1640241971867 23650
b4cee33fda3eae3e8c8a64de6fa5029a8e469e98c51f472008a7faf315c581db 1640241997973 1640242042317 44344
2b6a62d06dc1cc9af24c68947446c0e2442fc63fea1a182016c56122833f85cc 1640242065448 1640242087137 21689
8f8cca8857e1f55c19fbba0b3869d1e1450c97b5f69f88690becfd9359823803 1640242115565 1640242148344 32779
9fe582e84dfe2aad0526c630851e6e2f21f7f0f9216346a940a7e9a5e9ddc3b7 1640242177669 1640242213048 35379
bfb0c1617be594c06c1a04f7013d9b8aa0a70de68d1adbc1cff5698c793baa7e 1640242245076 1640242274720 29644
55016bb329d4995a8c39339fa741928b2b247e6f770be9c16f3d3aa51a1267b2 1640242299651 1640242331181 31530
fa87acf33d9713aeb58aa10c177265123580eb7aaa31bd092dc2071324e3add0 1640242359505 1640242398087 38582
9b2175bde9a451bb02bd1e367d1fb0c22a9935f5afad39af6d1043299b71921a 1640242425937 1640242455741 29804
6bf1b6d7527303c0ab9a4c6ca5321598fd5300f0bd2454c2e606c1f6ca3d8d36 1640242481596 1640242519253 37657
c0fd411b8e57164e2d31164e5905c349418a3fab18eb34394440df8044e401ab 1640242543044 1640242577208 34164
0a5c002e22479e800d5fffcdcf9048e60f4ce28478ceafc99cfc403549a65453 1640242609068 1640242637485 28417
1624f3256875de62f78d99ec8dafa9bfe866eaf5626d3360c30057487076f296 1640242663705 1640242704055 40350
aed79c395b65c3da65deada809d119e2227e0dc3dedbe063f365f4b3fb286454 1640242725247 1640242759987 34740
c8560cd7e1c1bfcdda15ee4f68235719e71cb935a8e495aca2ff84b3d57d4b0c 1640242792176 1640242816878 24702
6f7893eb901feab376c18b8263094f2109cfedbdfcde019d380e93c44c32c789 1640242847698 1640242876125 28427
34d7d230f8694cfaacd327b9252cb0bcc7999591e34994e3c8517662dbf24702 1640242914295 1640242944386 30091
70fe7171dc9ae03446d7a3c95116baac2dba5113cd7eff32b4e7386cd8dfde0c 1640242979890 1640243007970 28080
9e90a9aa702a1bec39b6ec7ae14b1550144808fd54d61c4c9f70045c5bb70c69 1640243039547 1640243073978 34431
e9cc62bd761d9c59143ed67b86be2fea24483bf07e31906da4d9a04dd66d1d73 1640243102649 1640243139371 36722
b1bce01251cb2a3c2518a1d1ac0c826bf55ae62941f2307cbb80c716e9d1ad9d 1640243170948 1640243213703 42755
