536fa38fdedf4033ce5197b7567f3aa63af21d51de66b180ad50f22785b37dd5 1640240317093 1640240328531 11438
e7100c202ebe3e9b965d59ad256667b5185a09405ee49fd273ed437e04098049 1640240356087 1640240381093 25006
d0930f7b20c8b155a414a5d6852354bdb91138ceb9c135e943a37d1e7cc8d59b 1640240409935 1640240435921 25986
aee21868896831c449a461f24a370d8ff667a28afbd185be38fe11d869740caf 1640240469424 1640240491131 21707
044a11598c34ee9626ac788088172dae9bfa97b54c554d03e9fcdb1d6a9d5df0 1640240517961 1640240551869 33908
f267fdc8530d3292e01a29c155e4d41b873f905d1b7bdfaa4815572eb73b4f99 1640240571133 1640240595724 24591
ce17df593f37ac93a1e5d59314321acb877a5c771b138585869a3796fef7480a 1640240623805 1640240656242 32437
38e7b49ebcf8e6ea1a2965de0350595bf2ba0215f5e688783b6cc84c9e5bfdd1 1640240689603 1640240708722 19119
81d3039a27132ad640ac637325f64f9785abed0c295a35e274eb36e1346a8b10 1640240741665 1640240768495 26830
db2bb02a1aee13ddb5f39cf5505354d7982922c914c532f94dd2db483ed2fa20 1640240790315 1640240820944 30629
d91d096a0238b8b926802b5ca2f7f681e5ae21db9b4503f67a245c64ad69d366 1640240855108 1640240876658 21550
45ea59cd932ea8cff416efa54915cb6c09eb7ce90c172d3d831d2d87fffb0ec5 1640240905127 1640240942264 37137
5179a3cd525bae3f7c7f1904a7018548476d8d89edcd0c3a99df72ba223990a6 1640240963642 1640240996749 33107
2356d0be12855d43842e4c049c3c329d40b6796099353a8055e22582a9cd453b 1640241015872 1640241044009 28137
a383ffb7f189c50901001cc78d79a8d3ff5b8315ad63093deac52b78fdc31bd1 1640241075922 1640241100824 24902
a43753ab64680474b2a21421403f233d00e0ed0edef4c3c1cc9af0466b4dec22 1640241137279 1640241160044 22765
14e5f44b28dc96a62f7f76239a890b15b379e97709a4f2610581939121080167 1640241189581 1640241216869 27288
5be4c9bf13ebf9c572d92630c4beab9ad3dc4c52ad8e647d2f6e64757d5ff187 1640241243288 1640241270952 27664
67c79f8fa0e68290163b48e85a2387fe17387f6c7c7f1acdecd49587a798ccb6 1640241314844 1640241335891 21047
e3153325aaa26dc189e9e44271a009d11073efbe4907cd3526879d61d1b72ecf 1640241354409 1640241383427 29018
7ffc1d84e24b349f7b8ab5905d59b665a0fbf531bda875091a748d52a45aa0f6 1640241415400 1640241441537 26137
6eb590d6d753f6f167004e8292c4f4c90097abcb0490eebafb220626a0a9c335 1640241471722 1640241503167 31445
69f57a83b1d5c6ecdbe986f94efea325d8fdff567d45ecdf91af4a6b465d5aa8 1640241533843 1640241560763 26920
ea6f8f9db1f72faedaef18c3e94e75dfb55d1a96dc7b330b0d0dcab31f9d820d 1640241594919 1640241604635 9716
37437c1e24f3322f5dc05ce324b57d43608397b88449fa2ca56869d8876f96e4 1640241645157 1640241677860 32703
85ad6a0f372ff187a413cd6b0b21fbcf970cccc245fde365a56005a11bd97550 1640241722145 1640241731090 8945
2db4567bbf3bd0a3bb58b498baffe7c11cd8b6504bf45e57395e40b09d94e7ee 1640241762428 1640241791713 29285
6371f9afebfac759c05a2833366548a6d6329e10274d25d620c6c4db8803c645 1640241819625 1640241851032 31407
8a7e538c8ff0d6c7392012067fa2a5ccd3a01608fe5a26715e7b637398fcb072 1640241885451 1640241914622 29171
e89fccba9e8392c667d073ddddb3876af01595834d10e1f0894cdb838a54ed73 1640241948206 1640241970632 22426
9ac3966810da9bcaac7d1112aeadc5e6093ed633ad8191e3f1005a4ea8446049 1640241997957 1640242035094 37137
837d644c3047274bf501d9721ef5b85eb9274f0cfc1dd8e2803cdb3a1181641b 1640242065430 1640242102910 37480
ac13281bae063d54fa9a8e576cd617f4b48255dd4c8abd47c9d79935243691f4 1640242115554 1640242145699 30145
d6d4be26b400598e25bfc7aafecdcd17ca90f723c53b3b204efb43ebaf9971a3 1640242177651 1640242208602 30951
81ac4f478f92c1777b54f5c2c6efeb90c7a5f40d7b0499cd74c362292c45f91a 1640242245060 1640242270534 25474
c99b899f26c5da562e6235704bd8190d95ad0919876125b54e2bc7908283e132 1640242299637 1640242328469 28832
849f421a3a137d8401af1433cfd3a26fd33181917fc9e2335323109718bef875 1640242359491 1640242389509 30018
16c3b617d02aa3b11b3628f927ff99fd387ba1ee41e42cfd84ee213d62009b9c 1640242425916 1640242451848 25932
983fccb256e3c474b0158bff621dd63c1e66b3dab9b128dfb6f083881b5cdb12 1640242481577 1640242510431 28854
0f946e52b0e65143b7db70470a44cca0c38cf952a8d55d3c6c4288d9986e46ad 1640242543025 1640242571389 28364
fc456773a4f030696e695b40b345c0b0bc9268c36dc48a75189aef1d9f9f7d8d 1640242609058 1640242620535 11477
f5435ef22987b51f55308a3a62c18e150f798fc2a972a132b7b92c18c8f5f8ba 1640242663689 1640242694224 30535
062753a07ce9266b0ff6f594719afb4f66a8ff7fa214a33890382def817faa80 1640242725229 1640242757729 32500
f97ab58376e849648aa6f675a13ac37e6a5f15144735ecbf9d75a5ebdcfa6842 1640242792165 1640242817509 25344
d347f85d5b8ebc5b1e3920818efba1bac74eb29e325a073cf9186b8f9243bfd0 1640242847706 1640242884358 36652
589e3523281470358b60ae0d91ad157912a35472d3076d4dcea850e5803a813d 1640242914279 1640242943052 28773
f378511b8dcb173586aec32c8dc676ec1f7500f8039454dc672a7d7b4f85cbe0 1640242979884 1640243005440 25556
271a7d09e07385e7e026d90e0444cf842a57d01198d04bddc03d7ebbb3d41b15 1640243039535 1640243069528 29993
5971590d58f736e33361492b0d33ee754ffa9226cd4193f524509c810d7765ec 1640243102631 1640243134945 32314
457e19fb5cabf8b54ee425a845f0611f29d920add6e85b761302d26772fb41fc 1640243170933 1640243195177 24244
