89352b680da2596939d2080572ba8f866a8c00a4c57bfe4634d8565c3011b1ca 1640240317101 1640240337384 20283
20aedf63731d94570933ca506e1a2172a81cf2dfed81ab2f3f9911795cd8f6ab 1640240356091 1640240386833 30742
aade530c51f8e26629628e0f45ae5c3f242fab0fef44adf448e56e7b36a5b8cd 1640240409941 1640240437380 27439
7cb3feaf5be171b0bc7fceed75224f18ea91b224488edc8cb22701638afc32cf 1640240469429 1640240489453 20024
26b512f33285d03b147a629870aad9bd677f73bb1092f8094f2283a8c9a9e795 1640240517962 1640240557185 39223
b4e1a0585acb4627b2429ba465453842463b3549a9e9a921a21658ea5d43dc4d 1640240571137 1640240606082 34945
25a1bf0b5340f79932820f6815b9057da18adaa34e76f7f16654b82819392915 1640240623810 1640240658531 34721
9af526b9dbc6aab38793ca248dc686d0696e43f87fc14d52f4d2e1a50c9bc594 1640240689615 1640240719236 29621
f23066b37554cf8f0a3acb033db2225e93659e0c623a5713a1730406948d2fac 1640240741669 1640240767268 25599
fb4428035e44b0908f43c922177366c68f3fdd06ceaeec3c802472cd8b6be3c6 1640240790320 1640240821034 30714
56325d23cceb3efb00497fedb78d98c0c8c8f0a2b989b875ae4f11364ce89009 1640240855113 1640240878536 23423
0678b86c50dffd3f61bb54c27f722a394790db8698be463ea8bfe7f877e93cd2 1640240905135 1640240936627 31492
ea880176b023112de74121c1635db994071545518535f82d028d842295a52537 1640240963649 1640241004150 40501
1495222abc9c71ca1d8c89df4fd926f5bfce4570ac9d1eb571d89975bca504de 1640241015864 1640241045386 29522
4a8a2dd6a988c91c4fac9ecc734596825b3d20fcd12d8f3f4d2b3fdad418bcfa 1640241075928 1640241101093 25165
26954074140619caf6934e8f74852ccd3cf4dbd8b59bcde3818baef876673a3a 1640241137281 1640241159873 22592
a476a12bf7125d2cd90f72b5f29d29690b094652629bb80751a905a338366716 1640241189588 1640241214703 25115
92268fb1610542b364e21c6f148dac9df31efee46169138a99a875c467c920ec 1640241243295 1640241263863 20568
106578f8b714165b5cc1a02092d3d930a1840c643528dc0107692218c94b7718 1640241314851 1640241333229 18378
8e2dad925ffcdc0bb1723595243938f8da54e2b3ca3731683039db4942881f44 1640241354419 1640241388387 33968
2910e5719ccec0afd7ac3cd740aeb4563cb0cc6cd22ea18cc353b1e1583f504a 1640241415411 1640241443554 28143
1dbbe8d6d957c0a7352a245fefb1d763afd903d00feac5fa004e23f2a413b9e1 1640241471728 1640241498835 27107
71e8e3c83a6373fa6512938ca06f30b10351008af8ee30964cde61917cd743a5 1640241533857 1640241570849 36992
8182050fcf63e4e8ecd490e7d83e5c436bc74cb406d5045a868f8a02ac59ce5f 1640241594935 1640241624817 29882
ce5c83398ea7068e22b831a47a6ac375395ea798115ce98771eaa47bd40c4b62 1640241645166 1640241680979 35813
3655f671ff9ba6869f75c96ab9a0c4b42c1d8771c6849ae356c01e173e30690d 1640241722154 1640241733618 11464
6429082b869ff9a7a2f530dc3c9ae61932e41cbb3a250847f9ac5485d55aa23e 1640241762439 1640241795986 33547
8ad813e905ef92fd8ff4f3011ae7e5afdff32cdd646375371d6010a4f846a3de 1640241819635 1640241859409 39774
55bdacb35352249cd239451bf5596697fd469f7e77a17dd61d9ba2e562cb1005 1640241885462 1640241913451 27989
042ae1737a245982b8ec6ca0d1d2bdb5a865d768b510f02006d74e8dc6868e3f 1640241948216 1640241977824 29608
1ee951adaf9241499e943b593ed539e00291f559cda59e2661ef3d4557386a12 1640241997971 1640242045442 47471
658af5a3b5f01d857f440f056e4a816d4db19a3301909428276947d410d89928 1640242065440 1640242087412 21972
e643782f763efa6355080891e0e03dac85daeb403b9dbda11cc84bffe31b8f6e 1640242115559 1640242152974 37415
dc710395eccfda8b0366acfb41502abf149556db742042e399f7cf499966801c 1640242177659 1640242210318 32659
c8c79abbbf6d4b98eb01079e268e250b921279ea243381fdf230f1e318965a36 1640242245069 1640242269572 24503
c089d1c699e4493e01cb1a27b6b9aa13f8fd47a03ae5c4c36804049040e99979 1640242299648 1640242332269 32621
425c71a53e920accc85ac37e147acb42fe2c5029b54e707ae46f3666766bbd7e 1640242359499 1640242393993 34494
a4257a63c2d28db617938ddf0d8877d61948b8fa706b08fbc7d1f03a893e48a0 1640242425927 1640242452505 26578
1ac1e61ad0dc3c0287c800bc81c85f626de39cb062b95585d9ac95d8e4a575be 1640242481588 1640242513902 32314
c4bd438ae7a565122ca07fbf229b630cbbef65c0dc56de56eeb6ae558c84e9ab 1640242543036 1640242574932 31896
2d022b088eb16860666501f929b6ba06c17be2d4a5547f55f48188c5b2a2d8fd 1640242609063 1640242636061 26998
0c6651274002fc8d011a85ac333ad1cbf93d39668ef08db21e79b7bd18995301 1640242663699 1640242702524 38825
b58196c7739ca81163cbb3498c1cbd16b11df7bcdd51fac25aba03cb7c940485 1640242725243 1640242754529 29286
78bfc8ffc1ad6fc5f3372a883f82bf428a1e5e837b41db5f7e4bc312ccee3b3a 1640242792174 1640242820386 28212
0a698601b563bd6147509011a624a5054e39e54fcbc14271d6491402cbbc90c7 1640242847704 1640242878013 30309
77733acd889b07b64596019af0bb40f6ce35e10edb6e4eb233051b3c657b2dd5 1640242914288 1640242941360 27072
6ccb71cf9bd117ca3079637a1092d1aa31bb4a25ff8d7410d1eb452f40993fbb 1640242979886 1640243006911 27025
1b19b6f96062ea4cdb20cbe6088a2f3c76134364c558e5026428351d089643a6 1640243039544 1640243070760 31216
a991310bfcea604a42ab59f3a2ba95f7157afaa831fdc37b89424ee03cc7bd05 1640243102642 1640243135952 33310
cad78d9d5bbc689a7972d33f40a853b601d8c3dfdee7df2ee4729b44174eb704 1640243170943 1640243197961 27018
