5b9db782fc498f205a151ef02bdf6857f59e0049b18fae09930dd5158980d033 1640240317090 1640240321938 4848
43139ffdc6dd855480c78ff9e94ad7886a73bed84fecb0a2e481c3398d5211c3 1640240356083 1640240380526 24443
90a27a43b083661ad7aa5a009235964e4c2c0d8caf7318a92d346a1378fae21a 1640240409933 1640240434252 24319
616a5beb5f2941d4710d96f43bd057f88b9bcba5e5b47d22e9cebf1bd40df3a8 1640240469418 1640240488953 19535
d1f3a475077a6d65c1d3e3a140eea983dc064136b941970c8894ee2f1dd87209 1640240517951 1640240541503 23552
75a2c291b892b1cbbb46712447fdc906f30cb733ff79a443239d0f2066c74455 1640240571130 1640240595570 24440
63130cd7cf0deeccc8c31b171e51f51be389b54f33396c8fecca1c2149ed9165 1640240623795 1640240652361 28566
14e5dc1b9ad54b563b185ff6b4e8b59ccd8d012d34fd27aefd5a6f42ed5f9ba3 1640240689598 1640240696976 7378
d927e51c88e3a4c00d7b2ab0813137c12541fa3c86ff1f54013fa145ed76127f 1640240741657 1640240765581 23924
8c57ed0b16f4146e76214fe23a4cd1925bffe5c549e579ef4abae05c013b58a7 1640240790309 1640240820435 30126
e99102322e821a678e9df76c52da62804d254cfd8b2b3f5526529e46c7be25ff 1640240855104 1640240875799 20695
a0a596f3cdbe25e03428cef84252a32152e4731633df82fe4f56a3b362b6b39c 1640240905120 1640240931214 26094
3f5e9714babb48bdda147cc3239343e345f8c611079e00a3a69403f0806e7957 1640240963637 1640240988499 24862
7e38046a060f50e45061408d268c5cc8b77c317688b21cb08ca461835fbb6954 1640241015843 1640241040828 24985
b26a80d6dea423668c60f092e8f1ec041e4dc7cc15fea1118ce77f02d8eb5cbe 1640241075912 1640241104264 28352
4134d991e23752cb8c00327f6ae031e0881c0d98751f6edef1a24e017eb455e6 1640241137271 1640241145213 7942
c693bee4fedb62ac0c49a04087617e560605e22dc1a0fb01e052120032242611 1640241189577 1640241216708 27131
2d728d476953459c80f4325542e80bb805d748c6472fdba7c8bca11f47feca79 1640241243286 1640241270527 27241
3d76d94d2bf8eec8db84466a82cefabf7d5f874d8dbeb0e7eb290153b1d445bc 1640241314837 1640241322397 7560
caac7eb3607371ecd6171baba2be1bd6929bf3ed8a7a7623352c70db9e1a5b6d 1640241354403 1640241386245 31842
6f12ec9a795fb5b1de3bc373aaac5a33d3c171573e3624e280e20531c9816a2e 1640241415396 1640241424556 9160
1b73ddaa8d1d8c43aeb6edb338a0a5f6618b092d42644094ce69ddfd12c3b1b5 1640241471717 1640241498104 26387
5f062528b569e36442e658d241dd505b796a33e0ea6dba3e55c654b5b719faba 1640241533839 1640241556848 23009
a9d8b110e0c713544124aceccb8de93c3313573ec975be51d645fe94cca9aac2 1640241594916 1640241605565 10649
fa20e672b6af490f7098a8ff9865a439565699ad920a3aaf2d575979c9321bf5 1640241645152 1640241679043 33891
cc344ee56fd9f8e6c4aec4410465c5489dca957b3e5b4dac8c15e9568166973b 1640241722140 1640241730828 8688
cc10400e37256ec84adf7868578781a2c45f34774f7922b78fc4cdf4f05891c0 1640241762423 1640241794593 32170
5fd153f33f4a8490bd82d2fb259f47adb54bb20b81d0e1525d1c32186b7ac42e 1640241819621 1640241848730 29109
a64b0bf5540f577d563dc93408e715478e9bce53eae5316fe6423bd0da54d0e1 1640241885444 1640241895656 10212
8a3a2a828101b0b3f0260522098c69e35f3a9b55694c3b90f3bcc4b36d653ccf 1640241948201 1640241957651 9450
9abb4f45cbd3a9459954b910e89181e506cb3bb689da435c4a0ca11bb51cd47f 1640241997953 1640242030862 32909
f027e4b03691fc0323610ca6715b622ab5c3016e0ac0036ab16a3f3bcf070667 1640242065425 1640242073880 8455
4356529b0d6cfcd74ed043167346d9744e393d9079d3912a69dc62db4723b45e 1640242115555 1640242150208 34653
e563f55a44a45a151dfa564f028dd9dc697e890e9fed59098eac6240a50b3baa 1640242177646 1640242207161 29515
c78d196146007344b2c96ab25b62d3b92539d0bb8b1a89129b1bf9fe14f6592b 1640242245057 1640242253709 8652
4ea1c9b15c359957d09aed577853b4de0e76640ca3506779ab9ae93b46fcd795 1640242299632 1640242309281 9649
e3207b74a19b35e3a480089aef067cbe1cfaffd536ff164e7f930d9362c60f9e 1640242359483 1640242389156 29673
0694f3fbdbadc1b6c6d0e80db1457d318cc61bff6f9dd96701e5d4c0ab228c8d 1640242425909 1640242435406 9497
ce4394190e037947a13571a5abe62615ab78ced03229db104a44d616dbaa77c7 1640242481574 1640242509952 28378
4818caf62867934446f799c2a70dbd5d245cfe939eeaaede4898801900041af1 1640242543022 1640242571947 28925
b1085af7ef901b86407b2835e9738beea65c6600c323b885ecca85b23df27d3f 1640242609057 1640242620422 11365
9f9b22c0d474a8b43921b6c6d0700c82af591a8dcd9c757d26c4fd0b8c532b7e 1640242663683 1640242698209 34526
1c890f18dcc600db0c251a80f0d4fd2cdba50b821afcd89e1b272e4db15f12f9 1640242725226 1640242752803 27577
9aea6ca7c95895765a4f44db57853022c9ac32f98f0921fabd5f86c138a66ce0 1640242792156 1640242801150 8994
d9776daec6de7785eb20caf3f75d074999063cd892a844e9d9810e00a3384275 1640242847676 1640242875639 27963
c8b99244504f6eac22f6398e9dcb7808a281ca7aff6158f0f7bdf1f7facf2cae 1640242914272 1640242925151 10879
824dd8dce3c019de4b31c0e80278e6733937e9b493013e2bafec64ad29c958d0 1640242979874 1640242989130 9256
4c4d5e2b622641b66853571174bd20575fccf0862196ca72d79160cd346bf1f2 1640243039530 1640243088404 48874
f4bcb339eb51b2b378c61641266ec245059b8f17ca243d8c76f5b7069ffb4ea6 1640243102625 1640243113204 10579
2cac9213cfa854d70180719ce09e04352810406495c5df271d6ef3a92e59c6f7 1640243170931 1640243198283 27352
