f49b371a3ff3af332603d0bed7ed9890d5614985d4a6d229fed5ffa9afc05618 1640692233530 1640692235040 1510
c4a777d6dc6783e0e0144e202414d50228ce938b9530298f8cc5b024832ef5a8 1640692267420 1640692269331 1911
ff0b04223671abbdece714fae9e7891cb4436d50e1e8d84c22ee352ed5a7684d 1640692301090 1640692302811 1721
73d92134f19dbde387090dc8ee6eb0135e99f444330d645688ccd68e5e2e8138 1640692334837 1640692336460 1623
8952ceb115a6c2f71b3870dfc4c002740287e2653388360a2dde80cee59cef9e 1640692368227 1640692370021 1794
bbb6cdca32ace87c1bbdf0f3d3f8106b0286e015582b80a8fe4d4119bb3512d4 1640692401960 1640692403817 1857
75e5350c461b918364679089a932167a093b6de18c92f52891e2d00af134c67a 1640692435348 1640692436854 1506
54428d4fb20c10e517b4cbee749a2d8d448137ed98e1635fdb3a616ec5245e62 1640692468562 1640692470388 1826
72f5e80b2dc0830fb6268ed2915d560126795d8432b1308cb02eab06ed9d47ac 1640692502292 1640692503398 1106
685c3fd737173cbc75d01189a2ce21e04ee948f3eb2c71c1de16a5903f68bdd6 1640692535618 1640692537036 1418
b3d8d5a9a156db9d7d6cae1ea2f3e92c54845217855bba67516731d0099f3ad6 1640692569030 1640692570729 1699
466f87f58939b58f54d80332bda4a32ce55bc9ef8550106e0dfb677d21476378 1640692602443 1640692604124 1681
a3a55ef7035e03b5fc1f0dc86ba26f3149f978b4cb0d934038323fb987800970 1640692636134 1640692637675 1541
c37e3bec0b3aa6b48ce9ca51c11b5d335dbfef077c294729e2f0f52639c26631 1640692669733 1640692671567 1834
36aad089153f78dd8fb45370d07b2a60401bdb7b7ebaa240b5eb2f67d0b4c898 1640692703759 1640692705529 1770
8bac7847848a48047d2e522b348a0543c98c50a2e4f32a2e3767c95d13e28ec8 1640692737516 1640692738569 1053
50718a9ab23d26e617d346ed111ec74adf53b5ae04a4616ebb7a37ad8a044881 1640692771459 1640692773191 1732
70681b2cc1d170ec850d1dd5ff552068cd34223c7ce10c72ae4772cde9e10eb4 1640692805143 1640692806408 1265
6b97461dcd0e6960b741b2a448067acf114682adc717deea02de135eb52266cd 1640692838943 1640692840415 1472
a1baf879dedad8c1a77be5723a569600a8b3b8b9945498c3cae39ab801225250 1640692872825 1640692874101 1276
