146f9a56184f4e4382158a1a3a73b819ff8e2bbed62af1444b3ae1bbac461c74 1640692233502 1640692234162 660
1802c03e7a04adaf22b2ef3b07292260240b6afd0471bb081508e0e51379049f 1640692267391 1640692267796 405
5227d9d09d0350b90d202552fb6774633692fd1ce964e6b3917b6ac1530195b7 1640692301061 1640692301512 451
0f3faa0d898876bb381cb302fa5265d96997e61abedca72c74b0ad6ffcf892ac 1640692334809 1640692335313 504
be0f92a435676c2a2b8a5347a009faa78aa5253ad32303cd52d9f9784d979549 1640692368197 1640692368643 446
3f6494c8ada9feb5f785a69d5d09e601458b162c51d44e51f71b9c2e519aeeba 1640692401929 1640692402353 424
82aa93b64d7f09851db983c789b67e7678e69aa66ae601e4b3337aa3505b66d6 1640692435317 1640692435760 443
8b90d4d20a48e0e9d984b09d800c07c8425b53dafeceb41364fa571fc13dd010 1640692468532 1640692468965 433
451f40c69bfb8db09d375f72846bc6c4460b6dd9c6b989d8b972d5383cbc8530 1640692502260 1640692502644 384
c36c15037fb6a5716a47175b405a1c284bafa313240e9932370b2c620cb76fd0 1640692535586 1640692536206 620
3ca3fa03003aad653130b11763502ddecc6091d9ea3c8edc007d1a53597f4fa0 1640692568995 1640692569491 496
76fce0752a74b32284edef4490a2af16fa726e77027d3434f7d90ccdd5c275b3 1640692602412 1640692602852 440
1bc1b63d8f75b4c0be0ca1961f2e978a4cfb5189a4ff0c8358075b8f0c6557b2 1640692636102 1640692636527 425
fcbe8f522328d1f68117231c507f1581563e79bad5fa3d0c6746d7153ee67e38 1640692669700 1640692670115 415
e9c217e09ee08caf1aacfb443ab451dc92bb692dab95ff4946228d10e2db7c03 1640692703723 1640692704153 430
1f9029ea699989ef060a8a9b026e0a41c48b61e60eb93356df0840e204e1f2cc 1640692737485 1640692737877 392
ef132fb7d8993247ae98faeb839afd0b0dfc1bcfa067fcecb90c545f0c7a3c5f 1640692771428 1640692771892 464
d8a352dad8a4832e83e8fc301208905f65ebcd70d4c61fed85acf7ee089e19b7 1640692805108 1640692805472 364
723cee06f8249e65308d50c1d78951e677241ad2399b13a72b74f91a74c9711a 1640692838911 1640692839317 406
fa76942856a1b34563e1dd07f030858972c217acc7bbb2832adbbe5091ff79af 1640692872791 1640692873261 470
