0999100c520b65036912c36800dc2a88561d0db8deb88ef85e5b96782070a42c 1640692233524 1640692234751 1227
b84f8d18d5614ec0820dcdc557fbe3970e4ef83c6d1b388b10cfd0616540460e 1640692267414 1640692268865 1451
a5e4ae8681881ac20337f9ae06d7e642f0d780a544fd4b2799fcf810afd0c78c 1640692301086 1640692302514 1428
0721d7984597ad50f7d9d46d980e5636f266feb62e888b5b6cb67139685dc498 1640692334832 1640692336391 1559
7c6a2d70b1583587a1108ccefe75cc67ed256805318a9d342fdfc38bd5eacc00 1640692368223 1640692369582 1359
1924c4d26ac441f09afaa0abbae71f516e1d010df6913b9ede9ff5cc072462ee 1640692401954 1640692403374 1420
e89e62e5dd47459df4717ebc5d274eafb8d314ff246b0d058533f0f56f1777d1 1640692435342 1640692436680 1338
05dcbbe75fb798d85c179f357aca71da80741d033b1c781d1b5799fe9d790b57 1640692468558 1640692470043 1485
62d173c917f7ebef25f7233cbc3ec8d2cb493011334d433ed0fc86aabbbb863b 1640692502286 1640692503564 1278
eee0ea4f082154d172bb86eb7458988e026c94a956af7254ade8399a888bfbce 1640692535614 1640692537064 1450
0d13dfb8e9b6120dc2d1bd8a610cc9f1a99d7545a0bdf0baa6e04629e6e5a1c3 1640692569023 1640692570389 1366
d8c8bfdb7fba669a228b8dc5e2309edf02c88c3a2fce9b26a745389e0b35acf6 1640692602436 1640692603690 1254
6169998e30c5dd5be84dac03fde1c4ba4c53e3ebda42552e14842bbc1819d623 1640692636129 1640692637529 1400
8a6ebd858761dfa4d35a1515d4dc80accad51e49b70687208e5b374551130e6f 1640692669727 1640692671281 1554
b7412ac907c4ea6e75fe71078216ae48a59f640c7ba4270e2188a880d1a3da35 1640692703753 1640692705237 1484
58240ad024680c0bba3218048cabd06a2559d53299b56fc0d9f9a37eaecd090e 1640692737512 1640692738692 1180
9a38b2e55b1be24ce9253d02317a8694d0f94a78f227e5bb9771d340f1273856 1640692771453 1640692772876 1423
d17676bfbc5915b6ebfb7f093d730e972ecbe377e7c05513e97846c387ce4032 1640692805137 1640692806625 1488
230085403708a960082bba9551a9baa54efa5eaa217e5f3d8d5b20ab25c79cc9 1640692838938 1640692840222 1284
51742d1e5e9b747fb469c5b4bef02ea9787ddd345a8c6dc284083b4d6e2b5762 1640692872819 1640692874085 1266
