7363b7b69c77a4fe80c287732a5b41a1a1fa09c5e747ed5aac3facb08ae269aa 1640692233519 1640692234634 1115
f072d3856c635bb707778d0f6d1f58f3ee44db5119ea1b46c73dc1cac92f8bef 1640692267408 1640692268651 1243
b9c29a41a04384c8a6c71ec18b0e068309da788f94e27c4b4af0f2be351ddd8b 1640692301080 1640692302292 1212
71aa6d2986aaa780efcde7b4717e2cf4ddd7a6a84c2892d1a16c7cfabceca79c 1640692334826 1640692336001 1175
6599c7d31cf8f7371194fa8a29cb55d60beb9f4e4e5eefba346dd31278cd5a03 1640692368217 1640692369110 893
12ec55c1d57490ce1b4d867765c3c0a70dd70e9639f4d9d711251738ef192fe6 1640692401947 1640692403361 1414
7842d6dff2ccd0cce6f62438b5aa05bf3f909169e219b4d8bc0067144263ff20 1640692435336 1640692436532 1196
b703f4bbdba092a259d1d2022aff3f2c834545ca0ca1bdd7581040c2e8ac00c6 1640692468551 1640692469597 1046
74b74c09a3676808d619a23c6e33279d60f4f26e3ffe47381b9f25d4a34e2727 1640692502279 1640692503817 1538
6eed5a4a297f093fdf673c70ca0bc5c654837d18bca6ea6354241307f1154975 1640692535607 1640692536707 1100
333b96ead83d29d0ef8bb01e3151e573c00a71d3c979f492cdbd47bf323fec86 1640692569017 1640692570024 1007
c3f58ed52a643dfe48ab11737e8d29121b911fe43224cba4dae92fcb31d6a4dd 1640692602430 1640692603378 948
ce724bc2beffab773c3a9a8b188ec84f801254124c900ee1b1eea7c34689ac7e 1640692636121 1640692637638 1517
d3e1dd30601acaca7eb8262c27ec97ed57a429645bfd7d68f931ba38913dc292 1640692669721 1640692671088 1367
15ddea914ab41e295a578de7cb168c6b433be06052fa3c7d875cda1e23e215b9 1640692703745 1640692705187 1442
3fd9eff52385d517b750a9f152345ce0580bc7a1ffa36be7bfaeec3f34f76b7a 1640692737505 1640692738679 1174
1d28f7d3284035d362a6e38677af32ab94e93162b37837fe9733226a54bbe528 1640692771448 1640692772575 1127
2f2c3a732bba3a8502d2b37f74e712cc4b6476a50e64c8bb01df5dbc501f224a 1640692805131 1640692806853 1722
12bd006ae4b28d7dd09a9c137c6dde28935ede8ed06c9d609729869c6473256d 1640692838931 1640692840105 1174
cd3ca6898c9009a2412b9e951ebb4e0dd2efb42c8f184ee293d36d8dc9e6e6dc 1640692872812 1640692874104 1292
