b37c3ea5d5cfc0725d506a0addbfd6ac33a7be635e60328843b53b9bf42c9ff0 1640692233506 1640692234275 769
b50735c323d34e17bfa5f8c5f57de5226da6106159886584499d293a9fb6845a 1640692267396 1640692268058 662
1564ce2a0117fc05a411d2d1bd0a711189f01be651bdd02ff1ddbbc6ab843222 1640692301066 1640692301917 851
ba8a0a52b9a612ff5631d48d5322358bf6469f2886fda143ec4bd91940413cac 1640692334814 1640692335751 937
566aeca2dc4aa91448449f3faab13cb9b9b3564485e3e8a9629eee270180db31 1640692368202 1640692368897 695
60e46cf312c80f6d5be6fcd0f87bb3def9d1136e78c7895de3f113de0512b338 1640692401934 1640692402971 1037
c7062d48c92626b91730918e261b3733a6fe7fd1220fb44c4f46af7881e66d85 1640692435322 1640692436370 1048
9438a2e640427e5e928f1b47ec8b16562ed4fbbc6b0ef55e74ad3dc448ae8cf2 1640692468538 1640692469377 839
0993cb6d162d089980f4beefba9622c1c2fb015eae86a5c1e4fc44e436ae3953 1640692502265 1640692503060 795
8bf9d555948937b0ed9f73e32accdbad330dfbdd5cf8ba490b3825bca8d23d7f 1640692535592 1640692536324 732
55f01cabfc5a0404f862dffe153c700cb39e906d43f0494466c0e56b724ec727 1640692569001 1640692569729 728
dda5388d3bcf94b22f68774d3f00c5f6133431a167926858cc815ecceb8a39c2 1640692602418 1640692603252 834
68bb0a204f44f00ff0e24ecc0581da7651cd39fa193db862b68dd698515d2228 1640692636108 1640692636918 810
d91bc1056bc4b2b6f89cab52ff4f734f0cbd149eac61325c677fb2d476ea9af0 1640692669707 1640692670417 710
dbe7e0c8f194c5bbdcd1d422a3501820d2aea59fc277f3ed75af40d03cbbb7bd 1640692703729 1640692704589 860
54880219aa3331dd6a206832b4d7f44c9281b1e5dd4b93e5653f34a53ca04899 1640692737491 1640692738242 751
40c281a5611ba0c9baa5f236a30913fac560ebb369f5df5a15a19fd8bf6dd8c9 1640692771434 1640692772315 881
e08f1ff6c5cd274ada137d780543bf3e933d1c9938a9f4d545092483490419db 1640692805115 1640692805666 551
bf7079f27a4be32ff4cc5e9d9b937395dcf4cdf44dd28011b27f29ff161db38f 1640692838917 1640692839667 750
7bc4f6bb37c015f63ebcbd1854bbcb423cb22703cea9555bb02949dc156c12e4 1640692872797 1640692873444 647
