b40111102242207dbb6fa2726eeb7772d26f4a225d2ed9c5672670ed707c241b 1640692233517 1640692234764 1247
91184f31ef799aeacfc2f837d0d8ae8c182a088c07ea25451f71c24168a2ae05 1640692267405 1640692268649 1244
ca9f3f010a44643479242fce51ef463146631880bc12fafd55c55ed49e337bdf 1640692301077 1640692302099 1022
1beca296b9d1cc037f32e9cc40e2739667d8e660f88838076a34ed6d096dbfaa 1640692334823 1640692335981 1158
da3442c535c769b4d3472c70db6bc56848a5c4d1ff5f249827e49fe2201e7a67 1640692368215 1640692369372 1157
12c7dca3415b6b03a9b6680958cc200d870cd81a5131845c5cc3a9f3b4be525f 1640692401944 1640692403035 1091
d67f1b6ae081c03eff2f6f366508471315ec8d5ba3de11706361df167b865827 1640692435331 1640692436183 852
3d4222880f1ab0753f132259e49c90fe2b45d84d4d5790205d1a948496b17d59 1640692468548 1640692469653 1105
5253483e07c1ec60822a0599538a37486944fd5f52c64167ca7f2675bebde58b 1640692502275 1640692503764 1489
b81bdeebe0c04ec1413fa2b25dcc571682829791202d8c4df4116776383cfe87 1640692535603 1640692536790 1187
7e88b716d572f644fcc1180eb21f9e212991fc9d2927056eefca5372087eaf86 1640692569013 1640692569858 845
cd4243bbd706480b39ed88e74f025a4c9f64a0377a25953c10bd3f5d7de5eae9 1640692602428 1640692603566 1138
b274b114f56fe9c0e63db0218c214a9d2eab5ffd697a3a0882a46fe8b97c1858 1640692636119 1640692637133 1014
2d304824dfc7d4a5df8ba36f0a8c79a1d2d790eff2ef1d48d3b5e93fd1811056 1640692669719 1640692670477 758
ee2df1d4b8708c109775a59791e6c782c2670e977a195dd093ead2691c674075 1640692703741 1640692704751 1010
3ad95a031b69bbdef7e0d01708596ec6ecd85f495a6566d8b5e942dde06f0b14 1640692737502 1640692738569 1067
f39a287e1532987acd1f6ec49403d0d9c4ab68a9a5fbb8d33a34cc65864c7e58 1640692771444 1640692772714 1270
3e1ccda86a4b02eda9646eb2de3188b1962956e3b8f876412ace4ad76f5b3a73 1640692805128 1640692806987 1859
f73fb53050d2cc1b853528f26135637488ac32ec4378819306a7b353344318b5 1640692838927 1640692839945 1018
01e5bd1ca705308d894cc54d00b5a1a5a6591e5eaf358a5532394a11edd68a6e 1640692872809 1640692874094 1285
