58a8c68af745d34105fe5bbe40ffd5060027dfd616eb47d4985894e6f32bcc65 1640692233507 1640692234495 988
a257cacedcff2d2df5cdd21d6bf7c45265787aea00b0162e4d1428ab8f04cd08 1640692267396 1640692268200 804
b0d2121a3581a2635da44dde60cce80af5e16574bcc7b3b0770058e7550e85a8 1640692301067 1640692302061 994
dcb0563e1e24515a88f43020fddab1f41578524102dbed58912e8a5a07edc952 1640692334814 1640692335723 909
6b72fed73150f864c38adf36326f74dd605d9b178aafc762255ec6084e5fd362 1640692368203 1640692368969 766
a2d7ba3bd72b9377e84073ffb18902d3a499ac0890bf5088879afd33623c5bcc 1640692401934 1640692402792 858
2c86a7992a3a6216360402d8dd76de843d26d4426861a41f4be8c96c608bd767 1640692435322 1640692436388 1066
3f2c2a8aa3b3f43832f893a19c9fe898cd0a25ebab2615f30d9c12d966dab85b 1640692468539 1640692469394 855
69b375b0035c64afa986f3de05d4ed6e1f5a9626005114bd087bfe41e3ce40ab 1640692502265 1640692503229 964
716b056202b70de7c17ed5647b01af5268ba309b77a13fc9a68a4520a9b814cf 1640692535593 1640692536437 844
c5fee7a8ae8253cd993fbd284298584a3c0d28479b1b56ff0a997920ab755d6f 1640692569001 1640692569918 917
c966f9e1978d73bf3db3afbd3059e3628178e6f9394feccefef632cd9eacd844 1640692602418 1640692603261 843
9d42636af1488fa2808afb533141962c03462db3e19a79b2edaaf5deaeee0e6f 1640692636108 1640692636933 825
5bca1bfb22e76528a4166d40a6538a0bb3bdebf44c9ff5146243244a63085a91 1640692669707 1640692670483 776
fe96ab73c243cffc1ad3a3c4e4c03a57f5c27e06f4ef6106163e2d349d4a901a 1640692703730 1640692704608 878
1865973a3135d5a15efef0a2c7eab2edc82539dd9af290c53400cf2c5c10d673 1640692737491 1640692738235 744
ef6b951d8014c730b87ddee7ab80ec27a394629b0909860598b8e11a236276ca 1640692771434 1640692772367 933
36f35b2ba1e93f0fc2c6f9f96c28224f2338b6a9ee2cbd6d663fe086d3827100 1640692805115 1640692805673 558
a7d04adeaac4b577948b275c594db552d212e9888a8a5c8e3c203022357b2859 1640692838917 1640692839814 897
baa56841ea632e96e3225923a9609cbfe657ba3b1e535285ceffb7653afe40a1 1640692872798 1640692873700 902
