a1d6827f7bece4f3118e38c6350556913e9bbadb2460019d1a53d52b75dc6ba7 1640692233537 1640692235384 1847
0ec3d034ea7757e9401dc3e6e3ea60e6bce0a049faf19f1cfd82e1e59ab5f654 1640692267428 1640692269089 1661
b77af8c1c12fbc6e8fedbec21c73e9b1a005443abb9b459cb61e464cf4558911 1640692301098 1640692302949 1851
2fd003ab4811508d9514e5fd0a55655f47504a703090c8a36b8d2790665e391e 1640692334846 1640692336714 1868
d6c3e58f4bbd2fe3b37d434d7fbb543570e58eabce50f699adada525f03199b1 1640692368237 1640692370264 2027
1a95a063bdb4a23022560d2d108c22c38c79fd92e32e62ef8c8ded9017de0bee 1640692401968 1640692403804 1836
22c7c69a1d4bd017d61fe8286d38269ba61c96df49c3b38704940b562bfcb5de 1640692435363 1640692437108 1745
0937b5b3d2e36d02dc195d4286375283ee71742d2121f4ef031d7b256097c1bd 1640692468571 1640692470398 1827
56958d1147b6bb97799db23d25ddf54a5116b11ae2ce4c965e6c2cd9e192d3bf 1640692502299 1640692504117 1818
c505f819034e735b5b323e33171f852c06a6264e891334b3854090fa466efd3b 1640692535625 1640692537295 1670
038c6f055b77d453d78c46be3c346f15087c4377b1319661e2356c8917711710 1640692569039 1640692570834 1795
2872b0fc8433ff638ec058ec087fd153b533311023af7ded3b4c7992fe976c3b 1640692602452 1640692604241 1789
af6114b584a979edc0e41d4b3c368d2aedda3c947a03676329341271386c1737 1640692636143 1640692637968 1825
608b2ad6b6deb7e72add86f80bb8d42057859ae1934203ed22d5eb51451f8dc3 1640692669742 1640692671274 1532
e2c47fc73ab4a66028fd8c7792f333fe88bd780e6b02fcbbf1a12b4a0f896a5d 1640692703769 1640692705718 1949
347b85a2729889de74cf0f33e353d50d46ba6fc3a4c695718c4cde347baefdcc 1640692737528 1640692739289 1761
8c437560259732c1e3344a26188538f75949e1296ff4461106be93c64fc351c4 1640692771468 1640692773409 1941
f5ed1a4fad8faee982ba9b27701495dd7adc7e3944db6dcdb84aa5dca7f069f3 1640692805152 1640692806893 1741
df78c7219d15fc619ec401a8cac47537a525bb22814892221d16746cf8d1d021 1640692838956 1640692840683 1727
1f54dece76d220e5af2b5080bed34ecc054759cfe58563fd8df46d1cf917ec29 1640692872837 1640692874776 1939
