9fec60a07d34990dba0be80e02e4c682c1de4aee303502c168cdfc4568e9c585 1640692233515 1640692234636 1121
5791556d58dc44d98bb6184b8a8838693088b4e943835b228096f9ba6c700df7 1640692267404 1640692268650 1246
5e625f9e1b4fb45b11fbf066add5e9c5a50042b5331e7bff56cb75aff81f6689 1640692301075 1640692302247 1172
e793c6b1ddb5a2686f3b512c4c5200b0af83583c52241cb68062f898cebdb5ca 1640692334821 1640692335966 1145
2329059c102c2dd936c050c1cfbd38cf6b10dc27cec29b900447c613484a3b71 1640692368212 1640692369317 1105
691435e61b093e01e03c9b8f26d50aaed6337679c71dcbb312c234390ab1b3af 1640692401942 1640692403109 1167
1398aea9c00b0c8e2c84d2338f335b6511d9955daf4579827655493136034754 1640692435330 1640692436485 1155
391edae7eca1f7c46e3b4b253ec81561aff5230a3e60d0cec5aa5021f81214fc 1640692468548 1640692469636 1088
2378836560fe63872ef1ebe4cd43ef13ae720b212ea37c60e5c2a736e58cc18e 1640692502274 1640692503996 1722
cc1521ff81e9863e452d81efa121559b03ab989ce35e510ff92498df6358314e 1640692535601 1640692536686 1085
64afc1449019c78cd83166e3331a96cf391af5c30c846d919277b5cedc602543 1640692569010 1640692570029 1019
c2feb14ff79c2884d3189063c89ac3c53f386e0db662e8208ccb8919b600de9d 1640692602426 1640692603420 994
aff598cf90805a32587d66244334171c609afb1a3b1fdd39ab4f2548ba876771 1640692636117 1640692637080 963
006fb32b0f9b70f5c9c131e5f4b953e6c05816cc8e7bba4c8c959b4641323e12 1640692669717 1640692671018 1301
4a4733308addcab2a4886242ad6edde1f86687cbc2fb21829b6d06e86e323847 1640692703739 1640692704757 1018
aacc207a5b619457c44293e1100b62460cdc9189a5aeec6fb642069034e26a5c 1640692737500 1640692738507 1007
a3692e71627bba112350b7dfd0289567fcda3c1b9830bd4cd1258809318b101e 1640692771443 1640692772480 1037
d0817e4b12aefab84b54da19f3eb7fcc2c8904ff3e0ad32efc78d01eb1d5b75b 1640692805126 1640692806993 1867
4e170e016643f5db3d89adff858d45b262aa673c65596a891aee0fdc534b1d23 1640692838926 1640692839917 991
9a2e03c24d54551b98694daafe91055dc0d4c6927574078c95af076384e7962c 1640692872807 1640692874066 1259
