b6eea1e73b2b7400a761108a7590e1107cde15333128eaae9fb617d0beca2625 1640784833850 1640784835778 1928
505f7af903218594910c415f1e90a2cfb9543a667888342e20d0ed004168829d 1640784857470 1640784859384 1914
e90b7514e09a5101dd0da9cb70855206714a8b9a93941e9fbf80fd884414d215 1640784881505 1640784883270 1765
d6406f9244101f8247d8751eb712d2c4b9a65f3b8776ca17843eac6b5f3f5968 1640784905096 1640784906838 1742
b567dc43e367755b94a407005d83be1a8c8de77875bbd57ae22fb0416a9d7db3 1640784928261 1640784929838 1577
68eb7017d563187d2d61af03fd20af9f31eff2da0e363463b91aadd45ee82df3 1640784952291 1640784954256 1965
6cdabec6f7222eaeccdfa37ac8e0a58e6bbe5ac99539df0a7ba82f301c449685 1640784976161 1640784978120 1959
9b434b6d127b8a7bf9b24ecc875f3a4d6a2993024ebac1b893dba381a02872c6 1640784999500 1640785001499 1999
9242b456611cac4743d6fb1f048fc5f05fcc3e734f6f6507b4a9019bcafea830 1640785023311 1640785025258 1947
5c4f0e02798131f2457e73a107af7ccef8371881405c8eda6974e6a822a49b07 1640785046880 1640785048416 1536
8ef6bae62dda80a9fc7e523c3515255300553d6a9445da2aa1e60ec3d3f1f1a2 1640785071100 1640785073229 2129
c6350355ba1be7d6143a14992b85176fbf00e52644d26ec916c668c3933179cf 1640785094635 1640785096091 1456
68eff2b66268f36c5349c3f6753f98ab5ea58e6638a29599bf49f6f91b855a38 1640785117978 1640785119879 1901
818c91c135e01115e584eac7089eee4ea38df1e77ee37c27367104e4fa57b994 1640785141222 1640785143627 2405
dafad2b98ead9e6e100f285501a7caea0b849ee6c5785ea8deb45514b2265dfe 1640785165062 1640785166769 1707
4a1656f76475b2d8e18316fb720c561f8a88ff8bef1a3d2cf72cd82d03e9a5bc 1640785188655 1640785190704 2049
afc4f161985214e84199a06601a173fd14bc92cf85398db24eebad0db4318f0d 1640785212758 1640785214707 1949
bd09274cce04a1867cb39f6a87a42911ce66f09b48b7706dde17c828497da5a5 1640785236734 1640785238322 1588
2b73b91abbedd3e5f38dc24a2676d6004bb753ea51a9cf08cb73d805d8c65f7a 1640785260458 1640785262503 2045
438c9c0aa9a2054627d396c19aabc26a150c3e2e0cfc52146fe2d6483d4e4366 1640785283968 1640785285881 1913
