5f951bf46da7ff44c7d26c418b7f7d7db3b3011cf5dda838a59f1eddf032eeed 1640784833835 1640784835315 1480
2ecc4bbdc2d2d932a0e05a3fd602c849d8a1e258a9e50a61c42fc80323e7cc68 1640784857452 1640784859685 2233
ceddc10a45112470016079e19759b3707274f8163be74a2c032d8618c34a9f54 1640784881487 1640784882819 1332
4e90c71ae1ee2c8f8a986f83dbd876a12e1a2ead917e4a21e0dd7af79e882e34 1640784905078 1640784905588 510
b2573837d3e5908a3be602a4ed764ac30148f7e90151a46968b01e9558032400 1640784928241 1640784929844 1603
ce6010fc6e8c15ab6e648ba7f36eaa5530bf424f90b34a02dc98c514979588aa 1640784952273 1640784954245 1972
d8aae0c3afae31e24d60823475a79d0fd85f37b58703b05a55f0e91a5858bb2e 1640784976143 1640784978139 1996
7c74c5dc1365f46f94f3218c528bff7b42ed4be846e2f0f1da03c3c226fe33d2 1640784999481 1640785001514 2033
47180a73d4e1659f0e0ad2258bde53e5fd4142851f34efb82f00d5b564fa9f7e 1640785023293 1640785025193 1900
2f9ef87fc024e065b8b0e90d4baa12ff4ceaa8addbcba636334fbb92ab5ceba3 1640785046857 1640785048915 2058
d8988d9db4032967754c40b87b7706f2d98988821d15bd41eb275ebf3caa9031 1640785071079 1640785072781 1702
844d20e2144893ad8852c43763dfaa19088db4f95cefb083c534fb2c4c6cf75f 1640785094616 1640785096267 1651
ba56da85ff5f2089398d9f35928203e2852a92d60d1b26f92836c73138c03ebd 1640785117955 1640785119788 1833
16427c5364585786f775f8a80f1a3cbb738e0129d4c969852a04cbe4b7baebe6 1640785141204 1640785143061 1857
cfa128b3ca57c7e1ac3123c6d85cf0608498e72074e273af2aecf7c4d040004d 1640785165038 1640785166755 1717
16e6f980d6ddbdaeedc606950c73e04326a308351595cb3b60115040b9ea2445 1640785188631 1640785190710 2079
fca669cc28897bd809ba9115dc75cbc09178ad73134af4c2a6be5f80d3b00f6f 1640785212734 1640785214643 1909
e6e1a24185aa00426ae2266de5254310d940d07470ded50ebf72495c171fad03 1640785236710 1640785238766 2056
8009f5fd41220291c7df6c3e72eac50c45a5ab8601b00e0e220f8e2ad5501b5d 1640785260434 1640785261980 1546
da4f370d38c7d02e8629ea8480c87dd2ca76daee98b59656a7e5888cc1813f35 1640785283949 1640785285798 1849
