3268089b9080306fa11e9fe203bfc87475ed5e7c6d07ea8a9b0bc5584b534c39 1640784833859 1640784835755 1896
d252326ca55ac260ac1c28e503c932d92204e443487fe3225f37037c14e0db5b 1640784857481 1640784859392 1911
308ea5c1100d3cf646b1353178d0146ccaae682e3738f99edb7ea1c6db54530e 1640784881517 1640784883260 1743
076cbd1608d0c165aede00efaae89e1dd30b00737f791887072717e48c7259ef 1640784905113 1640784906767 1654
1fc9e217c16b3124136a7df1e01fba7995651d2d71eb6b1fd0a4a6de271d3bcb 1640784928270 1640784929731 1461
4bca25421804a2ecf15e9865437912d6f40a364f52bf8c4c5f5822e156716018 1640784952304 1640784954239 1935
7364b371a5a8793f698ad1554ce82392a46b57a36bd7f4e459a62b5ed13d3eda 1640784976174 1640784978156 1982
706e6b146a8940e6bd04fe76fb01fbfa3ad2fe04e4cf8fb2d535fce10d4b34b6 1640784999511 1640785001518 2007
0eb3643c89662caf40ec2b7f2306f5e2948fb223b4ca5307a7a4337479c7a251 1640785023323 1640785025208 1885
e089c4ec399de553f03acd41ee5be8b7506aa3e830bdbd0bdf6429d83aa8146e 1640785046898 1640785048425 1527
a13b967f9cd6de3e6082544702f12961f7333d7fba5f9875d20711e6e95ffa15 1640785071118 1640785073232 2114
cbc3c05792cfaadb4a2d729a11aefd759f6eabb89a2ba1fc7708bd67e7f77236 1640785094650 1640785096701 2051
c05481deeec1941ae40498101180e3cb5229e8b949cdf9903230734f5a9d65de 1640785117995 1640785119663 1668
3cca4eb3544d92c9335e9b956d2505326e7b7cb34d41b14b858b04c363f277cc 1640785141237 1640785143070 1833
bd593ec4a30b835f1887aded4ea77032922c7c7c92fdff5ae88a07759842c635 1640785165077 1640785166800 1723
6ac222a049efcf6979c0b1ad5f80a59b39fee4ddc869c4258242bc1171d1a16b 1640785188673 1640785190722 2049
6e75506ff01d1a821af946217b10c0695cf16d9aaa302c86f5c4d96704fb2ad6 1640785212777 1640785214715 1938
33e0c70f1e0c65dfdd51226160339cde930ce258ed3f2fb4a4802634528c992c 1640785236752 1640785238772 2020
5021d1bab7355070f7dd4672473241f16e460a21ae285fa3fb8b055d9f3349cc 1640785260472 1640785261979 1507
f12765635e572949e17a86e15268fd10cc09d45d3a758094f0c812a4db6c2de7 1640785283984 1640785285397 1413
