7fbb6e2278366e9ea5eb0409a36622c725c5a24831dd0021e7665c6990a3f19b 1640784833856 1640784835816 1960
1e4c17fabfbee51717ce4976d4b5ea987b3c185746cc450d25023c088038cb11 1640784857473 1640784859394 1921
35b5bbcc7ccfbd4915e9e2a100b6d5cc917baf798cadf33a1aa1e619c2724710 1640784881507 1640784883260 1753
b04dda7c497929b14a247dd7756f2cd8c6a18ffb3ce839f3428f05b12c84e39d 1640784905100 1640784906844 1744
32b47508605f8f61823e011b5366d534ab14d90d1d79dbabd2b2321de7e0f80a 1640784928265 1640784930292 2027
6d1e58b10ae699e28db174b8b68674274174d85529f2640627952c54ad5f317b 1640784952297 1640784954210 1913
cba4fb031d004724f191256278a1a16424357f3827dded9f2c267558b577ac91 1640784976164 1640784978140 1976
3b4dddaf2dc00287f903a5b0775098932770d027fb485a511ecb46eb92a47b85 1640784999502 1640785001517 2015
17298ed66f1a3c0dd6a8f6d28a545b7873b37cbdaa33e923c5dcd13d77ac5c35 1640785023318 1640785025241 1923
030780d4358f7e22ab10041e224bd487ca1040b264030548338b06e4448f15df 1640785046884 1640785048908 2024
c926eda286e94631d12c899fb809c835af4d482f8920ee8c7372e4c203d59873 1640785071102 1640785072873 1771
ebe9ac13f3a5f9bf674c6541417cffd835e49898feaa79c86cb2768464822dd5 1640785094639 1640785096440 1801
e0ba536afdc2aab2bbc52090acfcd1b064b4e65e71deced91a2e09d9612e70dd 1640785117984 1640785119507 1523
17d58372bcdee356375f7832ed16fd9f64412c625407be4ef53aa4daa37fc8c9 1640785141226 1640785142971 1745
62e2c7ea6ee304678a3fa3203cf8c5a32d6310f45cad65138e3ddc76911faca7 1640785165065 1640785166718 1653
b4c5805b0f49728cb05d5347a76925293dc5fe0ef21bec75a16070dd2b3b662d 1640785188661 1640785190692 2031
6afc897521e9c8c022a4be7068531622d04ee7b1eefe96ba89d880068596828b 1640785212763 1640785214645 1882
261b1503046e75e7e00a928aa74957e638b1eb606cc0e2d5e8a79a2274476f2b 1640785236738 1640785238774 2036
242388ba43d9bfd7f28d5ecf5a07260913fc0a78f6090c73aa42ee693edb5e6b 1640785260463 1640785262503 2040
8a5bb4a66ffcbbb6cd324ff7f3447e1b73e3353cde0eda3888d58e3aa1c899d3 1640785283970 1640785285803 1833
