fde9746afa820dc8d00d4ba9ca756345b370a99ac4f015e7f80c4e17408ceaf2 1640784833877 1640784835700 1823
4de4495ad6aa2c9c46660df55a4ebaa4d91d089528915677e6bfccad485a3488 1640784857499 1640784859684 2185
1db0573eda54667933e803a546557186cbb631d22d39e0d83f517c5e13d1952c 1640784881528 1640784883264 1736
f053d9d7a913fd23a9ee1329311b00cd796a74269900fe00ee7319010907a5e3 1640784905120 1640784906969 1849
fccd310a90d544123492abc6a87dcfcdaa03457afb7b37818e1baae4b0517ca6 1640784928281 1640784929768 1487
0cf43d21b8e7ad52538e50ce00e1df4f749c6da7d8cd4878d19d664e7bd89b98 1640784952320 1640784954256 1936
26412164de74b60ffea72383aa688f411a7d74c21ad6dae7bf77fe244dd4af3b 1640784976186 1640784978152 1966
f81328898a2f2248cdaa45424980c29b0ba38b4fab47cca784a376ca5e652266 1640784999524 1640785001516 1992
2077298bc0ca0eab0e778d9c88f0871bad58a1c3f7cc3e49f30595268df6328f 1640785023334 1640785024696 1362
cb9534fb07a3d4aded4e777a5f657169c40e35a5347542eff9fe6ee8ee326b98 1640785046909 1640785048910 2001
09f6d0fa226f058d1488107b80d91a875a380279ef2c33ddd2a0701fd8f6bfc3 1640785071129 1640785073232 2103
9fdd069febc70146a1879ed4f64b619182eeb23fdc39e192c03ae7ef6bce9dba 1640785094672 1640785096106 1434
067bd0bc435006609f0c944000a6c679e8999557389388f69dfd1aabce9300e5 1640785118015 1640785119855 1840
bf64d7ca170821f0c3d6d64a8f6d6203373d23546dbebbbf068874677b418b66 1640785141250 1640785142933 1683
68af5dec049b244fc7a2256e0539af9e966759db31f594a39d55e74d97288322 1640785165093 1640785166759 1666
d91cab3f316dccfe348abe2fd44ab800b22d66383dbb6236dd4ebd6ae3043be4 1640785188695 1640785190709 2014
f47d06a35f8e8919fb928032c2378a010e3062e6e999921feb3149b049912f48 1640785212783 1640785215062 2279
24e8ffd834dd84b722bedb4b3a8c30e5d1918e54d5502dca34660c3f9ff0e191 1640785236774 1640785238763 1989
db7e9a99e7a44452ffe61758466c88158a79306b0726819827f01e9a63b1f055 1640785260490 1640785262501 2011
daa8a6720680ed6a32e100a0d26ace4056ad3d794275359af0a96a77024faf2e 1640785284002 1640785285883 1881
