49b4370e9a4e9c91402e9003811736c1fc2e8ae1d026eb289a82551681d7fb1f 1640784833874 1640784835791 1917
4e356a18caf14e26591102b5e46610fbc3a44e265212caace3453e03ff9a1585 1640784857491 1640784859686 2195
7a721ed255ff072c1b8e66c43fcb30fb584784974ba89f31f667239ff580a642 1640784881522 1640784883256 1734
b53c1f557ff3532f61bf8ee2bbd4dea83633c4c7a5ddcf09bb56e6bfb18c20ef 1640784905117 1640784906925 1808
5510be2849b99410aa248538e29a6be6c077190e84b0ff1c25f5ad55140621d3 1640784928276 1640784930271 1995
43b465028af6992f9f05987f286d2344cffe5462b0ca467dbf74a59519aa90e4 1640784952312 1640784954256 1944
7a0e22742c4833e9a34cedb8097a74cdcd05ac64d20d5ddeccded138f57e40cc 1640784976181 1640784978151 1970
cbd20997428fbce2ae4372f9d52ed067f6dacc8c121272b86b573c44e1529084 1640784999521 1640785001503 1982
9e88f2f9fbfd993df4e6625c2e913fb62777315f1080bf9ca29f981bb6eb1039 1640785023329 1640785024726 1397
6fc31f204f2bd8aede33c4ecb02da1a7ce6cb27529a158680528e34c0ec70516 1640785046904 1640785048915 2011
6cb389290a662c67af81cb8e3cff06049f4385d1b42813179dbe932375d843b9 1640785071124 1640785073230 2106
fe2eacfb4cb0b7161b1e6f20b1484d2238e083235d7868685acf1f497c67dd59 1640785094661 1640785096701 2040
5e0184c34e2ccd30808bc5c98799796485b59694957b738625464020040d7e7c 1640785118007 1640785119865 1858
9bb940be0f181197a35791ad6a60af10f0fd34069ec1a7ae03c4ca498d9e7986 1640785141246 1640785143626 2380
c62a1edb5082c528c50b731f07accb780baed13dcc9b2edcf5116d658cc2c2f9 1640785165087 1640785166744 1657
90019af258f2994765136c1c54a9716e48c06cf810f8a9b5641381ee89f1e762 1640785188685 1640785190699 2014
fea8a01bd4b68634101c7d1c90df95a912ca488cc1807263160333a03ba19ae7 1640785212778 1640785215062 2284
a3b952a324ccb0de8f393962dce2c7d0d894a75611038bf099dd28efb17f3e02 1640785236765 1640785238380 1615
f2f3a6f544914a20125c534c1c5989e92c08ebca2e2a53e085523180aed2e7f6 1640785260485 1640785262503 2018
ae55e14f86efb70a057c9e7409d027a9c1b84ac048aa8856c06a7bfe4c7ab399 1640785283994 1640785285795 1801
