8fd3a5f9b9f3c6190ba37277563316dc3c523028cdb498415aa526e4ae134f7e 1640784833814 1640784835058 1244
1fb0f7a99ad52cd8fa58cb324a58f891edc463feb3ba6eefd66b6f885ae5bd65 1640784857430 1640784858665 1235
5d75c2e16939eb15469679e951ceae1c406f0063ee3d10d9b81ff658b9bac086 1640784881470 1640784882744 1274
eeeb08a080e71361efcad372130668c9f2d1922037065812a6a839856ded7851 1640784905058 1640784905583 525
4b90a7b4da7e31aa1196a9bd454a1fb62d60edebd17e082dc3e961e8644ac2d4 1640784928219 1640784930279 2060
cc7ee3977028acccaad9c7741ab0cde6d0a7bfba1eee4340d685c424eec52c5c 1640784952252 1640784952507 255
b8470a0bf74586ed0164a6fb25717b2cfc81c0ca99e61c80ca40b56012774c99 1640784976120 1640784977344 1224
3d893fe929a6eec5632c28d7b811b4367a523e25472499cdbf19e41253b3fe0b 1640784999459 1640785000683 1224
b6d03f367a75f4872f4c6fad58c0579bde129a4723ce468f6896bb7c18b0d188 1640785023271 1640785024495 1224
c0c3d319673b2656b814c1d2fd343e96a2264dec216c6143060a4061e572c65f 1640785046830 1640785047317 487
7f6344b1b1c858b02d61107ed06fbec5f603d6ade466d8912117a12db2144bcc 1640785071053 1640785072890 1837
8ece807d03f85de3f6c43555a9e11a9849125d8c53ee902ba49e6166643337ca 1640785094589 1640785095116 527
4e6ea4faf808201762648fdf4ffe6037b30a4f16e6aaacc0270cd0c42ecb92be 1640785117931 1640785119854 1923
7a5c3635825d609cabc61998fce049756abf2fb0a1181c9a34417cc916231e35 1640785141179 1640785141641 462
62e56a8f09f34d03f2ab7140230702483aa32f44b17b532bfa47c814bc5960a1 1640785165014 1640785166283 1269
4621bd310ddadc5446fbf8e5219efaeacbbe6efbf7742ca9a4d68c2993b2d4e9 1640785188605 1640785188957 352
644cde08290cc6dcbbe9231ee23dc3c57f1e9b6cc7295b3ffd1a5221496350bb 1640785212707 1640785213164 457
0f02f961067cbadc1b671c1861413bb03d1bd6a76748a9283b70c85c651dde16 1640785236685 1640785238767 2082
2acb03927655ce0d1ba53af2aa7bd4f0e728008e34f09b1a17d834cac6f2fbfc 1640785260407 1640785261660 1253
1d836a98721956fd656b01f945bca755383a3eb52aa81dadf99e3ba72778011b 1640785283919 1640785284399 480
