a59c9e80e75f0e066afc4ffb6aecaa093824c73965a7186f8b9265a1fb884bad 1640784833809 1640784834106 297
2eafce95050098b31ba417b311fbdf9194be3be1c9c9bf6f7a4f196289181a4b 1640784857424 1640784857717 293
30e44b858b37458b4c37c95ec6ad7efbb543a96157fd0d6b04e4c1c5fd644420 1640784881465 1640784881677 212
5458fc6d8fd4a9efd9c1072b41c15edc31953e26de6369fed86792ebefa5ad85 1640784905052 1640784905166 114
09651fdca0c495e2b0818a3f0f4494282ae614685fece1ef6371631feb333874 1640784928213 1640784928389 176
f39d2fe171beab439f8f13e1b5f3f938186e55963989ddd1dc981230cf250c5f 1640784952245 1640784952556 311
6edd9358a773e67de02912fee2a9ccc0eb3610cf0184433b3b82942dd8db3579 1640784976114 1640784976301 187
ce748debda2ebbbd61d77750261d398466022f2ab086c8389ae57eec427e9b05 1640784999452 1640784999705 253
bacf7937f014708f79679d74c3244ca64c5059bb2fdce81e04c69f815e334bb6 1640785023264 1640785023529 265
67a962ca8008089b6ae0adcb57562522ecb0cc0cde6bdb08b92cd36ba6a8e6fe 1640785046823 1640785047125 302
95ccaa7242704457a645daadddb59f618023ab454909a9ac4fbc65d651bc0c99 1640785071047 1640785071293 246
1f3af642909bed1b35d72c9fedb902be7d6d1e324c217c1c6f6a28481c51ec50 1640785094582 1640785094801 219
3be46f90ae80bddfda985e9bcee8c199d51531d0f9d5c2b499ad5bc1ae89383b 1640785117923 1640785118169 246
fac0f8e0c91075c103af0f04d234659c0da1d8e3cf7e2e7ae8442a2208c892a9 1640785141172 1640785141321 149
4e9ce44e6903be38c6b44171ec5af0afedf167ab2499571be22d85a59317e4bd 1640785165006 1640785165271 265
80f9fa0d9fd29504abc4ab47d788d7bd1d6294cf8b6d452e31af96ffb500a44a 1640785188597 1640785188780 183
0eca4f9bb0d54840138d70a004b5ff5250f03bb903f401d5acab0ec2fdba1ec4 1640785212699 1640785212913 214
447782abfe5d1eb1b04647b06445310db58cfe1ed8cf2d8f229a7a36fc88b256 1640785236677 1640785236923 246
a69efb30bed097027eb078038f7a8c315a864c50e8a639301072cf211b30d7bf 1640785260400 1640785260649 249
7cf3acfa887c86d389dc04ab24b65f97d4d9ed001d4bc99d128a66e958f39c21 1640785283911 1640785284075 164
