5e588a691930791fad4ea39b22164981a1e36b6551d7c41eb65bac4702dc0f7f 1640784833856 1640784835738 1882
8cd5ce5a3fb9e7198576f9c4e7a369fa6422825e2796ae249ad69ce1f5685611 1640784857476 1640784859683 2207
7f6b8d8f92865b32c5de66279f0baffe1904a444ee53380b1d7035cda51327fd 1640784881508 1640784883249 1741
d271015db2f00c6fe66740399d73e00c585352827a4da2f870c45a62a04f0124 1640784905102 1640784906952 1850
43224ec57e0db7af2f67239f4051948e23fc63858764454a314d52aecfa3b589 1640784928265 1640784929685 1420
83667dc85fe97d3030baa000ad7ffe58da32ac6a5ec6395646fd962a71935c9f 1640784952297 1640784954225 1928
47641eca63edfbafa84b20da49bf0b84d6d39181df6f8a2fc02a473df0e262e6 1640784976171 1640784978143 1972
79cc1814202c287f3131b0615383f6b65670848aff82f0a76823afcafa4323e3 1640784999504 1640785001131 1627
6194cc87b7022512d1ad7b7f9421c204ba26609104e0eef31c7071785d52748d 1640785023320 1640785025237 1917
ad9f64f81832dd992c4ba414c333b0e9c0d26b87bb9ca9ca3ce35c2597f05efd 1640785046885 1640785048862 1977
39b784fb7e80bed7302e53e42bce11c771b7c9985869bd943ee9aa0ae3682b57 1640785071106 1640785073233 2127
71fb44ff3bc815c9e835a770e0db03910eace4cdbb47834357ceef09226f8419 1640785094643 1640785096701 2058
e4c9ed717e75c17995d7da7489a2bfd5e5c8cc3ec54dc5d8c6650c75f1b9044f 1640785117988 1640785119943 1955
7cca0b0077ffef577399941b29f7d7ad5f64b216de1c09599c32203d4582d7db 1640785141228 1640785143158 1930
abfdc699937760f1883540ad3c7437b1cdcebb035a1394f147524b260f3ea3ef 1640785165068 1640785166297 1229
5e109c5bd4cd24c28cb1d83bf7e91454d1e77009e1dfa6dfb537beac12af024c 1640785188663 1640785190719 2056
631577106b0b52d6dce887ee0b0aea81c1c01616e9692be010dcda2408415e50 1640785212764 1640785214672 1908
f3afc1637b51644702589b366a85ebae50f59332cdff239548f7b81354003c38 1640785236742 1640785238247 1505
7ad5ede90d8173cf2edf5c75231e462a9508962745351778b8f5dd253f93d0cd 1640785260464 1640785262461 1997
d7d32a709a867403f2b67e8ac1d1afbc6cbf92c752577af32922dce134a6ce96 1640785283973 1640785285885 1912
