253963fb53206c30ce094446353bd2e58c063b6031b368aff39bcd471059e35c 1640784833869 1640784835310 1441
d7716c08305593af2fa3ee67b661db41ed750587755d9b71b72ff39d00c15e3b 1640784857487 1640784859664 2177
a0a69972b762af0dad1051c2b7b0c5837e212ca1c19df75edd4d9f4d33937ba3 1640784881520 1640784883242 1722
2c14d5145f3d7a5adb3933aecf208270e5bbf54ea7128a0a012b0af73de95f5a 1640784905113 1640784906844 1731
05640852c562e4f02a575da7f10740d2e3b1b1631529319a410d3c42c92be365 1640784928273 1640784930284 2011
7940e17f6d272f362ed2b1459db4de7f55f6f9d637124b0300c28cbe0455ca6b 1640784952306 1640784954270 1964
25bfe44fb38653f6c96d37bb451678df04f01fded595f851e9d53cd11f9cff15 1640784976177 1640784978143 1966
0043cfc9505e28c38c666c1da96300d0f807072e56a64a49b0b8e0b8b577c609 1640784999518 1640785001502 1984
9b161b24f5558a157c47ed183164f5e967a05761ea8fb55aebf563e6a3bb9ef2 1640785023325 1640785025200 1875
e2cb863085eeb8f3fc66145b13f600ed780eb08a98a55f7feaf87b422215cdbc 1640785046901 1640785048908 2007
82694247fde2211c2ef73246c86947985da4756a61a567c05f598958ceb2d71d 1640785071120 1640785072788 1668
9d9d387eac4f1200d2d0ae046b0cf06aa94b408634b240fa77f94bf0b1db5db4 1640785094653 1640785096412 1759
5ede8e47b04eac352d383258aa5c622dfea8cefd9a659fd181917bb6d0eb8135 1640785117999 1640785119885 1886
88fbef9666fc32f4efe7e00341b7229d30988aa21e060c9f8849778341119edb 1640785141241 1640785142962 1721
f8de9c05379a23008e59d728f28bc0997635b6963e127e54c122fb45060e2664 1640785165084 1640785166797 1713
361ad9acbba4d06b475c0f0158af29330672eb840815d20094cf7ee19661c6d9 1640785188680 1640785190711 2031
63076b1b3f20c8069150fc2e962006889895f7be484dbf4b1fef4d4c73d94de4 1640785212779 1640785214692 1913
be173464dbe8cf46525e9364a15055fc2e3eb3829efecdcd9466cfdde7b4ffcb 1640785236761 1640785238377 1616
bd506a1655e27587d5f49d67d42de4a4a0ee891ec07d92a674f69d745d9d955d 1640785260477 1640785262459 1982
6a4c4d233aa908b4138f7273fc32241d722b35010dc3322f9933f7cc58945415 1640785283988 1640785285805 1817
