a77f6cd50b6a58ced22215f2adc73507588706c0990a7ce28d0e7606c28717b7 1640784833855 1640784835710 1855
7682f40df80ade59cd684a30f532b5244dadc12ef04da594c4a96b5b43973d90 1640784857476 1640784859685 2209
11a2af21593cd1acaa7a5184d93eedd9685d44951ecc01dccb5082950f09ef56 1640784881508 1640784882922 1414
6ad70a31f2280ebc49413e141df6870af3ffe886277d7e20c8ea3298dd320321 1640784905104 1640784906819 1715
59e19a55978383c63beb9b50051b43b05e5405708fe861f4cdd5e110e779622e 1640784928267 1640784930294 2027
fc078ae0c8c9ea8e4c0c48ef3af51a0ba0fdcda7e4197223e1fc543ce318e2b6 1640784952299 1640784954252 1953
41e018a1a201b2459f84b6fedb2849cd4b605782e789a72b24e1c0de955f7899 1640784976171 1640784978148 1977
2102157b0bd79694d9c8a415e83a22ae44ade0215d70ec7acc8d28f52752317c 1640784999506 1640785001046 1540
d9f064510c23225aa250412a09f5811a7315ae799ba981175cb26725eae01211 1640785023321 1640785025231 1910
05ebb7cf3ada9273b31977248166a4dc01eadf2d686028f7de59301bb1d2966f 1640785046889 1640785048915 2026
5c49b6d795abe82399530738af71931e27a5f33a7065faca94810827f168b7c0 1640785071108 1640785073227 2119
f7dea48ef8746dd9f93e5d93fedd1645e173cf972aa4eac5aa607a784bb42753 1640785094642 1640785096701 2059
766a413c02d49c118a4663a8a0cf86ce244314646c97eb57e9cd2e0f307ef735 1640785117987 1640785119494 1507
4bde9918887b50e0c4f0a3ae5b2a4bf2da0211db0a301279342f4c1a1392ebc4 1640785141229 1640785143625 2396
c15f6b7920587dc4a4e9e36ec537520d3c3f07b6309bb6928823c6cb519c84df 1640785165070 1640785166803 1733
bb94657e9e4137883fe310bced1cf220bc8a278bf4ed869917a8a40aa39ceff1 1640785188666 1640785190724 2058
7e73e72f698b8bb5459a55ad7ae1a56cf3bae35a268c1361c0fb0a1540fbd9b1 1640785212766 1640785214674 1908
7ec778db6c152f76ba34b88c7f1622199695508c423901cd18c50880e7c77372 1640785236744 1640785238774 2030
969674c9b5696e7717d9b7a9f5c1b167e017886a45e486fe610d649877edb3ad 1640785260467 1640785262456 1989
f4f182fd450becfb568d284ad38421958c95acb0e8a5761e85c496345528d3bd 1640785283974 1640785285797 1823
