d2b47c2566aadd61e44b54ac4366a4bf90c3de288ae666e999099fc094378e21 1640784833847 1640784835756 1909
4aded867686bfa9217e745c562c7d4f43a53fc77133312482bb6a632a3b7ee14 1640784857469 1640784859365 1896
3cd4df449f348c4a0a7664bee4a2d97bcf3cafdbcf69c2f4f226980ec55bfad8 1640784881501 1640784883270 1769
acd50c15fdd8ea26493825783ad96289642632bdc7671a09ffb3b96c7a8932f2 1640784905097 1640784906961 1864
2b6fb4c0ef983ebd657b0a830fdd60529a3850da84810caad1b079b076b97ebe 1640784928259 1640784930262 2003
c27eed8524f65b425d12f6d5f1cd4d9b18969661d171c18340ff1480e39d5c02 1640784952287 1640784954199 1912
14ba9a617a7c93ed27c895fd7c05c5f0d1c7ce52ec31f7480819e0404fbf101d 1640784976159 1640784978087 1928
1f3f05860e1bdf13797f5b0c95a0ac3d011b2d5e506aa83a545c19bbda583856 1640784999498 1640785001513 2015
737b712819c6708fb64ddcc37bfbb1b8b6225477c0eb0237261e0c8821f461ce 1640785023310 1640785025199 1889
fb7806fdbc4d0c2875426b2b3667978406f808ec415f776ddd95ca2e0d093193 1640785046876 1640785048897 2021
9994b94d5e50721877de9d6b7f445448f2c199efc6524be0e64ea469c3e290c5 1640785071098 1640785072922 1824
79fb824518d14e5f6e903a88980d6f7f9bc629ace9fc7dad151e6f29abeb2a82 1640785094633 1640785096293 1660
731f92d55217d433ef6cff86d03766e391a3adaa0316301cd423371852468abd 1640785117976 1640785119860 1884
48b5d61e6867add32ddc3d88028a9779d01675d5c03acdbb6864871d619a1922 1640785141217 1640785143083 1866
8f0c5913831d0167b57946be486e5c182f5fab47d637338cb88f33ae5b70a798 1640785165058 1640785166731 1673
f2b0523fc9d5c28d197439a7802d4cd1982e0d93e803a216b03a43e0dc1707d6 1640785188653 1640785190695 2042
7a0232d22a1c11dae8495568ba7d21b25cfc80553f51667efb92e937349859b7 1640785212754 1640785214652 1898
dfc77329e2c15af2bdde0d21dddaedad5b4fcb3df02732e09ee294735cf2ad0d 1640785236731 1640785238169 1438
3aa2c11676c456468c4adf00ee87037b0531f54510f0d404a22135f539f365e5 1640785260455 1640785262502 2047
d0b0b190861c85bc266a28f69ad9cb072e82cb54d9a72db39851f4e0348f7d8a 1640785283967 1640785285816 1849
