228e595b9030fe7e57c8ae5470831ca437223577082701fa4a31b235f4eba3eb 1640784833831 1640784835368 1537
5b01262666a67e8048637e1c9127b5baa631eec3eb04a69d889e2a1b9f3771f4 1640784857448 1640784859014 1566
44a6463cf5ab388557c75b3b5af56f5c02b96baccd8c1921c1d76f1255caee0e 1640784881484 1640784883249 1765
2115f72dc3ef05e4d0d9ff14e13134e2dcab94ad6075ef174bf5c32e36be18d1 1640784905073 1640784906718 1645
37f5289e73023f814d1a6a15d5030a416c0212693008f90c4df9b951633f0b7d 1640784928237 1640784929877 1640
eccb790676485db53c1e45f11430a2857e4aa6588e4139cdf2feb828a80e1ab5 1640784952270 1640784954257 1987
d35b4702239e0e605dfe82b7d07175ea117180e25bccc99159d351275051d01e 1640784976138 1640784978146 2008
4a7924c0d0e39f48ab66aeed45c6046805d7d6b824175eda03089606d0bba3ea 1640784999476 1640785001165 1689
65dd83a1e29ead121198a346be4c04b408dba2fc18be0f518d8bedf838714e2e 1640785023289 1640785025625 2336
1ce891418e5a04a699d90ef823aba3fe3f488ab35ea53b325e8b322f07659c8c 1640785046852 1640785048911 2059
afcc52e90779a4c7b391ba30d84f89bb7390a68e9e5ae3441fed69fe09b7d4d3 1640785071074 1640785072903 1829
182a70142472ddb62973e9426564b63b638ac59d365a258f4c87d099a42d2162 1640785094609 1640785096327 1718
984f5bc6e8f376617721732c63de360e1a4abe7f0260da0194f1194abec7c267 1640785117950 1640785119631 1681
c93540e6d45e7a6ab96509c0823d8155bd122851799af1a69bbbb74f005ee435 1640785141197 1640785143093 1896
4f2545d0d9ea9130e38dd5de325c652f11decfa789a83b558a8fb6bc71f5758b 1640785165033 1640785166810 1777
b71874fdbc8214bc3daa71710bcd271be49926aee81bb3e0a1a3a79a0c32f1ad 1640785188623 1640785190698 2075
267466dad4c29a4dd1f2716d227e974c888c05c8e3edfaf35f310f526d2044dc 1640785212729 1640785214238 1509
1d1bdef981f650035fa073aac075d8b8b9255eff33843378b181809d1e63e58c 1640785236705 1640785238379 1674
24d943aa759343b4ba28a0cbeca50d5fcd67acfe876bbad03cbb4b81821b7dea 1640785260430 1640785262496 2066
36f60c5e5a7473888cf6bf4f192d2807c8871322c7c137d462e9211b818ce900 1640785283943 1640785285756 1813
