393e803508b185ce73f92c62a567c9c05aa14e2b683824ecd115823083a7fce0 1640784833839 1640784835780 1941
3209523bcae86a4ffd5391125c0ad53fe0e6795b3e3f0e2c88c068038e9fceb3 1640784857458 1640784859370 1912
9cccb8d297cbf7d37dc10d423a4880d87711c95425fe93c92598bcafc485cc9f 1640784881492 1640784882680 1188
21486c0e69189897f0ef1e8599dc181554f8cd2337f40eaa93344ff1c513c64b 1640784905084 1640784906644 1560
eeb732a43715cde12ed05d57971561227bab836fe8c97239be379c9fbcd1d250 1640784928249 1640784930269 2020
268a8a39c325d990325a93d70458c74b6a33ef09aee0ebe700a08ef94384ed88 1640784952277 1640784954225 1948
33c3cbd1860f69e92756194ec028e081a0a1475f4f205ad3d972989c1aa8e1b4 1640784976147 1640784978142 1995
bfb5ce7dc5b5ae778ad12adff87288a23216cc18ef661931d0ef19ec0e848850 1640784999486 1640785001030 1544
84a54d10b5f71c1597b2bcb751f45cff7810880ad675aedb48ca9a134456bd83 1640785023297 1640785024772 1475
94ea8c4339d4a16b297189d2c674e92d67b51094fc249ef9455921a2093d5651 1640785046861 1640785048860 1999
5f0611b0c6192f6efc75ad2a22b47479eb039623a69c3eeac9430d422a2ee146 1640785071085 1640785072593 1508
c249677cb4cf35f30a44e0c0d658ada76e27121c9bfdb5c6faf07e3203321fb2 1640785094621 1640785096051 1430
d246ed1fb598f6cb14669fe83c8ceafa65d32c17267989d42cf81c964b1e8aa3 1640785117960 1640785119861 1901
af54a9332fecfe91a1030f3aa00b7ab39406e7b8f41f6c1e1fa13491c0c131af 1640785141206 1640785143627 2421
798cff6b4284d58e4fbd612a9f80adbe5299ffa80c6faf877503956fd74a4a40 1640785165047 1640785166811 1764
95a20a8db03b23731f491b5be97c7e74035e8440d476a4c764ea5dca6324d13c 1640785188635 1640785190723 2088
60385877c9ecf1b878b2880cedf7dd85e694fd55e4148eebdfdd2d0e6e67384f 1640785212739 1640785214200 1461
f7881f4d9ca1a87ad2272e4ea49f73013cd2450f6c327f749f76bfcdeca3fec7 1640785236717 1640785237811 1094
dca51518964f538399cff937f6b2ddf12097c2ca20ddb6d002425159b2713fd2 1640785260440 1640785262502 2062
25e66665a548ec6be354ae1b5151224958498ef3d21526f4657eb4340e9543d4 1640785283954 1640785285891 1937
