646d0090d662efa676280864b51d39ee0f8c2128011c337f8c44b9214d53119c 1640336429324 1640336446293 16969
cd61e1d9792d8006fceff41cf7cabd8b32b4cf26ba9b0230fadfa9d7e985d950 1640336471361 1640336489264 17903
c6887f137618c06ae74d995c40acc1797de861c39ba25c46a7281e9fe873c142 1640336528804 1640336548853 20049
2d1515ba8b611f2c5c9ae211bca09a442457d49c3b1d138ec697ed007e302adb 1640336586969 1640336606261 19292
e969eb2c5f9b51ba2cda51709adae354c8aa2142064543dfab2fbd535a4b5880 1640336646854 1640336670298 23444
6512ccd98ab9cac9bacad71e4e529821ef1800ec3e23b8c057056c04f59d12b3 1640336705896 1640336728420 22524
8846643b068b12e256e7d9b68d22105a698f6323d9c8522c5ab5863efa6b4c1a 1640336764418 1640336779795 15377
35b55ca6fac2557bfcdb0a37b5fdeab3dde2fbc1986d2841e326ebaae82afae6 1640336822867 1640336845108 22241
6d1a1316e43b2a1666bfc20cca388a452bbece56a622d82479bcf49318229d89 1640336881919 1640336909774 27855
4701b863f47697983fb15f4192407e076cb31295ec298875964393ee33b23a82 1640336941755 1640336958472 16717
46f5ea2adaae82b264242715b5e754fbbbea09227cc0dbb2964a81e93a94a2f0 1640337000221 1640337016934 16713
3f0297b90451e7c5a627e3413354d27ee25868361ae9af78f0cd8f7b7a5fdb69 1640337059303 1640337083257 23954
d815ea1104abb5c2c5a8ff1590103639ad50f073feaf4ef5cc127d3dcf883958 1640337119470 1640337137038 17568
7c9ed96b595e7bcd4cdf36ae084f50e28687e72e951d27ec35e792a9d8b209c5 1640337178705 1640337195874 17169
e807c505e84af8ea234fbc8f2fc9bea9206366ac3fe83798e4b2eb5317c20fc5 1640337238510 1640337255540 17030
47db8d3efdba0e6e441e4ed27286d031bd94e0d0fcbd425477bc3182457db097 1640337299029 1640337318598 19569
62142100d0b585b4771f71abc9918e7ff004f60d277b3a9d1b3a85b47d07b41e 1640337360285 1640337378939 18654
3dbab093500b5ea74d743271d63d75e0147fc3751f75d1a768cbc8b8a658074f 1640337420225 1640337439809 19584
4d37851b01b271554b2f6e33de1b788b6d6e91128138111da8ca25d6c9b7aec6 1640337480730 1640337499647 18917
034398866c485d5e0a1829aa5d8354311cbf7ec808cb88547b2fc38545b1569e 1640337541693 1640337565722 24029
