ffe7cd1dd6e9bd7c9cc2bbae6173eead2fb4cba1285ec77eab360c7ae58e1aca 1640336429355 1640336462192 32837
87e54063ca13e460fd75975be1b961671b60e152a278198745102f162fa3b019 1640336471386 1640336506824 35438
623a8258c3edb372c7d8938a471405b3c9d7aa77472762e7a83e4104a2401632 1640336528826 1640336562026 33200
037fe804e83ce12f2f40cc4f4beeb78a60ed76a6baecb84ba9bd42d421728064 1640336586989 1640336622148 35159
303b70c9ff74a412616e96fc00a4d82dea0c660f9ec41d5145bf8793c8458c88 1640336646876 1640336674676 27800
525673a4850d1f0f1eeb16d5bf5becd973df03707f3e4ee7949eb9535e208bc5 1640336705927 1640336741107 35180
bb70d11b48e34081d1de6c7ee583fd37d96494cb40916bc48471959b5b8a73c1 1640336764447 1640336801576 37129
0bdffa23fe8e058da9f8069a48e7c6844b4f49165be61aab913810b768076ae6 1640336822892 1640336858114 35222
c7238d78149baafc2d2c29aa6d669c7a41bd4773152ba82f45a51af4b5b99ae7 1640336881920 1640336906079 24159
211cab0ea4e3690fbb18bf843fe00269c2c7e640b6ce9f171f5e59ea476d8b79 1640336941784 1640336973743 31959
d446fcf01ba98bbc452d7d816efbcf1f2891c2dacd7c9eb6e5e46f96c5d56390 1640337000249 1640337033878 33629
6cd8bceb980a3861881907f86b45f51089be6e20e3d3c358f5c6165b2ff3f797 1640337059324 1640337095553 36229
9264a0689b72db03610e4402856a82452d3bead77dabe1508454439f64abf068 1640337119504 1640337154506 35002
4fbc19ba4eb60c7fe6098645740d7b234ddbe79774986e0c04219b009955b3af 1640337178733 1640337213326 34593
49bcdf88e8ce0b9144b4d5dc15cdc0a252a0952570b757680228f198ecc80c72 1640337238541 1640337274064 35523
ebc7a5019cfb81d1d28780a8c933863c1dcae93be50f0530f79e3487b80fb108 1640337299053 1640337332575 33522
39de2ecc6c80eeda9c6fe3a189fe723b71ded801dae608c62263f6575e23749c 1640337360312 1640337393472 33160
f7fe85d0d28ef2c910441616af5f1406f631c43e51b51539cf0e9d2c985aaa15 1640337420251 1640337455105 34854
56d172023e8fb87caab0e5d13e6b65cc16061063bb22c02ad5604e96a523995d 1640337480758 1640337516548 35790
4e3256d6bbfb06764969e082397e1a56d7ff30312c7cb9e23530868c235df686 1640337541715 1640337576183 34468
