0d53facf147dfdd686c9231c7c591baeba5e7bd6a8a4eabc7572ab326f5f0dae 1640336429329 1640336448965 19636
0f98c345225daa6b3afda31bde5a5aa650cb560d62b9e56c93e8794221c24972 1640336471354 1640336483651 12297
2f0d8345da947d7a42ead314c95d9919b52e8e262a2c6f7b7bef468eaa767213 1640336528797 1640336541938 13141
a7ae232d12354cb0ca430716d407d6450849f83b172374908fffe7c5b217882b 1640336586965 1640336609473 22508
a9c1e970e18db2020f75e5094ad53460ae0ab81ae553845508416c1f59dc094a 1640336646850 1640336660752 13902
3a2d05c777b58d078be6a5c07400a26b96da45b700d8cf51a070ed5688367f14 1640336705883 1640336717757 11874
05725892adf0c90a4a8fa14b997928bc4aafc8d722f651c0416869f0a5cde045 1640336764409 1640336775464 11055
1e3cdae7aac1d578ced095f0912d45578565520a7b1a51c34db8915e63d81142 1640336822854 1640336835698 12844
93ed377c5b21273babc05a6ee6b8e71a676da2c7253acabf319572b619b7f69a 1640336881889 1640336897299 15410
30ee84aa796dd444a86a5dd1e3245d24ad3cffd007a7d609bf05e274fc539ecc 1640336941748 1640336957044 15296
39ce3c768f638472d9c0c2fd1afda4da31afbb36cd088e13584da56dbfbaf021 1640337000219 1640337015944 15725
9cefd854333a92d6262dcf4f9a17dcd331dd97470c5e0d60003c18615ea327b0 1640337059286 1640337073456 14170
231f0e7f568db2737f9704757216d56a862dbce61a54d3e6db4e395e6428235c 1640337119460 1640337136107 16647
0b0e50c28ab2034494c4ce944afa310383140e615bb00fe27f8a9b22928b6663 1640337178699 1640337194030 15331
11d829f464777df6799e6e5262d9986f4b7c69abb8ddc528a2838b160c8134a0 1640337238503 1640337258641 20138
dbc94ad2a290b73c2a304a057c81bb4d3552f0910a97be6e5a053c440500050f 1640337299017 1640337313473 14456
37127c98109da08f1b686464b5b1160b1cfd95cda068bed9675e6f2f51bd93cd 1640337360282 1640337375179 14897
980d7cd541beec6dda773675f07dc694d7c2385a99f7db2f998324a0e2925c74 1640337420217 1640337432255 12038
35575d338b2f14e0a1cf26f335c20f6ff16796fdabc9dad2b4e425de3bca9222 1640337480723 1640337497539 16816
ee0212bc3bbcb465a046285da6d497bd7ed5ebc4a64ab176424ae272d468e1c8 1640337541675 1640337559795 18120
