216ec078c2df31de0df57066fe13387cf3193135f2bdb1ef221ab0567e014f45 1640336429343 1640336454577 25234
4a11a1a61c171591926b40a28679c77d969f23c21bca0a15474ce000c4df76bc 1640336471377 1640336494010 22633
bfc4ed23b632d81053413ecb893916254fe208c6e5598f9c658820a267315f88 1640336528817 1640336560275 31458
125c310ba6884114ce36829baf0bc3c6545f820c5c496d480ef764eeaaba094c 1640336586979 1640336612609 25630
d5ab8708b88b63a0b6c4dbd9bc0fb7402fda9f823dcedc64c556981ffb70b0ea 1640336646867 1640336679644 32777
dd4087af0fd924e874ade80d9250a8749af38506749f911d1aa6360520add0a5 1640336705910 1640336735842 29932
cb9589a173d91266b1f60838006e9437a09d63c8316ad42a1a27fe1e736749d4 1640336764434 1640336801066 36632
a342017e2b36f2b76ca7d6e2e8dd2efdf77d57ea23dd3577dc173862236d4cb5 1640336822888 1640336854004 31116
91170fed06955eb363f6224338d2855132765a0260fb01570eccd19be5d2cc32 1640336881918 1640336905373 23455
7f33540cc2ec9e6450ea6e079de7ae565cf5f76fa06d373189ae3d15a4f08c25 1640336941769 1640336974989 33220
2c21a4c3e2103928a216021c2440cf4a9d7ea49f0f539ef8aa109b9cfd95df1c 1640337000236 1640337023746 23510
b68e8290370aa5a231f72ae0d83166db78e66f37c03f51e7ae8eaa67e125e6f8 1640337059310 1640337095302 35992
e7969c11c0516a53610e79e6e478e32c7081c2c91fb0eb2a124f8099455d651c 1640337119488 1640337150780 31292
c6da6f4eb9cd4dd38bb74b716aa5a527b7603652899ec6806717d8850e29fb64 1640337178716 1640337206757 28041
6d68d10fb063bcb52b9758ada7363b02ab5c1395004a6b538d656b3e8cabd54a 1640337238525 1640337271913 33388
c1860a2d889726fb72a90d72ec9c37a733f701b6858e67f2718f22fabbb4fb98 1640337299040 1640337332563 33523
b902178581bac5babe2daa45ab5a2c426bf7ef002d01ff126b5cc0838a677443 1640337360306 1640337388128 27822
853e0efd976da242e3336519d793b1ed96af042f4ce81410c68d6bf516447db4 1640337420243 1640337453466 33223
272d8744c889526ebcebe45f46519724c2d6e389bf76ea4406f1950da2879d76 1640337480761 1640337520315 39554
32e10f0baa0d243e73d638be52c9816548a5fffe9d6be58075db2475f96e696f 1640337541706 1640337574192 32486
