9cba5f3a398ff06f88bd059e5b604882cc8031f560aac54699ac9e6b03ba224f 1640336429311 1640336441941 12630
6ad411422f7b76a620f94113651d6d40bf4a1d5f58cabbd0944a873ee75d5938 1640336471346 1640336481303 9957
881521d47168c651bdc0bc3029f8d9b00baa0aca62126c94f8d6b16f6e363293 1640336528789 1640336537498 8709
75723455190848198037f5bfaa7a11f460a637a49fa093c272547c1782f8c462 1640336586951 1640336595933 8982
2ad56a8f3ac759d772146693b971cc5b96dff9e6f9b1611d9e3733c16159cf93 1640336646838 1640336654629 7791
ccb57215dc9c7f5f4c9d445abc8bbc1e323d370baab14ec4519c6c901907d36e 1640336705875 1640336712781 6906
ce8154618d04641143a290437e4c4395f0ba85e8a9d276a774e7b12a700ae417 1640336764400 1640336774035 9635
a16093e475f832ca1f397210c11cb65e574fc68e1b6003581ddb2217a404d37e 1640336822847 1640336833873 11026
65b04f2988cc079d093a08426b5a5695e1869bc0c0d776a31bbc969b1059049d 1640336881878 1640336891348 9470
b167a4175fda876ca73997fe1cecc15f92cfd7dc04570d3ab6e5e454c8530d56 1640336941736 1640336950329 8593
099d5937e0143a5f1cce7a1f6453d32b421069eb56d738ca0f29ceabfc65fc7f 1640337000204 1640337011734 11530
778033a8ba88ee0d43a839e3e4b73b47db8ea684b4ac2bc0af68b8b385d4e25b 1640337059277 1640337069902 10625
7f239851ef3a7709ce602f808ff70ba34f67bcbc1d95a4518d0d25c3bb380e2d 1640337119449 1640337129658 10209
78d8fa050cd96adb27c7edbe75725bc05431dc76b8cec1cdf9690d68aafbdd33 1640337178684 1640337188838 10154
a5a292cc6db749e56b36d316e9e7cb649b6c4e6483931a173272bc3a6a771170 1640337238495 1640337249509 11014
b9104886c6feceb1663c399f8be5d9819371fdb00b18eaa7503f12806872dbf4 1640337299007 1640337308027 9020
d6dd19a30be36b25c87d4049b5f9715f9e047e68c71f333d564731e22c47401c 1640337360267 1640337370105 9838
b9ea8e9498d1f59c0092f387f64cfaea3a09a5244cbb5ef3029d649cfda733f5 1640337420207 1640337429403 9196
d8c9a7ffd384e74fc517b42c5088ef5e53f4448f6ff304562152765f23daf811 1640337480711 1640337489754 9043
671cea847ed58fdc97a1932b0d6e49ec129c162be19683ffc89929df7f0c6120 1640337541665 1640337554562 12897
