b4b09d5995742fa7cc89b0dd73b46f87155bc9e7a7f04d52f6f23b899f4a159a 1640336429306 1640336434121 4815
919c394e7c4e676d97d36b39525b606a5ab50fd1a875ca527e4e02b9c30193da 1640336471342 1640336475134 3792
36af2b7823a94cca5102f1bb23fd1061d98c07c1c6800263f777c71f702487d5 1640336528783 1640336534232 5449
588ceb939cc0989bca61d93318d6686dcaf3387c2abe7ac5288a913e9efcf774 1640336586947 1640336591522 4575
cba166a70739429d60eb84a7ba0a0b581b0f520cdc90ef5e14cb1fdde7a89433 1640336646833 1640336651295 4462
bc166966c38e9d66daad9870d197342374d622a09206ee11467633a168f6c8d3 1640336705869 1640336710310 4441
b1e73d1ff50e11735f91fcb0fb303b4791ba46be8f11d0a5126f7dcf85465195 1640336764394 1640336769088 4694
14c56b1b9753848a03018ba7f05d9ca98c0c3b9b5f4507f6beef579bac4783f9 1640336822840 1640336827159 4319
119a7d43f0f199bb8b0fdf764c6b8f29a093e592457f34d49f0370dbd488e4e6 1640336881873 1640336888185 6312
5117069b34408fb3d1e1272677d82c5de03e84503dddf553028ab1363831316b 1640336941731 1640336944319 2588
682fef9165e765a324037a97e162f91881342c037e94d32f94d556f06210df88 1640337000198 1640337006879 6681
a72c73850020ede95c5c397f052eba8f7e50d62c708303d068654018ef701674 1640337059272 1640337064074 4802
afa9b2c743aa4ef8ce9267e018d499a0ab2f71f93d25df951ed958903478ec0a 1640337119442 1640337123676 4234
70b8ecc045e0a3021bb3a8471518fbc05922665b024920eb1bc39faeaa705fe2 1640337178679 1640337183635 4956
76243bdb59802f18ff8d6c7037b304ae08fc09a84e7f3c303b2e41a3f137cfcf 1640337238487 1640337243413 4926
df683685259d3248b79c20d5e8067f5cac9eaebb33fea65033a00e0be50fe3db 1640337299001 1640337303190 4189
1f8ba3ed31f8fc63e130a1934633e45753cc47f969df8a25acbf902f59ab7af2 1640337360261 1640337365544 5283
8ff1534aba6502576970420ebeb0af09a1411f488d5cfa754fb396912d40d2f5 1640337420200 1640337426126 5926
a61ac5594eff0c726d4a882d68b9c4da78050ce5689a84ec0a845b8ad23e6bfb 1640337480704 1640337484182 3478
1fd9aef5eb128dd8e3622a58d9f49af5ab28141abec97c542aff7873b59cfb6e 1640337541660 1640337547299 5639
