1f00c82483ef7c549ba6e2f78e1838a9656b6e663711ea1dcc7decd4d2a22d88 1640336429309 1640336435277 5968
4fe9c86c43fb4ba48a585ea06682819969b10702b0adf67e7840452ac9e025b8 1640336471344 1640336479399 8055
7829a102776a264d83d7f83d320cfb486868e2295df73b4e3bd2ca99c4498abc 1640336528785 1640336535609 6824
cda9615b8328a4c0f38e0e86765f62734794aba078b76730fadcce6cca9ce680 1640336586949 1640336594045 7096
11a81c327fd7ace6e1daa1d4b6b59acc31365159bf789c9f26cfc6ed25f1e8f4 1640336646836 1640336654198 7362
e3cbd7e2d91f5f1ce4df8773df35cc43c529533c0de07f6b4515b602672b3eb6 1640336705872 1640336710938 5066
2b424987f9705151feb6259394e3d01f1658e250184bd9c935f1968e8f47f6c9 1640336764397 1640336771197 6800
7fb14234bee7670fa9aa0630f29e01a198d1948b53c62569a327274dff7e57d4 1640336822843 1640336830796 7953
2c3c935685f395fd28d1c34f3b4cd7fc69357e8e5ba7d7c10ffe51f64dc17c38 1640336881876 1640336885514 3638
cf1cd307cbe4e99d93b8ab1b7f213d55b02c5e1830e249ae3be40e2b22c6c0b6 1640336941734 1640336952992 11258
ff9c6822540a0d4860e76de6b601035ca61921fcb616610b8f8c49770d677312 1640337000201 1640337008151 7950
f9cd4a9a603d51bd688e60873ca1646f5e1756d848fbb4c817ba51ffd5b8891e 1640337059275 1640337066522 7247
318dd19f9ccac0d5d804f40fc2768259e43bffdcb0c834d0668551b684bfaa74 1640337119446 1640337125555 6109
63b6c969927f6f450019a45e0724b7a5970a2d918d523edeec8233089527a6db 1640337178682 1640337185545 6863
d7cac31892c61ebcf03b373411260b6c41fff63abf9eb026e89d7f79708cc676 1640337238491 1640337245821 7330
4064da92ac1e4b056ce1e3befce7caace127c69b98bc0ace1819ea26d25a51d4 1640337299004 1640337307137 8133
4b6cbf7ff1353a562a9a4e34e83fe5bcd0ab5f2bfa1875f4686d26bfc8fee6ec 1640337360264 1640337366859 6595
fb7aa6863d2ffc78df20be1a4f2cedb3f62577f04e804a4365f0f08c00cdf582 1640337420205 1640337427362 7157
68fdd3b549039b25bcc0e568a8ed0d26580bdeaf52f87ffdf380973fc77f2cca 1640337480707 1640337488531 7824
a90515d02000ee431d5ec1e9e7965cfc4461a914ef7ef5552d259523225192b9 1640337541662 1640337547040 5378
