dec361b916d7d69dfb41bfdeea55da0629a61a6f3dba9a4421e555ba17b56169 1640336429363 1640336464847 35484
7b5163fedc06b11a3c9a63927ac317be6c671f5f2922091e3e5bd072f3f0870a 1640336471384 1640336505202 33818
04a24456d0e3f38c8a3fa2f6a04f39450d783cdd870608c8b626bac63b547918 1640336528825 1640336557864 29039
5894c0b5dc136834705da7d5cbf324d1a6224d4399c2fe1404ccf4cc70a69955 1640336586993 1640336623296 36303
90c39eaef98ab1a3dcbdf23718c112cf67e4a10f30de71a887e6c77bc2ca0da3 1640336646877 1640336677607 30730
464eed5ce91aca8d3b8011a2fdf6b33616c2b5de2a62af6548a955dbc3997a52 1640336705931 1640336739628 33697
4df78f1141a681dbf2c14dd9e48fac89973ec36a467010efa6ab2d5152b1e9c1 1640336764441 1640336798958 34517
957b85ce5ef588954f7f298d5ee23f958ba0e1b468dc1383424a763e83731d19 1640336822893 1640336860318 37425
a637ee1efd5fdc7f960d4787696bc096eeaab3ebdb57a7ae086bedb0980bf377 1640336881924 1640336918092 36168
a1aa36ef088faf390575f83546d2f346183da836e46d6c32cc7f9f9f61326ea3 1640336941783 1640336978870 37087
cc35757bb16ea8c92ed53b41c1e560342981f674d5715747c76416ad2ddbbd4c 1640337000250 1640337036019 35769
244365baf4e1237325f7df90a5714adbd4372ec9f5fe347236296316468ec5b5 1640337059322 1640337092057 32735
8f69024b0063ede42beedd2d1ae705f141555630ab125cdb006e7aa85ee0dacd 1640337119506 1640337154917 35411
6a43e48e174d8b6e05484f0be56f37c07885c3610623a9b7cb47f0783d9b7585 1640337178730 1640337217827 39097
9cc23bc6132018ee69100e64af776d993cce3461e1f74184bc0f7933d44114f5 1640337238543 1640337276315 37772
5c53d201de8e299fe66f47db2a034f421bbb874209153e10f845c80545089031 1640337299058 1640337339223 40165
083b3494809529d7b86fff35e50b4d3c074af726aaa952d2808c957faa5734d0 1640337360313 1640337395909 35596
fd6024d2fead24e194fa9a45482cac05077595ea5e752690436b1440a3de221e 1640337420252 1640337452190 31938
a160ba564648774dbe423d6e45fa05d360a1d7a4b8131b27a60da945c1d48549 1640337480759 1640337514045 33286
7ce40c90684f19232a57d9d8721936a2e78dd589c0fcb73ea75cf947b4771e8c 1640337541716 1640337577425 35709
