296cbf69d41f431ddd386772534ff692ff9e9f257558d0defcf2b615d9c2d039 1640336429359 1640336463346 33987
283a1f65284698e99fbfca80fb05c4bc76fc5d05ddbf51cfb87b9f59ee168a0a 1640336471376 1640336506671 35295
96c14cfd272a81949e807842173e04c50d472b7451849c0209b204d03e2415b2 1640336528816 1640336550187 21371
40ff69ef45a3720c8545675f53c4924908358eb58e8d022071fa605955ff671a 1640336586976 1640336610047 23071
72b94fc2833c563a4cff6e4c3355647c18d91213a42d362d1b6dd4c047fd7f71 1640336646865 1640336674439 27574
5312381aee03cbf4239edfd492868c18bab70b1292f920bf56e099db9026e02b 1640336705909 1640336735178 29269
07b78d2bd73366d1cd55be2e655d1fac4f306141ef46d06ec112b7a57b40435c 1640336764432 1640336791187 26755
94a5e0b5da703d2e4b1f5cce2a4853648dbf8fa566b65fde12aa11cd344b5385 1640336822881 1640336856603 33722
5f7fdc7f3d75f72e2bed7b322dd6a56b9e63de0e0eb67e01867415a4c8d52a76 1640336881916 1640336917380 35464
0f2d3955eb32ba38eac60db61365072ededa542f6cd46100b21974d09c25ba0a 1640336941768 1640336974273 32505
81111eaf7f8251bdb04904f301a787299c0602a927f695539808fc0c01d8b92d 1640337000239 1640337032689 32450
f121cb8b6e2b896c94d2767b5d08da5a8609055a44c2ffd2bbcf34dbd3ff98aa 1640337059312 1640337084675 25363
d2d7a8459160f6cfec6c90de1f75dea485ffcd25fdd62b498cc56e3fc66557e7 1640337119483 1640337146985 27502
08b5b383ec7faa90c94004ccfe1873593a5c40ed1adf2e192e0a0067c054f340 1640337178718 1640337207320 28602
eee7bc72288d4bfaa33cd3a6ff03b866a83f6e97407a99e8111ed6e97a7c1160 1640337238523 1640337263220 24697
c67847ece05c912b4e6c76708c6860c24379c343c286e6a763cd5c86ffa9ec81 1640337299041 1640337329014 29973
bb5e4f71caf9cf7f7cfadf75215faf4ea348abb47e4a5404d532407ecf70f997 1640337360309 1640337392759 32450
5a73cc1b4836c084504455aca02cdfa02fc3e2150a8af8d9eca60424914e4796 1640337420240 1640337446827 26587
3d2edbc60988ef8f864d70a3c77b4366f1d32f3cdc00a41bc06340461ea9e13d 1640337480747 1640337508762 28015
8c05a4f3abe899b495b8c41e95bafe78e4804605979ec736688796450b3f8fac 1640337541699 1640337569609 27910
