d07db7c141897631bfdb09bf6689b3e4223247c060aa0e9dd9ee8d769460c41b 1640336429344 1640336453970 24626
f8637be36696c7e85d7e1d2094a44b29aaefa6d20d60457267669c0b77ef36f7 1640336471380 1640336501463 30083
1ba7e29e440f312559616b00b87e68055d1b0621d9b7f1cb0fa75a833899ed52 1640336528818 1640336561728 32910
899d635e835b7b6094221f6ee1bb2df33d28b2f1d8dd39e3ace49cce058cbf2e 1640336586980 1640336611337 24357
138406415e36daf42aed15f9185ba06b807438d8bac896935b04adb01debeb1a 1640336646868 1640336684112 37244
e19fe41a798d4208f4cafe13678c0646d8522d8b025d61ff540b684574aa4f61 1640336705929 1640336741502 35573
001a50bd040d29f2ae3956a9b290ac541dab189e7129f42771936e90b927841d 1640336764431 1640336794953 30522
e80167d0f3848feb22a7b10628551cbe96f1950af92002254075191c5a2a49fd 1640336822882 1640336846601 23719
679e335e7e4185e42c713f86174cf9b86a62db051babfa10d362cc9c77fce691 1640336881917 1640336907955 26038
994ec57abd6ec5d77fbda1f722d5b65da4c0afe9e9f88e17da616d80053f585e 1640336941770 1640336973393 31623
18f89faed20127d2656e47a54bdee380a975e92f5b80ceb3978faa51ca395a64 1640337000247 1640337030486 30239
35e9e1eb43f2b5c3704ff12b23cb82037ea4b2699f47e575b38435d1fd257918 1640337059315 1640337089809 30494
9d4ac9ffd325dbec36385b0ca7ce1e74205b39d1add6bdd2ef5b8c189b7b541e 1640337119495 1640337153448 33953
7905f8945c929d5e1d20a93319c0db60ec552544aee6505699747e0d1ed24866 1640337178721 1640337212148 33427
213ed00c408b02bf5dd33a256f99532944d4ab396b08194b8d844ff6b9d90f7c 1640337238535 1640337268426 29891
ad3e15fd825ed97f37eb96e3c1a8604d25f5cb59d95a2e5ff9077d65ed24fc4f 1640337299056 1640337336237 37181
1c84e32e3766e76e4134554dd00b822365e9b3e897287700d554241355e62fd0 1640337360308 1640337391991 31683
e32d3c798ecbe9139e11544fc09ed2231c7d8fb2e70b3a6406bfc861ddf8a078 1640337420244 1640337450211 29967
922cf769a158ef4223645d74e26c8f96925705f87264feb9463ec4d6227548fc 1640337480751 1640337518191 37440
71937c480e3229879deb7d36fb7425da2e63014cf1dc416ef455c17303c0dae8 1640337541707 1640337573719 32012
