de2ea84d4f8fc2b619d2fafc1266e29e286a8b0a31e5774b56ab5059308beb04 1640785994376 1640785995274 898
febdf33629e4052502dc7bc7ba3cb9ad7e98e9c9d3c2dcb8767e899131bec265 1640786003295 1640786004191 896
c7ccdac166566e5434a1827e1d94ef44345b591667779da5da571de1f249a402 1640786012191 1640786012998 807
e7dee01c7785430a41de07c42b1f001b2dcb640aa812169935642274a970e305 1640786021082 1640786021956 874
24b77b8fb60003262a2ed0b15fb74f200afb32c868cbb5020f9131d83350134c 1640786030331 1640786031082 751
1facd74d51bc2e3e39f6e17224016f0f508e24effacc9c5f3fcf248a8ca2a167 1640786039052 1640786039934 882
afe3d651b3c17b687e61d147be559fa3ed362f6c250ae57eba8ef6bdf07d6663 1640786048015 1640786048894 879
e72fdd5869f4e668308d52c2210ea76f6f5b0b120b5017b8ef9688b8ecf31d67 1640786057084 1640786057948 864
a2ab9701fc6a0af9760f0310685da303dea2c87015fec9f30987fe188d2f7b88 1640786066026 1640786066902 876
018a74fd6f9d304fff8db20a54b8396f50b9f803580a91029c0cea8ed6f7e67e 1640786075036 1640786075750 714
0a266eec780d8b03df93e639505127b0ae35fce84ec84535157a88aa290ba6ab 1640786084319 1640786085167 848
4d77a5874a5f3fb92d50a564468054893c3fd17ddbccf16a0d659034e397fb71 1640786093360 1640786094216 856
3a8abb0038ed2c3327c45c8c18ef9f7e7cb586f71120a8c39bef559000cc2f1b 1640786102801 1640786103656 855
9c39ac76aff7215cdec37db081a86b5019e6179cbccf72331fa5c0e434d369c2 1640786111690 1640786112504 814
14b3720ab4600784ada8cae8cb1cb89c8430f4d66b123f3f3f5ec28ba516a372 1640786120614 1640786121529 915
5dd6668f35d7d0e5f2de244100a3d7861bd78bde59df0553f269f625059b5a8d 1640786129570 1640786130459 889
583e7bfcc0f5fa20917f496b7efd862bcddbe59c388a48f22746a5c96cf00037 1640786138445 1640786139307 862
63943d3353a175fda09b93370b8cb97c88eda477ef4950c9ac61b5de6640020d 1640786147766 1640786148608 842
72f3e1821cd6bdd061ad340d39baebb3626e938c23a586cb7d19388f9362ae14 1640786156625 1640786157508 883
fc755f62792359db49b235b0cc885eef03271f1c242dc280151b00981aa82c04 1640786165577 1640786166390 813
