58d8cdeebd213429081394e8acc12bb2070b13f6bb7de437a63c5c66aa966aea 1640785994378 1640785995296 918
14678eeb9a80b72882e4fe93f19e41a12f0f8556b87687a8545e03600153d306 1640786003296 1640786004203 907
44ef27631790a3741f77d5a03c60b8ad3136c94569cb0d9705c8d2cfab6110d3 1640786012191 1640786013061 870
ded23ab803be08fca5cb5836921cd104860a61c28ac932877b20ab09328e00b5 1640786021084 1640786021790 706
ec32e412c26baa7949f2a352e353feafe439698ef4971843a8490b8209776963 1640786030333 1640786031069 736
b4f79ac0879358edab2ff92fbf022dd53240775dde743cc65b4f19f4d0928611 1640786039054 1640786040009 955
d8107cc1e3ffedb12986bae26ad2ccc5fa817827ee5228442af93968cc2e6002 1640786048017 1640786048902 885
366d45cface2f4e9256c47a6bff15eed0d213beb42cf4c05e0756bbd19f86083 1640786057086 1640786057891 805
098db7315b222ea257243be5fd34096d2299020e83ad336c41293e5db01b2a50 1640786066028 1640786066876 848
28cb4bcae6682458ce1175e7981f8b789a6849e57d36c63d5a2b82374b4237cc 1640786075037 1640786075844 807
20e8a6b8bf7d2391933ccf44df5fa222a9998d90d93bc2fa7d68f7a80de67723 1640786084321 1640786085209 888
55ee138ee0d4e2a93eb8cd74670e45ed8dee0fb1306ec32be55a63f5fa961175 1640786093362 1640786094230 868
8fdc76749fbbed181a16785f893795f17b4d8673bd5b54dccb4e982774be723a 1640786102803 1640786103664 861
93a2c4a1bd59855bf88067be5f6a0be41d0e03e52d14ddd7322f8300488c3406 1640786111693 1640786112473 780
22c6d65139e4ad7224d88fa3a0caedcf4f6c401c4d9fd79e9bf23806b54f63eb 1640786120616 1640786121372 756
8a569e3030730975602e2b473f3cd8341b4802c80739a3a5c89e19aed57fbbdb 1640786129572 1640786130466 894
50413791d27c5a4b0067f06b622569500f3d37bc1ceaf032b7adfb0e1c61f18b 1640786138447 1640786139310 863
f52d3b85182da8ca2e12e9fd76f969fc7c363cd4ace72a62391ac276b5b44951 1640786147768 1640786148598 830
5de2b0e0ab7b060aca8db4def01cda7a0a122d20f3ea67a7b1674eb41346654a 1640786156627 1640786157588 961
da59a196be071d1a2258c337c57aa11aae9fc198169f6990395e68ddc02bb3ec 1640786165579 1640786166449 870
