4583481ad8c97efeaae93b3e65fc830822afe567447c3d4595318e54354731a6 1640785994367 1640785994485 118
7494be874a7b00e697dbc0b6ca5421eba8dc711c3de4021ab04d03c5b72c62eb 1640786003285 1640786003420 135
24ea9f6cfaa6840574514733266b8596e4f77982dd4e5483337d1e7f15be733a 1640786012179 1640786013060 881
4df7de0ad1bb4291310fcb706694c5158ac94cea3d5ba9cde8b91e07d2d046c0 1640786021070 1640786021930 860
c2f2520951784926629ad8c157ce9f189fe774d8b8c2c4fa1ad8afd1b2d7d38c 1640786030319 1640786030972 653
c8bba556b3e426a64b659165e76c10c82303559fe0a2c22bca46ec4e6692a4f2 1640786039036 1640786040010 974
746784ccfaa056f1073075d5223862a31df7923c2a58dcd8426450a72501f528 1640786048003 1640786048564 561
bc649508e09e358a2b5a2fb966110861528132ac603418d8ebdbe1f377bdf668 1640786057072 1640786057213 141
a5d8fb0d922ae33c96cb7fa122c57e2463d11fd5add579bddb5af4f6016c82a7 1640786066013 1640786066582 569
3d3628ce8882a9b0aad6c76a6d026ea0fd8bc2c48f99782565a4060d11e22bf1 1640786075024 1640786075880 856
45bc6ae07077fd82fbb9f8706a5a5ce432cddfe85b66b9044cd5d84ed240a2d6 1640786084308 1640786084868 560
36001a25c1dc3e2a60439920d2491427311b2596e894b219f00a47519c73b35c 1640786093345 1640786093524 179
9cf8308493b6e4b2a21399d216647b68a0ae6b326098761ee820c713396736f6 1640786102785 1640786103405 620
ec2c5541d939d6d4c90d360aad163871db36289e6c0ff7e11c0b80801dd01125 1640786111679 1640786111833 154
879841b70b3f1401ba534ae86287cd7337c4f418376b5543c82e310c08a1ef31 1640786120604 1640786120788 184
5ed684e3dd801b6d8e8f9c797767c52793e271a4dedba9081c9baa777ca917ef 1640786129558 1640786129703 145
7306366447133ad9aff84c4c0e657b7600551fa0619b52ed233429a138ddf915 1640786138432 1640786138993 561
01b84542fcda424b15569fdec6a0beafddfd46c0675a54466f700978e8c21b25 1640786147753 1640786147894 141
2e3d9a6e54dcd9640a4ed902cea5e4b237fdfaa7a643481b015679c3a6efb7be 1640786156609 1640786156762 153
de24c49e38afa24d8c68ce106a80214e047793d5b88c3e6c39ed7f6a4c12b9dd 1640786165563 1640786166452 889
