17ac135309205a660ff181a58227236af97a0c1797e0903609731dc93e41f125 1640789362990 1640789367303 4313
da4c8cdefe4fb266c4aab320422ac0fd66ce21a88ca8ddf0062d8bf35e00dd38 1640789412405 1640789417716 5311
f21339dad71b3502c0363af158d89db0f473387a40ed48ca9c2c077bffe76441 1640789461062 1640789467003 5941
fcd2f55c026898b71401047ccbacb01fc828ccdf6d3fb28f26a03c0348e23b1e 1640789510187 1640789516691 6504
62544687cba2f77084bb9dcf2bd036dc9b0a0018e19e441e8f2d6b48d6e551f1 1640789559016 1640789565229 6213
f1a2baee46ec0351f785c6cd208da86d2eb1b9cb20f70bd516ca052521a04e70 1640789607843 1640789614385 6542
68753159823d13b91530f1896818197e889983d4fc9a7dbb987bfc862dc6ed29 1640789656346 1640789661568 5222
52be43944b8437cab9f75ad6945355df88e27ab6311f2dfeae921e0aeaf482fe 1640789705824 1640789711597 5773
ef409a37d20425c6a575b574a98d85f2a7167bc20c5b214453d4d3557433c35b 1640789754815 1640789760200 5385
2f76d2e861d30ee0e5db9eff41e16cccc49a6380c20f3c8274429ffe28c5d081 1640789803411 1640789809343 5932
1264354108a9732f94be847ee24241bcdebd484ab96ad496a0c6070623a81799 1640789851978 1640789858002 6024
d8bb2daf1b0d4e7f6fd79b51577f5970c57a22fdda1ab636b0943a2712f05a25 1640789900821 1640789906786 5965
409cf8f3f24dd4bd69b6677c5f9579117315f4947ca073f5c1ca5a80bbd27eff 1640789949446 1640789955185 5739
488e0c528c6ab05e16eb17a341a37c5b345071a8b8bac3a60533521bb7aa4d3a 1640789997989 1640790004338 6349
9ef563bdd97864dc3455aaa960eb0cefbe79a2555f1de0c4689a18e3b619b690 1640790046589 1640790052535 5946
2cfc704a3fb6131f4aabf0e26e761e696f8e3d21855219d017f1c5549baded90 1640790095574 1640790101567 5993
e3aad93b0ebf046fa1b312a329c964343815efb425e2893fa8fd221b704cdc7d 1640790144441 1640790150619 6178
1837081cd11d46f6c51d695038d71f18679dff32925bfb90bcc039363a1ca10e 1640790193286 1640790198204 4918
21499127c00608fe654a2914b4ff8db656843fdb69f44d33af1c8244c140d6a8 1640790241781 1640790248137 6356
321ecc18f462ec686508d2350650cea3521f04cd32dcb03ad923b2bfd791c7e6 1640790290555 1640790296235 5680
