76f605eeac8b4dbd7dbc210813aef290bf7ffcda4edf50cf4a898b643c4596ec 1640789362966 1640789367933 4967
64f811f88d7dff2722ba2ca5b501bbef364bb96a49e42f47ea94e0bb2a88f0dc 1640789412379 1640789418216 5837
2466374289fc06630583fe55a2957c95c3c2aab302e2efbb76f85dfd87b574fb 1640789461038 1640789466932 5894
74b7797f00805fcd68d36f0191512c5844ae41e145457276f0a5aad4ed8e5560 1640789510151 1640789516722 6571
803849a217aa6a9803411ecfde4538284af4f9bfa240637513ee78bef622e588 1640789558994 1640789564345 5351
b155032f377f0f53eca7784c5b4ed5a79b0099aabf9622942343fd160fef64d7 1640789607817 1640789614347 6530
3d3da101d7f7cb39ee41d2c369c3b5de398de470f833a4b71d0eb341501e7d94 1640789656303 1640789662923 6620
50ed28f1674b8339bd884220887704270c49210005c6d3aba4e00207aeefb1b5 1640789705801 1640789712171 6370
8f7a77ce13ae34db518e9cd406c7af38a5043208a7b1f0e6d914360a2c9ae6e8 1640789754780 1640789760419 5639
268cec056a303d7e91a965798df17af255debb0af1383481511ae4b024e44b8d 1640789803380 1640789809902 6522
b1d832951500b165d934072154ec2f2c611e2a4b2a9ebdf61d2d139161b3ae00 1640789851956 1640789858248 6292
206884876152bafe5f693a0a5f835aa617295a90753e7ee65e09c4a4968c5bbb 1640789900790 1640789907005 6215
2423a37ebec30d92a1193436378cb861041982ceaaca8113009ed26c768fa13b 1640789949411 1640789955839 6428
6193fc42c19f92fee06669f07a02ee7d91cc4fd7ab882d3152d927a6c1a16a85 1640789997962 1640790002305 4343
ff6f65f4c0d589b69e75befa4a68e5194a626713ef404b609b37205cabc6841b 1640790046552 1640790051988 5436
3d30aac0a72770616dbea40e973ab419f6fb724cb13f2a4cf0ed41f70b2695c6 1640790095539 1640790100485 4946
2ffa5e606155b6bc327474e786204298f0f18ebf7addb1edf2093706fa6deef1 1640790144388 1640790150030 5642
f5b9488a68d563245976ec8028ad1fbcf66de49d73906c1e44bbfe23b75186f5 1640790193243 1640790199388 6145
6de81a31b4f44acc968e787f57b4fd4bbfc2c74758c756ef2d7b417709f5c033 1640790241743 1640790247371 5628
10ed3a949b2c3c911212e60a17fa1aa2283e8e9187c19b38015e789f87364722 1640790290517 1640790296935 6418
