d0de7480bcc435f9d56438f7f44bde975518fd0f06ad961ce8df4674a826880f 1640789362935 1640789368686 5751
be4be956f6b4485fd039f24149557787f2e2147e0a82261f3572f57bca355ebd 1640789412350 1640789418065 5715
39abba53cc8a769acd8014319ee300560321524faa4e2122b6e8fe5f062f01ee 1640789461004 1640789465200 4196
be8f34045eac8b25bf52302f02154b9a4e2744a4be8a2a20419721af53517335 1640789510116 1640789514847 4731
e219ff329402536398b9dca0c633284421d7b62a7b249405e5ddddaca520aecd 1640789558960 1640789565435 6475
e2e65434431ce31eaa3d7571bf415d82da64aff5ccee46d579a76930a052177f 1640789607781 1640789608311 530
0c3c83a14ccd84ae830cfb16746450e5c402166f3fa3cf7b02ca0485ba4db770 1640789656265 1640789662136 5871
60bd0044ea67f0a020fe36f71cc19077d5efe6cfe58dec3fa6c4f208ecb46cea 1640789705769 1640789710377 4608
852bfe4f7dbbfe6503af522db5638df81a83e89cb38bb60af82c7655f2ee393e 1640789754743 1640789761106 6363
02ddc8cac5607fb20bef6b1b7bcfa8ec0133a2b5a01957dbd971e1410c1cb542 1640789803329 1640789807611 4282
3212b091626f417444eb445dd0f3f6b4b384fabfdb2a5a28bfea220163fc62f6 1640789851912 1640789858304 6392
43b89c900dd887cf95e8f89738357fb3cdff0a319c0ca1dbb2a54ee2319d769b 1640789900741 1640789906233 5492
a9940308a166a42b17ddb6702df299c40910a19f90245ac8f2d1ebfc017a4122 1640789949369 1640789955035 5666
a11f9aebcfc5f63f9ee3e462b79365dd420f65d1932a77c0329e34869d48e7ac 1640789997919 1640790002976 5057
c38e6d11f3d69629dc4a543c71b207fe1951ba0cc0a48e83fb03661697903e5d 1640790046507 1640790050669 4162
1371f26f52da4c93b1b6063e5a014c6a7e1b3f72e37031179c33991e445bdd38 1640790095492 1640790099634 4142
5fd1dbb21dca596e2aa0fe301c1a9cde56ee655e60bf1d8010b0eb12101c5cc0 1640790144343 1640790150656 6313
f9c47e6b0eb3a7800aae9fc2a81fa0857d6d9f07bc401051a6c0006dbb3039e7 1640790193190 1640790198257 5067
01d0315746e731d6c34587317a9223dda32bb8b835d67d2ee823b9e7b80d8b86 1640790241691 1640790247583 5892
14964240548447ac0f5e117774c580b11bce40069e16bb916f5c43a02803bb7b 1640790290474 1640790296185 5711
