588f315a75ad1ab8b69fa9cde3aa89993a988777687d2f2b9f798bec58b164ce 1640789362993 1640789369546 6553
17132e33a77c18a40a465387a5ea1fba3e5acac22451c366624c584941571d26 1640789412405 1640789417631 5226
904ad98b017d7b8832e823d0b4b6911fadf2b149740726b672db486229e73c99 1640789461058 1640789467327 6269
fa724224629708363627fa14e7c3775c2aa5eb7e34dc9dbd6ed9fa9b2e8488b7 1640789510187 1640789515699 5512
34c9aa37674e82a11bf65abfc713aa1bc16e4bb526f62ed1c189ac10e483916e 1640789559019 1640789564492 5473
79a7b3f9c0531a0c3d31f703565cef63863433fbd08c85f3d426b7b582f97204 1640789607838 1640789614383 6545
4a1e819c512dc9c35b80ee677a80cbda1ae1da904b07c95c8909036e9a59917e 1640789656342 1640789662317 5975
4346924467bb2c34bee8868f035bc8dbe137a551dc9c4061f5528343b4736e0e 1640789705824 1640789711792 5968
232b393806324bcb01b0370f548e48e62ec0bd6624cb0873b11fd4585f454b58 1640789754814 1640789761103 6289
ab078522c6c85e92edc8cc57130212d04e0d3658063d68c959d9937c04f0a490 1640789803409 1640789808052 4643
64b29a7ad0ed329714d237cd909b75999ac60738c53f356bccb9c63d382ece14 1640789851980 1640789857740 5760
2de2288aecfc7dc488e7aeb0351cffac7addd652706276c4bb76b80491027093 1640789900824 1640789906884 6060
bb6b84d1734b08b4950e72c9de77a2e9468d9bee59853f69c9bb59819a94f67f 1640789949444 1640789955610 6166
687d8ef217d7c054990a59886f63e8a2644efe335da092823a7a526ad0cb22de 1640789997989 1640790004414 6425
f399bc9b07c66c9d664203eeb85384c51df3c7ae83fd8dcadbb91ffccefb9cda 1640790046587 1640790052194 5607
6dcab72a37064c4dac4760c25ae13c77d24550d30ed5c1779e7ca49c45004aab 1640790095573 1640790101589 6016
a9029694a335b15b3975fad0d4e3e135e685a4b7b17950db1618db1a5dfe680b 1640790144426 1640790149186 4760
a87c94c65f7912fbb2dee5e67bd7b53db0506635a4766430f92aa30ed83195f2 1640790193281 1640790198351 5070
0d20457a37d6ea0e9a162edeefe66eba80ecd967bfce44e38b009846130907dc 1640790241779 1640790248100 6321
b1d2aad378508d5061cd9f3d1935c6d42cc7ac0a71d9d8cf9135ac8e8e40a989 1640790290554 1640790296864 6310
