b400978e08c6319cb0e9cf9ff9f26e6d951a1e450365b5a57e62708935354894 1640789362999 1640789369259 6260
79b261bf2244a8591a9eb9fa28548a54493f8cd13071a82785d596bdd1fa519c 1640789412421 1640789418472 6051
44126fb0eb35e94b32c4b46d3a89e2ce4edddfe7f979dd4440d7f42110f9f427 1640789461081 1640789466188 5107
c8d24c89323ab3eb1ca6c87ec1e16dfaca4aad113737576fa8403642ad3dcc84 1640789510209 1640789516086 5877
1848405a8de9eec04a2e5fc37ed309f3c62c7cc32283b435ab642e9b5bae4ffe 1640789559047 1640789564993 5946
c300849e32bfa1c5092bbb9e2f373798d01eed499bb41d21daa906e726e0fc90 1640789607866 1640789614384 6518
1a3059d7a494e15a8bbfeded6eee70fa80c486186644ed45cf5b618db514d67b 1640789656367 1640789661134 4767
e35cdfedf6facf913303dc6b6f4e3d245ce26385797fd9a62b26b2e901ddef6a 1640789705859 1640789712159 6300
96839807a74a7a551d07fa1f9338593fab439bcdd8f8d070f2d2e5a42528ee8a 1640789754849 1640789760363 5514
b3040c786405a4c8e742c251b8be83529c4ecff39871388176427759501c718a 1640789803437 1640789809080 5643
12ced3eb68f294a3f0296f44360b57fd27939656313b0553b5e1151c7a96f802 1640789852018 1640789857589 5571
d4e46192f63c2096b2fd2972c7ba0e57b99d4b53ab4cca4a75f892a90ca4815c 1640789900839 1640789906328 5489
ad9c502a865114d94be5eea4d09a14cc12dddd539911e1bf09e916c4adb7b29c 1640789949480 1640789955729 6249
29316a19c67545d170de15fac079e1f6beec21c5e08a575e0cd63dce41f55e58 1640789998029 1640790004014 5985
21203f046e10421ecac83798c9724f152b9c84bb62d5b86a5f70bfbb06a32ccd 1640790046608 1640790053009 6401
3976b3f70b9007b74052fd182f4e23bae1f44cec36358dd94f82c17f628af49b 1640790095598 1640790101261 5663
203b4432da35415b0e1b57a2e9a1d9c6f26695dba2c25eaf0078706ac69b9220 1640790144459 1640790150644 6185
dacbb08375dbedc5fd7ddf2b09f6ac1ca9eb627c65062dc66d1d551f31d6c34b 1640790193311 1640790199421 6110
3ae5632c28062007584ad8c981223988cbcaf7e575dd8d45f8affcabeda9f5c2 1640790241825 1640790247724 5899
8018a6fb429a10124295c65b11f9f6dbbfddc42a830597cd14d9729688e99071 1640790290583 1640790297004 6421
