6abae88b1389a8b8cc66e82948fb455d791d8044d69b0421e3506ccc5b0d7e9a 1640789362990 1640789368405 5415
da1ed0dbbf5af6a99ed31066214d854827f21c76e5f0ff5df9a6dab5816b250c 1640789412406 1640789418698 6292
a738547de746879f478329b13bdcd4f0bc0e19580fdf0aa4abb4a0750e0bd5ab 1640789461057 1640789467071 6014
6b1073e3402c0b3c839dcc154bc14742eb0830433fbca43ba9c29d8c721fa317 1640789510185 1640789516801 6616
f14d29280341c60e17492fc6caa711c21b7b6e95ed075f69aa4f63097d167b48 1640789559015 1640789564080 5065
4b58d29e6e3b172c6e7ab91d690a2c0a4b868c890628f688d080eab260257ad6 1640789607839 1640789614409 6570
95f727d2ea09fc7f0c45c35137af7d237aacf3b5912346f8efc6862bc4f6b8f1 1640789656340 1640789662300 5960
a763d3caf29215fa5feb43ece315959eb0a9155804149c9fdb6da94ce1e4a2e0 1640789705824 1640789710913 5089
d2527cef509d29d1a842cb141a964c998f17612e20ed19495288250fb9af7cc8 1640789754814 1640789760636 5822
15c214515d4fdcd3d116755165092e4c765c7b528e4251f9e083929d9d3c7114 1640789803409 1640789809103 5694
590c133da85700b8ef74a9e4d6b6244a442ba662f1f1e7ddf0bd9100ef5d59fc 1640789851978 1640789858286 6308
c8c941ebf16d1f86dccb6d3d6490bc2bf9d853241f13f43111c12210a7ada811 1640789900822 1640789906989 6167
1601a9f1b1252d396ce5463132959fb94e4620ae529ea80ad876bd36f71016ee 1640789949442 1640789955684 6242
ccfcdc34dcb13554eb9f809465c8f6572a1b013040036f4cebbf8a378d70e8a0 1640789997988 1640790004325 6337
0a9e09252760006c92744c1c887317ef1982dda4e3f409c71ce615f4875df6e0 1640790046589 1640790053080 6491
8359836d24e5df2e3cc91fef4d151f992163c6c3a2d28b61151fe652149ce39f 1640790095573 1640790101241 5668
7a08f62224575145e337136b13a888637e372886dd49a3b345313cdb0fe73cef 1640790144434 1640790150515 6081
2ab13195b949ee0412115c6b905574a90d8de4eaa9671d209131de1d46d079b5 1640790193282 1640790197655 4373
39127ed15c2033db9f992f84dbb9c9aa251c0101c08067c44a67ee4df7631e4e 1640790241779 1640790247982 6203
d31da23222dede4095d40adc6c98ee4d55a077e24e9161770f2c4d1d5f690e9c 1640790290555 1640790296860 6305
