7ebe41d44ff17c2be5cc16c7f7d9ace89e98c5fbd98569d55067184b8b6143fa 1640789362946 1640789367860 4914
a0e3c4723a91f1e65c7e928ab11fe9b2fb1ebdd0960295b321efca272e15deed 1640789412360 1640789418191 5831
811c44fbc7569b96e3c16fa269d019b78f95c9ed2262445a76cdcd862a12129f 1640789461017 1640789467182 6165
974e388d5435ec2449adf1259945b306531fea171edf1fc9ff3f2863216864a4 1640789510128 1640789515398 5270
74f99ce11ccbffcfdf92e8577f469380f90e71217c7d01f2d9a45ef0c52884a4 1640789558973 1640789564791 5818
9f3ee4540bfe9c26be1b49dd031df35dc63c092db7adfbd60f39c720c0f356bb 1640789607793 1640789614384 6591
11b5627a73e4d92ef0d75aee263927f32d303aba40c552ffb2c3acf98eb798ae 1640789656279 1640789663035 6756
28408c899dc60621a8728669936ce18b07fba5a289b48c946c1757c7ea7be284 1640789705783 1640789710380 4597
1d2430474ad0bf182a59dad9f214a2c386e8066775fdedca05d6c9f29ab49d7f 1640789754757 1640789760425 5668
0a8c1b559908720b3a8d370af7cfa6204317465d416a341e39fc1fe8c8ca7cb2 1640789803344 1640789807626 4282
aa18927de070a50e5053199c5bd429bb6441a233b48a4779eb618ce21d8e0033 1640789851925 1640789858331 6406
81591f6ea4b7779f31cd09027f03543fc020dc6b2531d16b48684be84c17b71a 1640789900757 1640789906989 6232
6da4b866c045298ee4992c9b4f0938b9bc7d93be866eb68e3ad4761948502cce 1640789949383 1640789954402 5019
2d793ef35b387a7e7e9b8481df3a0b941f9895661ad467f4458cd8a250b816f9 1640789997933 1640790004356 6423
98f5dbaa183d9c498fa393a443849033097d6bebec63bf0031de26a34bfa3b03 1640790046522 1640790052290 5768
e891db8dc00dc054f2b996f89ddf38b91afc3f2fefce6809856ed00bf5385855 1640790095508 1640790100874 5366
75ef761220764026810ce03e9a587c2e1b18196c4d7212895ec98040b6fd1ba0 1640790144358 1640790150619 6261
ef87117ab5c50ce645f5b7dc3d484ca6d43ac6a1a092355926b8088cf2d4d8aa 1640790193209 1640790199255 6046
91b5e0952aa662e3d49191d1966ff44a15599c415da5ef117ab1a29b86c0dbe2 1640790241708 1640790246232 4524
303bc2b96030b1e34c2d075b42411e36127b81a6fffc55c16b812163b4396c33 1640790290493 1640790295805 5312
