b9c68ffa4f41c94b150d20c63e268585b13b324bea7dbe73f82332d1215f2f18 1640789362987 1640789369409 6422
1b2dbd1b77070433bdb246d76bc87b9d94b5ece1713380258a3fb76023299763 1640789412409 1640789418656 6247
3c6ccb90c035fe923948fbe07a8109ec6d333075da0148ef0c09da1eccaa2956 1640789461071 1640789466778 5707
22359b765078a49a3409edc41854bc1421c4403f86bda0f67982e072977cd011 1640789510194 1640789515573 5379
e655501c6b2b0ddf3b062cc78c018e6b85b5b0f0f7a0a257f8028d8694bc0657 1640789559021 1640789565029 6008
a43c6549fba23a718007d7ca54916f2a18f6398bf8df66a1e84298e55c999e9c 1640789607849 1640789613917 6068
5fd6823bd0f7c48f58993cd5ce9b52b45515f631f49f60e8c7600875cf219c1e 1640789656355 1640789661504 5149
9d5e707b150a88de4903ab6ca4a7fbcd3a9c45ac3663858d43309ddfd19abf9d 1640789705836 1640789712265 6429
5818e25f6ee4c37c081b6fe1500eeb8f66f10dd8ed6f52277fdd07aea01c14fa 1640789754818 1640789759795 4977
36793dc44831f1568985c65accef3bb64614dd6965137cd2c05f5dc389500dc0 1640789803413 1640789809863 6450
dd0d66314f2cc71bb1fefd995057e0a005c106310322e1c3e7b98227b89f22db 1640789851997 1640789857117 5120
f8898ff46ae94e86a5423ee47a36641c6834d0a87c1f015265996e57e6bb5def 1640789900826 1640789906694 5868
0bbbf8c7433d7f5aa5ac43b0a65bb4bf0bfc1950e2e0eecd8486a15d41f7c9bb 1640789949449 1640789955841 6392
964d068e17986f9a454b6819e4dfb259b4b9d88ae6f39a59a36162afbe6621ef 1640789997998 1640790003909 5911
b7de91659714a8e471d54def78e979799ff5495ad53027d3204fff75192a83f0 1640790046595 1640790051838 5243
923b56f85e8ca5ccf54b5cc38f9bfb70bf9990af615604d70c8dcc561c0b9822 1640790095578 1640790101844 6266
042cc03df2cd1af88c2b6c4e5a9f2e325d28ea874a1bfdc0ca04674f2ad7a6d9 1640790144436 1640790150514 6078
8fa70c80ef445a8c3b9b0efa2c9655a009947e89b66f026a863c5211108f94ea 1640790193291 1640790197922 4631
1e0d8efe427886fb586af1b4ac2832fbf747b53a96625199f987e038a81f6cb0 1640790241800 1640790248265 6465
32279884b6a93789744b12ce70cbf6ff15968a7717cf1ad01db824dc3e7f2955 1640790290567 1640790296845 6278
