3c1b2817b20a9837cce437c38d3c6d5b857b83941dff3654b8a21ac8bb5a1263 1640789362992 1640789367618 4626
3413bc28dda5d6c2be7595b069d2b725a8414e9f8da01c7b44bef1dd94e5527f 1640789412408 1640789418028 5620
dd5ea0dda1d3cfefcc4d00e1edda690006b8213f8a55c931ec32dc1faaf6832e 1640789461070 1640789467513 6443
23edcf8a4c8b90e4879ef9d7b7f6d6667f29dbdb6456e125fba7579ec3bb2862 1640789510195 1640789516800 6605
a1fea2da69a75be1c49a43befb722ca64d502f12af35fc92b5001811875705a1 1640789559019 1640789563382 4363
571aabfad037f43df69f94fcf06fddea9a6a75e82bafdda2e959baaa2b0cbe6a 1640789607850 1640789613457 5607
bf0a0561b5432bef14456df3af5b40b805a657fea608992357117c32a0dd2c1b 1640789656355 1640789662981 6626
1f1ea52ec3c2e9a50e1659c409ba9f6828475ae8010d24f49bb129203ee88da0 1640789705836 1640789711950 6114
f56874eed9c94a84e931d38d251514910cee521aaab1f01465ae474924ed452c 1640789754819 1640789760434 5615
cde9ed96c4981ddbadb0d775858c03dfa401a7fc64b98e31802b306c8c50c2fc 1640789803413 1640789809417 6004
e8af5ec89d203b97bb43ea61266bbef7f365db5b1f042599421e1e43becbfb65 1640789851998 1640789857666 5668
3be6c87ab328a324e7541b026c90b1e6d346a9f1205bd0eac5147e81491a1521 1640789900826 1640789906935 6109
e75460b7a5a09318d3284220d53671f9010370610b1ac269e714d961ccf5b7a9 1640789949447 1640789955103 5656
34a9326037f10e0b76f90741bd9afdd703dfbbab021d41d33ee555535fb50e47 1640789997997 1640790004118 6121
7b58ae96925e7964cbb287daae6399f2a5e8b19bcdc670490cea3c0266ac1df2 1640790046595 1640790052909 6314
c6d46b2e5d819e8c7ed4fe976c508fac73075109936b3e36d6a2d38f01591d29 1640790095579 1640790101622 6043
91be1edad681c23e78bcd10f1ef4ca1785f2a67e0ea4408a84d2c52bad57aacb 1640790144435 1640790149320 4885
8cbf3c3e6867abc00220715e5fdec883f2bdffa6685e5e4fe3410ff7c7a56f51 1640790193291 1640790198360 5069
60b1d7196f530d53ba18a269d88c0d73c89ebfb4f24281c34ac9ee03fb21792b 1640790241800 1640790248298 6498
954444cfb435c447db14fed4d4d0546797efb7e6c4e7d616b226146e33670bbc 1640790290569 1640790296347 5778
