f6f0b0f64be2893b70127288a407e6e74b02242d4de51ae854a220c9639f969c 1640789363005 1640789369475 6470
bb7ccb6a131934a3aefa5735f80b7b8fe253e63fd996bd9677b2d75e44da88c5 1640789412424 1640789418521 6097
d66b90bab41261a16f5589b01b4938ec29163477540ba025a69f4f24a740e692 1640789461090 1640789465516 4426
7658d8c9823337e2e998a91de5e3f54f609fb5ae3bf2fa3f53a1783d7bcb0f6b 1640789510216 1640789516463 6247
4f3124a83864ef58453f537f429b6cf4bdc94f29888c2a836e71f31a471d4872 1640789559051 1640789565107 6056
90f573e0da67bcaf0b69348239c1ea4bdebdd371eb6742d1d08296bce50299ac 1640789607875 1640789613082 5207
7dbeb560068dccd6ef204ce3290e148fe9667c5098e3ea5f8833324c6d217613 1640789656375 1640789662270 5895
3cba70a5306e514b80164a92f936d34146ca2753ac91b6ffc133f6e2492c1dfc 1640789705863 1640789711713 5850
828610593e101e0de6b5c8de8f64a925f3b608728cd59ede58f3d29b69228382 1640789754849 1640789761190 6341
dfd49d8339d17df59294a354290a0bfaeb50c9aeb2566e932e4fd31c31e4e06e 1640789803441 1640789809966 6525
7b85e10bbfe4454081e250a238c92b58cb17a61cc2b637dece03dc799fb40256 1640789852023 1640789857255 5232
2adaa30cedc1be377d0cbfb9c216d016c027db223e2bd1bc5d37ad519c1b0edd 1640789900843 1640789906983 6140
af18b07b236058887ed82f29c85035c1108ff8ce812a52788a5a19f99f6c9ef3 1640789949485 1640789954393 4908
ae32e13aae7137b640156519c80dcc3e25016db5f860bc2bddf959de55e586d4 1640789998038 1640790004084 6046
ed0d9987fb7dc238985aff57a381300e14b17b007b79830744b40d798f24662c 1640790046612 1640790051838 5226
ab0db1677a1d7407ce06d086872e94f2734fb768fd9a60f0a1aa6f1cf6ebf843 1640790095607 1640790101765 6158
530ffb91a9c692a62ee2045e448578cdcf65b1966b666eceaf17b9358814de7c 1640790144466 1640790150624 6158
bda4a620753a4b7789a0778121997c836988b122eabd1014552c32234e0fada2 1640790193316 1640790199307 5991
64d5d1cbc513c8d2d5bb6e8fa49b3bea7ac18d7e5101d0b701c0a30be8b787cb 1640790241829 1640790248199 6370
81e37340782d429d10f08b660ec93ebc243554386cdd9a29a7916907593c0b3f 1640790290586 1640790295571 4985
