c487bdff58edcaba741203043cd7bd837e02c771ff651d87ed748b8e308ca05e 1640789362984 1640789368461 5477
031a93201aaf41f7d7d251696e61adb33466e1e7650a20de84468c5780e59e0e 1640789412408 1640789418163 5755
75823fa0cd3813525e1124a349fb4cff9fd31c12037fd1960de11e415c2d7715 1640789461058 1640789467375 6317
6907a78619eb9f4cf2ee0a0f26af838f148efdf7208af780d93691763cd963bc 1640789510191 1640789516414 6223
8e6b4b1aa482df94c2f2f2b412645902b910fb66e28c021a4f8561dc37447a16 1640789559020 1640789564488 5468
dbad355950763b6ddcd4b1fa823b37108772f9f544cc0cfb8880a132d5bbb871 1640789607848 1640789614409 6561
b3eb609822a6572dbd63a4ddee913bcce4eab00edadcecc78c83f9c226373d9f 1640789656354 1640789662979 6625
7dc00a07a48506673f66db06dbb4619379001a30bd43c14a803be2e13819280d 1640789705829 1640789711176 5347
2552a61be70f168667a5f390c2b38754e5d6564918997288bf0eff6b6d448263 1640789754818 1640789760181 5363
f6f91023dd667ed4ead4805c07ca2ac131c8c3848fd5079ee4a15dcf55020b57 1640789803413 1640789808534 5121
f31243b08b647f81b9c679e45e174c9fc32120c29811260f71f288b292b41e24 1640789851995 1640789857553 5558
594697c1eff09d0578ae329a5ad15563f3d25fbb19dea8bf2063fcc7b1b635e4 1640789900827 1640789905772 4945
35f8759e7c6cc09c6ca6c0a935306d4f35cc60093aea137e94a22ee6b04ba86f 1640789949448 1640789955870 6422
2d904fd13476c8f2e34d64d2ef1301da5ca5ed0636060ebd4c351be6056441f3 1640789997994 1640790002313 4319
3f4ee7188bbd75a14cb219c054b74c48b41e8116cb171f7cff0bdd486238b205 1640790046597 1640790052047 5450
ec8ea8c1049981abbec1fe6cd528cd157ed4ae2ceb803d157ea6c529a4db6d6a 1640790095580 1640790101937 6357
debad7a0ca0f3320d49cd260c4488adc7c5424e5c7759d7487fbdb80d3b243db 1640790144435 1640790150629 6194
b1c5b32f651a1f03f4250bfa55c58d692b1dd582f7f73fe6360c1a99b5200714 1640790193291 1640790197638 4347
74e7c1da097acf6e0a25f9aa5b40aab80a4980230d1f60f2dbd4a6c193cd471a 1640790241799 1640790248096 6297
8418d52b16249547e713f5ecb4be73e96f52fe56e40492f2440bde745b739841 1640790290563 1640790295876 5313
