4523a98d8e81e7e60ecccf829d465c952f0912236e72c67b2f93b98a57b162e2 1640789362994 1640789369546 6552
67d9acbdeeb323d8498bd863d01c43cfe2426af4188af8aa3bd774e2643c68d0 1640789412410 1640789416973 4563
b7489c899aa67670067710dbb9866b45073591b4db76f77e2a957344bd480e36 1640789461070 1640789467415 6345
2bc0db7e11881f1093046b1cede1780f05429bf493f9275c81626bd40d18dd8c 1640789510191 1640789516645 6454
1d879d8a2fe55c923e892610c0dcd290d9efbd8808ef0720cb909373985a8474 1640789559021 1640789565151 6130
94e13550d106e127867620fe9873450d67a0ba3ca234496492e3492fd413f8bc 1640789607851 1640789613544 5693
f21246b13ea71aa71285f4129be8aec2145c1148992d145ca2fe9b82d6ab22a8 1640789656356 1640789662622 6266
0043c31fef96cd4ac26eb1da1ac6a82002688ff4e4362bdc2573c80f326e0d88 1640789705837 1640789712012 6175
789e893fb321cc463158981122d3910044a550df30693e7ad9257d23d95f3a04 1640789754818 1640789761201 6383
e0ba40465d2fbac1b40fe6cec2c4b2fcfa5ab5833720769d2f5b77c5385cd496 1640789803413 1640789808913 5500
8d765d0a06c2bad9dfdc174fbcd9adae11adc0bd4651998fba349b6c77663527 1640789851996 1640789857285 5289
9c71179c2e3f3face988bbe20b289cbeba563a67e8f2deae5e293d8feed2108d 1640789900825 1640789907005 6180
cc0cdfff9f691aea9d1994fd82e704a9f5ab4ed2bcef0bebac4c8508a044b8e8 1640789949450 1640789955947 6497
9d237421c929c25a25b4a3e1cbf11b1aa7b54b55eea1168d6233088f6ec70267 1640789997996 1640790002709 4713
447827f5f4af8cee90303a4618891a8de61833086cdf89c13aad14fc122f029d 1640790046595 1640790052758 6163
93255e258bad18719d6d26a94ce637b4378b23bc48a18c49a3c59ae3717c5d61 1640790095579 1640790101606 6027
e7e9e40ff049051d15c52ec53a43da662ef5877f8808accaa0c9f8bc3efabed2 1640790144439 1640790149442 5003
8c26b2b7aa31fbdae95f4d6440fa68194f72c3375098aa79f89b05b69db5dbe1 1640790193291 1640790199260 5969
642e46430d1c818204bf182d26fda5d027f6093cd43d086947072d31c8887f58 1640790241801 1640790248165 6364
fdf3e7cabe2b80e0cc759f632bde40010d51e9e38e131b70a970d38c8ad5bc11 1640790290565 1640790296619 6054
