2fba3c4d9804f0300ec2896f4f766b055d580c9ce9dbb82028cb73aaa64d46cb 1640789362929 1640789369009 6080
450dfd9562d4a296fbe7be53f61757fc323a9d3ae34c3be793baa5f1e90fe3ed 1640789412344 1640789412940 596
f42c5a770c263b2453a542bceb991b02e1852b14946372662dd7677497aca449 1640789460998 1640789461588 590
0a6132b168f09db1f494c569f931fa8769679c6405bb2b450a534225caf6173c 1640789510109 1640789514251 4142
dbe49c307735bb7a8613b397a8596e7dd968821260108906b12be45c87867d1b 1640789558953 1640789559419 466
118bd4003cf8a133b632c4e4849b5056600ce2a8eb38879b63430af7f72c0e0b 1640789607774 1640789608380 606
b4661ef1171394823a3cf72258df5eaaf154f1ba493680e21afa820cf00590e0 1640789656258 1640789660554 4296
b9fc4c9a7b78c614f0e462c1a5c7bb3507f519e785c0138bb8d085b2a570f9e2 1640789705760 1640789706255 495
9ca7679b3e6066e2a3f1ee252d8b9a04f9c6943cf7eb7057ee0e64640abc88d2 1640789754736 1640789758939 4203
bbf50a96875e1ba0aa331bc7d405c7118c59d3ba70e942226df87b8c0ff22d36 1640789803321 1640789807468 4147
2c40e83a1661bf9b0a373439e194925aa415b05ff342723bb894c32163fb8b7a 1640789851904 1640789858399 6495
d46805ad644ffb632a57ff64567ca0459675af54b2b4cb84b31069dcac3c7cd7 1640789900733 1640789901210 477
90f4e75eb634ed953e5580c9e0e1deb0a7cfc941d33da2105ceffa2ebcdccebc 1640789949361 1640789949794 433
bbb6f52f84468b0a52f972599359cab3f71cc6ed5531fc2e47cce46e5d38aa86 1640789997911 1640789998374 463
dc27e1ba5bac23e497fa62937496f6d9b1c7015b0578c065820caf5d58e8cee1 1640790046498 1640790047153 655
9e0d803d895c51f141432373469a85aa2daa947cfba0c5c4775b7e9e7c12c627 1640790095483 1640790099614 4131
6ddf4d8643d74ffe01730de71b80a7d14c7024677ef3e54fe20fbd8ebc979fc9 1640790144331 1640790148405 4074
08ba6eae6fdba02ad549aaca20399d434c4e2bd2117d7e37778c8c70aff0c033 1640790193181 1640790197342 4161
804d28a05bc6ef366019b9ac6c9e44bafb88e66c8cff3390decd65c06d5e8bd6 1640790241683 1640790246290 4607
b651b1d18fdf6335b5fcc7d9365da32be9b623685f3596abf86f80f3faf39420 1640790290462 1640790294487 4025
