c5bb462ac7aa6cc7d90b7f9684922c030e583fedd0f98c124499d87f2b0db60a 1640789363006 1640789369085 6079
d5f435a015948b3d4a6ae36d630b90b31b80ad9aad4ff1f96c21e3d097387d7c 1640789412426 1640789418610 6184
3b0d89c9296d8c3c18f31f26162dd2d2228c83a6c377fcbba0adc98e89c02165 1640789461090 1640789466843 5753
43350b16565220caba9bf8a8e4328eac87758d6f4c18f58a961210f5e334c638 1640789510227 1640789516347 6120
bcfe3c2645956187bdca3341feaf7c80516e8d4278bf655d0bd4906368e84f2a 1640789559052 1640789564633 5581
90e44efab28eae87863b81d788d0f39ef62e2495ed47ece66ff31553f740698d 1640789607876 1640789614140 6264
301380cc80fade9a958b19b18913e0216b7ae9d6433b2ae02bc4d30a4a973568 1640789656379 1640789660818 4439
9576dccafbff88277a48623b53a480d8cd2d434c4dbca4d248ec13978e389a19 1640789705865 1640789712296 6431
32e327b951987ff5333dcc495a3523894ed2c5e39e89ac07b9aa57b9e1bfff33 1640789754853 1640789760705 5852
baa42d31ccb120cdd15681ef9bdf31f3c13eb9563c29d356ee857a7323c94abe 1640789803447 1640789809397 5950
00954b99f36fcfbb2d16ecbf462d38387d20f50a0685067692205ca43cc0b176 1640789852024 1640789857776 5752
e5214b15088371f9b6bb5a88e970e5de61d0e472532065ab21d7fdff96dce7a4 1640789900845 1640789906913 6068
53e9b65433417bf27d3201bba84f15d0f061e36167e88d8b8802d852c396af2b 1640789949488 1640789955866 6378
a3b49182aa0684f464e152366eecf85db9b6bc6e506cb4c529606da014cb950b 1640789998040 1640790002782 4742
18cd17c17f4b381d03898ec81d607341ce26747ec1a047b7070865495c95b10f 1640790046615 1640790052371 5756
f86bff68eca7db5a070b71a9c097f9f43cc81b42c54e7a5dfb1ba7ba7007546b 1640790095610 1640790100519 4909
682b864b3640399d15b67f6d26331703b6bc282d7a7bc24ac5a1870d3b9a354c 1640790144469 1640790150641 6172
d7695359c0a029fe542607b494a33757df925514784beeafd9d430e80851952a 1640790193319 1640790199440 6121
a2967785244970804582c430d39aaceb39c1de6e7dc3a2128341b8874a547ae1 1640790241833 1640790248210 6377
d0d9121004a572e06c58c690f3236b41128d6d6d9264317cb3395d1a12a8972f 1640790290591 1640790296471 5880
