107506812c0365407a2ad7ffeca9be3663e52f7133bfc3aa9428ff9e3d767186 1640789363003 1640789369175 6172
50f97c1c9cb83d9d3f9d3e8c2d43531da93b6b899822bba188548fded8b53c4b 1640789412420 1640789417608 5188
c5a0d18691e4cfe98f1a8e263f2bc3113af38d1ee3c606c09b01a990411b6772 1640789461081 1640789467355 6274
bcebbc3a7f1ccecdccbe6bd029dd350a826241d4fb21b453f2115f9f567314bd 1640789510208 1640789516606 6398
2164041bb42a0fa06141a518c8a2355f97d530ec501b33ff3cea726130653a26 1640789559050 1640789565435 6385
fbd53c5801ec9e0f3cd3bbbed8912e5df295f017fbce58ff1b5cc4511271093b 1640789607871 1640789613506 5635
d267cd47023e6ebf2953477d4ccefe205914b9fe5f32a376000ec021e47dcea5 1640789656368 1640789661506 5138
c6027d6cd50285c74aace84b38539be0a215826394911f4abbde92752e35efdf 1640789705860 1640789712268 6408
df31c9d5d806ae99bea4f78b53ae1aeaeea2bbb034244d4d9758385f18b6fb24 1640789754846 1640789761206 6360
32461fd305ad9ef3649eb32e6db6a9b4755a7d1b69eac0ce4046d8a9615ff14a 1640789803438 1640789809838 6400
39b8c80cc0e73c9e2470e2c350a98f4f19462a66d87ff38298e51c2a8e624c44 1640789852019 1640789857999 5980
d2b8c1d649b8f0d761985842e2bc8c211a32f15f2c2adc4f6c99c5b4826efc8a 1640789900840 1640789906763 5923
2e6a1d4153b059cc86d72eef9d604ac039838b843f75b6563bc83f4d36c71c61 1640789949482 1640789955787 6305
687de3af81f8a8af315b38c90bdcddb24eabc2016689f2c8a9adc19e1f6244eb 1640789998029 1640790004083 6054
318c75fd03b5bc0625d1b58692c05f021f95fc55b01f69bef391ada5d8682482 1640790046609 1640790053079 6470
2e76c6ada5cdb1e048b2896c3863a0098000a1a47fca8f010608d66b4bc04602 1640790095600 1640790101883 6283
a0d6c240f40a51b9d811809a74ef65403751b250bd652bc569b5cbdd974de1ac 1640790144464 1640790150129 5665
f2771d2a9a9090c0e8c73ef37372f47450d9378efe25241c8792ecf1e3b5711c 1640790193313 1640790198142 4829
55372f18da800bdd73f5f5275400b7ab5abbdc49560b319c54fc389f241a79ca 1640790241827 1640790246615 4788
f734b23d779fcb37a358eab7052da77e6c00fe36bfd12f89c551a24426c05937 1640790290584 1640790295437 4853
