964d17adc0a6e1c7bc246c4bf34484f1330b35bb5c546792c66527895255464e 1640789362947 1640789367595 4648
6951abfbafb935838e08560deb914c011a89dfc92e38283d13c5abd6c5343e94 1640789412361 1640789418773 6412
b95d483718ee3743610caf9070af6d63cf53728fa6bfcbfe2384da4e8418e637 1640789461018 1640789465512 4494
ef074e25f1344bfb0ec8c6ab9d51ed5d98a959a95c9e802337b22581438726d9 1640789510130 1640789516380 6250
3fa9abf81012121b7b93e44f5ad69c19883adc718c6f67be4eabadbad4cd7eb9 1640789558975 1640789564696 5721
e6c872092cc491b5b8617a98eade80ba31f35bba31b48fd24f542d79b0035bca 1640789607793 1640789613405 5612
669c024882632e4edb9ab9937aeafc28d74e6f837e3d90d07186a0cb978210c2 1640789656280 1640789662660 6380
5d49c64153a4a54f84c47b38e9b058ff8ba22c6e5626cfa060c323294425fda5 1640789705783 1640789711807 6024
415f739d7bb248b2b505c0ed5218795be8c8c99e0a4eb7162c433a014ac30a16 1640789754758 1640789761019 6261
b9e5e463196b8a62f6bbc88801e490ab62b6a9e9fab79c7d05d027ceb0913125 1640789803345 1640789807844 4499
4968ef4f41bb7319499762ba0ce089024aabb6e5d1409853d384b95ed450257b 1640789851928 1640789858099 6171
c68e496eff0260716677f5c9d16c662276d397287fd08bb9aedc72f3bb9d1363 1640789900758 1640789905519 4761
e572c7a6414901fbcfa085c865035b1c858a6fe17033fd2e25bba4ba26872559 1640789949385 1640789954809 5424
e65096c0f6a66caf5cbb197aa1e87e0484c2f89204132c38f8abf7104df48a4d 1640789997934 1640790003945 6011
4b7e4207c69326c8551a88ae799142ac21e3d5bd4f04164cb82993a55a185657 1640790046523 1640790053079 6556
562fe9e02724b7c7835e4e1fbc4071dfdc1ece579af2314a34bd178088e8b4e5 1640790095510 1640790101931 6421
d7320af96caca5ddc9e0ffdf51bd247851715b886fea9e921a0ff8bb8bffc5c3 1640790144361 1640790149656 5295
7213311b7f1f4590cb70bee2cb9f5f9fcc1ed0cc73286ad488d329763f06a37d 1640790193211 1640790199088 5877
866848279e045de31f7a8a2db747454e07c5e44a15dfcd7fff73d121656ee359 1640790241708 1640790247646 5938
f478a7d6b70e1570733616aa733e012aea74c9bdc4b02bc3dbf4b8d9952386e9 1640790290494 1640790296732 6238
