44a04f4b1e5d77b7f0b9c12e29e2f4d3bda98aaf267de22c26e565bede28800e 1640789362961 1640789367596 4635
049511280ff9eb59d0bef2fb1963ebbeefdcae36f6cc3709d8faaac98c499e54 1640789412377 1640789418161 5784
f8b14e30a0675d99e05805fc22c1699f9cdcf0475e7174a904b3a0fa060c8d04 1640789461033 1640789466541 5508
3d0465e6a777010d21cda1997c92cebc69f45d7d902e59fe6f468425fbf10ea3 1640789510145 1640789516617 6472
e07ebdc72282f457565e2967e3c9a3ecb45e61fcfd6eb7fdda1357e4cb277761 1640789558992 1640789565216 6224
269b642e6dd02859305dab931f4878820e8ea65c9bc8d0c564ebd67a5e2781c6 1640789607810 1640789614320 6510
0ed5c841ff8671bbaf36185e7d1631d20f8e98219df1f4b4bd877ecff75ecf0c 1640789656297 1640789661345 5048
4db43b7985cdd408cef4cdef3d5f41a6bb8f89e166c760926327bb20560da427 1640789705797 1640789710049 4252
74e9b81972f456bd1bf89e76810621b3c5663f89543eb82f219b0788641fcfc7 1640789754773 1640789761209 6436
840ed4bff5c7bc388dab1a83664ba89ce8950611e43a02504a1a1fb9e8a5db28 1640789803363 1640789808718 5355
f8d399b3163a182e42f6d9c02ad3ff6fded03a21c0a4cdd8d90b071a0b8ecd97 1640789851948 1640789858205 6257
b554e853200997c3691d60de651208489c8b6def66caaaa536c54dc0e3dea63c 1640789900783 1640789906837 6054
330388b835bfff1ed9829ea1fed323f16250991bf4f3d59b1c27aff9ebe230b0 1640789949405 1640789955735 6330
6a5ae52476f89888804c3926cdfb1748d4b4504bcc90c0d7ebd208776e377823 1640789997956 1640790004392 6436
54d75bf5f9537b2fa0191bbfd5d463927dbc1874c90e8bcf01da79c9f49a6c2d 1640790046544 1640790052198 5654
d972bc6d3469deb5fd6f1b9b5a25417342d6409e669fe0d44e30f58ce016d97f 1640790095533 1640790100796 5263
9a7be27eff3c52e25e653315b8fc50ccd6078fc6c242a9083b3020389630dbc4 1640790144381 1640790148629 4248
abb4b1e8c18557def8a313d23613d9518bff5ef820ad1e8f86e6b79b54e012fa 1640790193237 1640790199006 5769
2bf8ba9356cd1fa2d0a5289d19e0f40a4c5820c958b64b1ee55f6590c7661d4f 1640790241732 1640790248078 6346
69f217f78ce50a8051182694baaa5e02787bca37b5a1935a1625b072a4bff3fc 1640790290512 1640790296608 6096
