77cdaabdf78ee72093c815542f73ffde1b38665c4769f1191a697b51c827c42d 1640789362994 1640789368169 5175
890c23e1a36283aa856a6c800599690e29c0cde40b5a861e4772e8478b6e022a 1640789412415 1640789418181 5766
1a5d112eaed73f16c5aa9cb6c21e32dd94430609c4ce81612d7222b7662450da 1640789461068 1640789466751 5683
d52da165e385ed7a5430d760c7f4da229554ce55f24c36681737979cde362b76 1640789510202 1640789516621 6419
f089101bb7bf572018847c78590798df9e93b3a7d60282d9f17b481b1e627397 1640789559027 1640789564421 5394
8fc1f6c53cce9a38a31815035e8c647ab1d56f21454462c1ddbc759b42cbe79c 1640789607853 1640789614318 6465
424bfec047d007522db2098ccf05059541be65f672419b918b912b7a2cb0a977 1640789656361 1640789661338 4977
b4cf216c89e5d7a228bfffec604ac35daf0e17223064d37c0c3aa793a6b612d8 1640789705852 1640789712258 6406
2ffd7d5781795443ff81f0c38c43a41f4157ee2beb72de3ed6d3e91d3f5cda88 1640789754834 1640789761198 6364
248f61ddd6bb52c715d0881c406ce2fcf0796c02ff57ca90c0a942172d4badcb 1640789803436 1640789809651 6215
f7a531b8818c35ae55c79db1c471d3ae23e9be6beb96923190b027fd2d6dc19e 1640789852009 1640789857432 5423
77cbea00a8430dc570b3ab4a780266a5bbd75357a90942946f9b86137654de79 1640789900832 1640789907005 6173
41f98d2d1d5cbf62c3df1bb66944d62cce44387f7ba85543d5d29530dd49045e 1640789949474 1640789954299 4825
5869d9f8878efcd0a9e18a0f9a8f173122c16dcd5eb04a1b90280b98612b7371 1640789998021 1640790004391 6370
a9b38e417d9668895557a43705709ad8550402a8575cc3fdb655f839810a2afe 1640790046603 1640790053062 6459
a42a488f70cdb88ab5d3030802a2bc733bb82e9c55f827239bc76ecc808a6bde 1640790095585 1640790101862 6277
462ce58fa2659945dee99abf91904b3c2ae03ca833c02f9a7fc974fd5b72500d 1640790144443 1640790150177 5734
3be59ee04d86712a3bdcd652d041f711eeef7e7c86d1638c0775febc3e56b4c0 1640790193306 1640790199306 6000
36ab05b43237949ee19c3ac50b145ade998623665a1259e4c06587522ead1bb0 1640790241816 1640790246754 4938
4bc0587fe99642cc14783a9914588c91384b041ba5a0218eda8e3cd8f510aced 1640790290574 1640790296025 5451
