d9dd5c7ccef20d636c454cd44fc145406e312c22edccf892b869fa5936a7fef5 1640789362952 1640789369472 6520
b1562cfc2ddfecac133352066f37a2418ab71f4b532ed9fe3029b5aafe5c9c74 1640789412369 1640789417436 5067
b5dafe1b29440316d4ee43a3e2acd399dbdbbcb004c38588978b99a3ad380aea 1640789461025 1640789466775 5750
a3ba711e20aa302a0bfb10f0c21c823997a73a35d02408d222dc9b55b18609e8 1640789510137 1640789514867 4730
1b3cdf183f37b5402c3f1c426b6074b8139a526c5224ae250f2977566947b898 1640789558982 1640789564316 5334
a811c7a320944d379254817b7cb2163a6c406c20d40e67ff5a9d080eb54c1641 1640789607801 1640789614093 6292
923484b109c9fd866a1ab29592339bbe90ef75ef12aa03e1a7d1ac2b93a17fd9 1640789656290 1640789661983 5693
af3624cd2dda8dd71ba8355cc55128093224874429ad880190bdcbd318b893f6 1640789705788 1640789710369 4581
f38ba27a82370c09b9ba53895ec3f6a1de12634d70fce082e776d13ace271ee2 1640789754765 1640789761212 6447
34a209b5bdb53ec69b450d41c41b87220dd2e6528207b45e8d9ab607b79ae5ee 1640789803357 1640789808542 5185
966481c7971d0991425ece467b7940df0dfe96c63014159900a916e99eab9e30 1640789851936 1640789858390 6454
416edffb0f24aa1e06931c0165df9428e2c0ead60dfb9e6da89a44c36bca86c8 1640789900766 1640789906130 5364
65cf376711bff6c63174496960fcce52a3b1c939ac4ed197a5e7daa9ae51d14d 1640789949393 1640789955633 6240
29c1ec2705b63187dfdc0ea1914d3602a176ee600965b8cfbb8fc99443f73de0 1640789997944 1640790004192 6248
ab8375db08488e67f51b6a337de1a4aebf125f9e6ab46ec55ca5ebe36afde692 1640790046531 1640790052560 6029
724c630125b3b7932d049e33e690dd6abfd2b5466b1b99a799ec76d470bf1788 1640790095520 1640790101393 5873
829d92fb7c405dff719a96464d3dedb4c9ccbd0fc257e2c378417ceef83437f9 1640790144368 1640790149955 5587
41a7c65f82dadf364d96702c5430ff193043d3c8e5b05286c9ce21119722424c 1640790193226 1640790199342 6116
b0e8912475e59e5fdddcd8c52950008df9484f5fe52dd686325ff30ef7a8d71a 1640790241719 1640790247817 6098
35cea4a07b5b4d88ee1f80f527963542650b8e92beaf480161decae5b6c4fd3d 1640790290502 1640790294968 4466
