5542026882a4b580275654a7f7bf41f0c1a05605ff97825b476624fb6c376c16 1640789362945 1640789367560 4615
06ddf31e81af8a7715a557400af4782f86e816a9637e7db0fb9abd5dd8ad5aa2 1640789412359 1640789417497 5138
f01bb4b860d0f0bf30a56772337e077fd4e13f6075011892c7e2030b5496c4fd 1640789461016 1640789466362 5346
2621012415e8490b35b5e98d73ab2dca94380779c48f04f4bdb4818038a97c82 1640789510129 1640789516595 6466
ca2250443326a5a26cd13cfc80dab34fb97e3d76c7530785d221173c9aeef3e2 1640789558973 1640789565191 6218
84f4a0a2ad252c88f8c769809d52afcebbc1c9dd381a9b36782c1480b25d1fe1 1640789607791 1640789614419 6628
822fb4992beaa7504dd215443c48e6a86892e6a9c2906710b1b4f855b77ccdeb 1640789656279 1640789661521 5242
b8401ac2b54e6d678f61efad4ffd611d3d1611df46e3851d9528a989a3af5150 1640789705781 1640789712307 6526
5d77ec59f3d1f1847afff732cc14ad0941aebc374ad98e82c5b6e65da735096a 1640789754756 1640789760120 5364
8f00357a24a7e1560979b63deb9d021f276d8eb28ab061b5c988ae384852d6de 1640789803344 1640789809367 6023
c4fe8ddb70dd823246fef5f294bf4209858e0e64ce6968dfeb9833a9c3f49c9d 1640789851925 1640789858259 6334
0cdb06bf62cab549ed6779e7493c2708ab8f13d523cd91bf88545f63edda200d 1640789900757 1640789906092 5335
a6d38a95c81d57804fc63105d7fb105a0e237e9792c81c8f62fbefaec494eb41 1640789949382 1640789955006 5624
0c85e3710718c9779aff60bb128691f994bbd6a3ed4fbc07d11ce1a6fa6c845e 1640789997932 1640790003082 5150
5379f66bfa42b168634f6afd373070d481dee7c850c59c963d5e62a2f81bb5c0 1640790046521 1640790051779 5258
ccadf26c3ccb0176da112eeb191dfb9d560c1ef38a5fa7663d80bf08241b2db0 1640790095507 1640790099812 4305
0129852dea867cc6323567d5432c7dc88639a5cde19cb513063ba05a7791f4d7 1640790144358 1640790149784 5426
3f7a45d4d0c4e4cb048fd500283e26eb8adcb6ccd8e3544592984f752ca1f7a4 1640790193208 1640790199398 6190
924090e792aaeee23927c3752314cb4bc2f14907b22e6a68404afdb242dd033c 1640790241707 1640790248073 6366
f1c590a58b6a720f405b1e6f8485ef5c6c84aeaa1e06a908b8875f3ce2366354 1640790290490 1640790295041 4551
