7103164e4b429cba0baade2a7ba69892ebfc07995f806fc70906bece8d233899 1640789362927 1640789363163 236
d9a8b5a5f32f9ac0b5203d6192f6f50809429bfb99becb071f7f932d36146f38 1640789412341 1640789412552 211
75267060c312a545d09559918870b6661e33bb86bdd3b3097f1057511aaae18b 1640789460995 1640789461187 192
384a0c72a87f82cb8b96f43b17d7df63c88c48f30ac584b5707954abf22af0c5 1640789510106 1640789510405 299
97b246837ba04df649179f14e04308a56627b3cd6f1850cbc0fe61c08ce0a8aa 1640789558950 1640789559186 236
a4b42ccfd9e59ee6357c158cf556973bca02fce8af96540236429d28df81b120 1640789607770 1640789608023 253
327a4b332142ffd7b9a24e605ca20e540b4facc1b5c9b0fcda5b1bf2141e143f 1640789656254 1640789656445 191
0246ee760d2538a446df2038b6692f36c6ff413c12d4965e4db599925b61f30b 1640789705757 1640789705958 201
f4671fca16765adf55377464a6955f0b5470e776c06d66ad411fdf1a31922f98 1640789754732 1640789755282 550
191458d41975753bbf35aa978b24bf0d59d69f98e9f7be54aaaeb72f6161120d 1640789803317 1640789803536 219
3b60b025220b42de1078b70ea95d2571255fb646401914a7d0aab17d437d891e 1640789851900 1640789852107 207
791c0b02160ac58aac06f329fcc62aa50ab798e981ad6b28f787360d368a126d 1640789900728 1640789901027 299
4e6fd7b9c764f145b45305edf2d4167a49ec878f53883c84a41a5b8c49efa13a 1640789949357 1640789949586 229
36654088461d47e22edfa9a1d9524941827b4e1087a0f5fd89bc4248bf913c40 1640789997907 1640789998123 216
f029ee7f47e550294dbcca606cbe411fa0355f772be4a6e8fecc13015c095b73 1640790046494 1640790047144 650
c9792c3684042394fe48a662e43d9a29a9f86262b1dd89a42d64ae413a3c5b9a 1640790095479 1640790096119 640
b1f62ab1f5beff01509aadfc84caa43e7c4267f5033970048af2b7be30c90c7c 1640790144327 1640790144541 214
0cfeb63574dbb8ff1dbf7dca688238d40a8be84bb8b84516d2c1bc3e57ad8c8e 1640790193177 1640790193415 238
0d1cb89d6aa95748931bdea203cced714f10cb19d4a267effaaa2314d18c6d47 1640790241678 1640790242165 487
e3f0f199e5c231ab87037db5f325fca67ac58d7f941c30b5a98d0a9012a5d04d 1640790290458 1640790294499 4041
