69ce3a9ab951e0499d98e77a849c635c47a0e457d9759fafa2e603dae2fc1910 1640789362932 1640789369177 6245
ae0378b6baca91efe9f3eb69e9240fdd9672af03edf86ecfbc784be530cd05b7 1640789412347 1640789418491 6144
3a2fae7020ca8bf14f0c6a27cf001b12001db9344318613becd44ea3138762ae 1640789461002 1640789461720 718
310cc9d839e3d9e22b786982d0c434dd7284ded47d236625c4724cfb3d5803d0 1640789510113 1640789516069 5956
07b7fabf7ea10da36b5003aab836cb16ac843bed5b56e80a86ccb3ef33cc7c0a 1640789558957 1640789564870 5913
16bc8916c5aeb533b58f3b52cfdc1c7a801b1816ef52cf4c694f3f5337ffb075 1640789607778 1640789613162 5384
3530526f9d0865e78a79775a6575f4079d48ac64b522450784225323e4a47f17 1640789656262 1640789662306 6044
b3a70660d84dd9d3017ba363fd5790c3f996e6bca6ce3bd229893894ef6d3b0d 1640789705766 1640789711574 5808
ce16bb8aaf2b4e1bc29d56a03eaf8e88fb8c6e09c6e6355fd94bd3f0d6f5f4e3 1640789754740 1640789758968 4228
84a398601bdd09f0995519e6fcac9ee22e46d7f5f26e5ebb6988742203109a4a 1640789803326 1640789808698 5372
a696a25a127d8355537fd9a838d3f2def5d91b537b436afcaa7257b130c640f0 1640789851908 1640789858433 6525
b697b422e2eb855ad6729901d94f49f1ddfc09c75a389924b8111074a6409b91 1640789900738 1640789901276 538
df02f12d43aaa2f3b3eeef7ee5cb1aead8432fe70f0a07f3af2cb8fa40cacb9d 1640789949366 1640789955099 5733
c6688d4ce67a95aec421e468f27bc4aaac26d697444f8288d4c6332590fa2182 1640789997916 1640790002709 4793
21b7ea20be23a7266efd371f49fa3fd38ced214d460aa7a30d9f28c526774f07 1640790046504 1640790050679 4175
5131862d318749b42206c5045ba50f95ebbb7afc7e5acddb0f1877f4928ec15f 1640790095488 1640790099636 4148
177b1dbab72efc28c59247dfd0b589eb6fb014f9542f6757b67825e2e6ed94e2 1640790144337 1640790150616 6279
bd79d2fe7e61ae4b24e85604f3d2543e4d8e3fb17d5ef195f34bd1241044f2a5 1640790193186 1640790197947 4761
772a2ffffdbc807f20a88e83c408daac95b9b803a350ea963f00fb2f9e6716dc 1640790241687 1640790248273 6586
bbc96e7be8034d3891a0194f64de7a9b2944a36613ee0cb9a6dc6e1cb04423eb 1640790290469 1640790294487 4018
