db73803f66242491685069349a0a0134c0f366dc7df53365ff1fb8a8e618ebda 1640789362936 1640789368876 5940
d810c0ac89c2fd6825ea45eae1802c70ac2bd08bd9fadeb3071ee8c4fb95c186 1640789412353 1640789418181 5828
df5738ceb15a27fede008bd88884ba1a3e1acf1f7d30cd7708c91afd08742e52 1640789461008 1640789466124 5116
d4408519cf8776aa337a35da6dd777149981b1402b78d16e4ae6a4d7b66d86c7 1640789510119 1640789516640 6521
b09d7b604420189cef632e7e1de884ee2e5e2ca157fb270572afc9ab0b9c314b 1640789558964 1640789564470 5506
67997fdf106687203d4999f0a12398256ef25b693de5724803a700259d97f092 1640789607784 1640789608325 541
3cba7bdd1974f2a22806c23c0a5359a072d97c6527daa6b7c9e58508ea96877d 1640789656268 1640789662147 5879
2e8e9ed122251ff53a8340af0549f26db25ca05f8ec503e2dcfcef15034b6329 1640789705773 1640789712199 6426
174d9abf58029624d71a615c02f12a1cb4f8050bba95f13f261c881326354a04 1640789754747 1640789760221 5474
e28800220a08b247e1dd3956b77e5410a605534138e65478422f33a56eeabe07 1640789803334 1640789808700 5366
6e6bbd99c0c8f890464617cd63cd7a79f4814b35f24c4e094297726507044461 1640789851917 1640789857901 5984
e41ec2b7ed551dac8344fe084b2b9a603dba48dfd6a5f30fb4e7e825d28b8cc5 1640789900746 1640789906436 5690
bd4ee88184eb906ff27053d8565bf1d32f64bbc2a6b06b205cc8676de6649fe6 1640789949373 1640789954262 4889
572f55aafcc761d51086382fca02d42356eeec939163348f1aae24959a8073e4 1640789997923 1640790004286 6363
e2b80c9bc4be5ba1dc8d744e69c03d1a783e5a9ec20104e23db5133c778b09ed 1640790046511 1640790050926 4415
6b16754924c8e88413333c9ad347dd85b9f331cc6eacd731f37962ff976df928 1640790095496 1640790101599 6103
e7156e862cdf64e376c789685e3e8ce1aae85f3b3f0d791bf9fb44341ec83270 1640790144347 1640790148390 4043
e861aee56eaf04d8ccd84c31f477505fc3b9d389dbe65ee50164999c4745c57b 1640790193196 1640790198097 4901
bbfd4e1a1b503282e0e4f0323a3e6104a6cbac2989541d24639371a14e57823f 1640790241695 1640790248023 6328
694606e1056d7fdbc9363c5b5e97cca3dc823e8af972d6cb8dde70a38ae6cd7c 1640790290479 1640790294998 4519
