8687a1aa74cb372ec5fde47f9d8dc3e27df5ea51c993da63625ca5ae8b5193f1 1640333318860 1640333335826 16966
00624df88010492bbd8fe2355e2848d6e8b839226618ba6b91d957c0ba74b3d0 1640333350966 1640333360023 9057
0c052c17a93267e5b9a4dfeb907c42d53660f91e484ec247e3b6af881f6a16b8 1640333402963 1640333410439 7476
2fad40cea0ebfafd4776a1b43a2753b9aaad0ba424012fda1f666476527ea2a9 1640333444929 1640333458437 13508
3ad130f6c5eaa30ac6d9e58d875012769278f4085dc6f1b9ddbf9df2e281b211 1640333491985 1640333502053 10068
a1493938112639ce44b868f88dc87c463c349da0e069371715ae1fb3faf26f91 1640333535687 1640333545287 9600
d8ec7949e90d28850e198f77cf160fb240d001de93061782ad1cf9bb79e09bff 1640333582186 1640333591744 9558
dad27fc6519623ce4850f2aeb860c106ddc41bf52d02e768323f316f86f2b4ff 1640333628309 1640333647919 19610
478e65622909a80c2f96dbbb2aef9c49b364e7bf2171f5176938255c4aef6e15 1640333679728 1640333687443 7715
69bb5d7a01102bb06d8c4a8d37b3d7752548fd06812ea4a1d73a8899a7e20f38 1640333719880 1640333730604 10724
837060e28147574524b01cd782ffeb54f8b07b0e7a850c9df3b14b1745c89b50 1640333767426 1640333776177 8751
ff768ff411a8aa7f0e8e0b79d9c5575ed521f3162294b7314c0a21c692e48e96 1640333818031 1640333836544 18513
f978380bb2fe649334dd3b0df6aaf49e77df2dd533d8c90f2a7ab15a03b208da 1640333877600 1640333886605 9005
89b9a7bc525f38d1ef9d70fcb346734abea2cc3100fdacced3d128e783c58684 1640333913621 1640333923386 9765
810e647d518640135000cdf2435195376cb79044acd5caa35424ccd2b23d613e 1640333966117 1640333976671 10554
7790de131dba23dbeb483f91d7546ad5d3f176aa954c74c0d3db71ffab946af8 1640334003082 1640334016782 13700
a3739a58f46f0986256e8e7a556b399d0ccd9b50ca0af32a4f6a63b8a867aa07 1640334051185 1640334063205 12020
08096d1daf1b087650994e930acd9c758c9caf316ba91d73567b8d60b8bddd71 1640334099626 1640334110381 10755
db1ff4fdee055e078201147e31f94eb012eb6f43d6cc61b255f3a2b3aa769643 1640334147803 1640334155343 7540
41be2779b282b9308c65017b793b06c4d9f1cbca43591b70cb53249e1b4acd89 1640334192309 1640334203608 11299
