c947779ad3f818dd7af191e2a1eef4b30aba1fb74a26b99af924910c13ae12c7 1640333318881 1640333341755 22874
65228b7d3c42e4a087fd854900a18e95148018bdff68ee43e5972fb5ca15fb43 1640333351001 1640333384772 33771
3bb9c83898e3e9b21cae27aaf157fe4949ce95adf2e26fe6f0f3180cd498f6bf 1640333402993 1640333435665 32672
7e53fafcbc8be48eba7a6dd74ab71dc63669cd248a9d5867b02d054c74da6dd3 1640333444966 1640333476266 31300
84da63449eef68e0234ee336da33281b0bf5508642032252579bf42815de5ce4 1640333492019 1640333528669 36650
b816ca3d5f580692f68219fa3dbf60e3752a16a7ce8f563cb779fede5c948aa9 1640333535721 1640333569061 33340
69ba0599551ef66285c9ecc37fd313e32ebd2c6f046e5dc4723daa4db31eac6c 1640333582221 1640333621376 39155
b61f3e5b2520f840eddff24cfd6fc31fbd1553cf11f79289df74b8288d85875f 1640333628342 1640333667104 38762
197b21591c2f587c2ce48a1a15c13877fe2fd1e7c81c83b6248211c892588399 1640333679779 1640333707782 28003
faf6a82b95dbddf9d2b8c5b7e31ef7df4cd937c0229f1dcd1a26796baa457f37 1640333719917 1640333758573 38656
3d5f298af30e260b5f796ad33908a71e84c4c99603cf69708154ef89a61cd4a3 1640333767457 1640333791887 24430
1b77783e2793990a91f90e0384e7c530008fd908467a2a9a220e8689ed056dea 1640333818079 1640333844456 26377
7f7998e4c28aee67e93cdbb0f481ae0730a5ae4efd2c575b9e58eb5d29149c3a 1640333877642 1640333902622 24980
a1edc46b47f68faec9b2ae5f2defe3505d6081b06527d577405a31aa6f17a506 1640333913655 1640333951992 38337
0891427af1f851fa859b88066562317d75f205ab0cf19abc9951d1e8019a5b9c 1640333966155 1640333989248 23093
5bc4ff9052a633a68bd39994684b3547b542f96299859da8ff57bd108b78d965 1640334003125 1640334043980 40855
fbca6c353643d2ebd9ecaca60222229af605d1c973d1761c2a559154e30d47b9 1640334051226 1640334084263 33037
ba4e757838f9d4868d430d624bf20041f47d0b7be9a7191ba27d674daa80e9be 1640334099657 1640334135371 35714
9437ce402e5ed7740daf84d397255fbcbc65a9f954a3b4b6a92e2bd43431f1c3 1640334147840 1640334168718 20878
c389b1ba5f5f6961349ada62f9403d3be1db1413b0942e6cc435db3992702b58 1640334192352 1640334230138 37786
