2473c0f082abb422b33fb2133427c78396d7c9eef46474b14fac1e666c66ba04 1640333318846 1640333326756 7910
2c897bd295119bae3da67c230f0c29b8cbdbfc3bc511796ebbed4d6746f0e787 1640333350960 1640333358007 7047
1eef0ba81ced27818f410a4eb43c153c56760bef102318160bbe47e5ecd25595 1640333402957 1640333408047 5090
ea0ec12434a07d93ab469835cf8546deb180d6069c47cafb8ab125a734e2c74b 1640333444920 1640333452429 7509
1bd2a580a280caa40792e6e15238996dea2716d8dc2e10a07034e73288761878 1640333491978 1640333497910 5932
76c28ded23e0758175a5660720f53842e6ba54e7448e84726648655edb59cb70 1640333535677 1640333541129 5452
7694b17b02bc5508e243676746f71b9783719533c7d6d682b184500ccd125b5a 1640333582177 1640333588028 5851
6231c1f57d4f12b99b9d8323711a959153e40ec681dfdee0a50fc52e0755f712 1640333628301 1640333632931 4630
952416342e7d93cd9f19b8d8ac509c1b78ac47e9339cff2610427bbff69b27f6 1640333679720 1640333687907 8187
e88cc72c81d233da5a080860f342df5eca3edb04ef9fd2c200f5defc21a4b0c6 1640333719872 1640333725711 5839
7d5745aa3225661f9a61c8a0ae9dc16a2ed3c9fff9e076693562eebb1283442f 1640333767418 1640333774881 7463
fc6c80638d6af49d51cdc68cb8b6b6db549404126fc89caf1c0f7c3268036ad4 1640333818020 1640333822855 4835
e95205b2cbca3719f32225130615c08f1225bf8f520995ea91ed94a07eedee38 1640333877590 1640333883815 6225
9d2664a86e7f023da2d24635fffde2be948a7dbae5335d8093017e414cfd6487 1640333913608 1640333920545 6937
af4c36ce25d2412c5be93f9962384415fdc03e2efec4380efd06b1f45bc274c4 1640333966107 1640333971681 5574
224d3cdb84f75c72bcc4bd88bce9d0de92d0d0c8eca99e2a4f9701d53c17ae51 1640334003070 1640334010657 7587
c1fc469046d92445287e3fedefa9756651b11264cc32227e2d96bb0fa09a58cb 1640334051171 1640334057005 5834
35dc8e0a3d5860efd14d9cae20abc891a1a35777773f530d2b0b28e463f474b7 1640334099612 1640334105481 5869
7ef6ea208cd1a5999307dea420939cf0e10731496b2f293e234292665b836f0b 1640334147795 1640334154074 6279
d259e3cf4f6d8dd652d39f280e6ffd92da78d187489fb347c9310ff0a30bd7b8 1640334192298 1640334198293 5995
