bf4da2c3c6602c2e3ba02c3af60a67fef724e36afd2e187a90de3b39861288a0 1640333318871 1640333339762 20891
7e3ca0acc546aa9725ef8fdc31a23b42abadecfbedf080e4eb24e3fa0885ea19 1640333350978 1640333367589 16611
97f2d27759569026c8accf29170ee7c4ae8eaf36eb58feda2293fff51bd0ae9a 1640333402976 1640333417035 14059
ca97c4b2dcc48d9b9d13a6ad1b32b3ee145f97c6e33f0fbf1042252d74627d96 1640333444941 1640333460878 15937
4e3e5433402ff7be59f7caa68e9baad18a97cb5665c7047bb5765ddc2b0c43f6 1640333491995 1640333508791 16796
d5b46daf3bcfdab857d048e64ca5f3a062ad02c66572c945ee6205ce648810b7 1640333535697 1640333551537 15840
f1560a43823982982a6b6303de8959243d8769cf9691cceeab47c079f861929a 1640333582195 1640333597591 15396
7f4c222451c348ed057272acfeb77661edcba35936e944d58cbce5d1b05b9488 1640333628325 1640333644285 15960
58fa06ef8c65afc8b70865c7566dd286b45f7673dd758f15f9ab0d530c3885cc 1640333679737 1640333691345 11608
4cdd7ec892f68e810fa6c34968e7034eb26bdba437cccab495d7b83471483525 1640333719897 1640333739289 19392
bd6da68984312cc05abe635a5c9302b4d58bd7f259ece777bd0c4013763379e5 1640333767442 1640333782052 14610
1361c12fa15eee00c88150102e02a0d50fc8806299752df7d0f648a562f6a811 1640333818040 1640333835922 17882
306847c7f1508fb0138818318183273be99dc855b293ef0a95616cd6f7f60236 1640333877615 1640333891193 13578
ddbf62bb70930ef0114030c7aa56c991af369571b90db71c994612e6e8b73487 1640333913633 1640333927575 13942
0de8e4c587ecd699ab957e57fa87dbec770a08dcd9924ef4dd957fba69016901 1640333966128 1640333982605 16477
746638dc5fbde3078276d9a0c6ad61c0d1c79f70144cd58460ba1e24d16815d0 1640334003089 1640334019607 16518
2ee9f833ee8aaab5deef496266a8581b16743cc37d23b8c3d43af7a326cc8ed9 1640334051193 1640334067353 16160
c4df38c9ec392ea7b4197e4621604f685018c97c97a36ea9441b374734a0ecb4 1640334099633 1640334113934 14301
c74ab52cff1d08c3889383d2720d939f7b44a9be98ae277a96ea08b61286a39b 1640334147814 1640334163862 16048
1688299f11c4965dec9273a00f034700c94743f68732b927d6002316ad4c19b2 1640334192316 1640334207367 15051
