05eb038db8c5fec5d4204c6fcacac8f22fd026c1dae050c8e82eabd7909e226c 1640333318852 1640333344725 25873
5525b61ccdd2e3956cd4c1aa9574b2e006a74d00dd2c84408d73a7827c7e47d0 1640333350965 1640333358177 7212
91de7aa26b7c3b81ee9ac35d5f76c38412ad87f74a2ebe61b68a06dd10e3fe84 1640333402962 1640333412913 9951
e1be2fe0a4cf1507bd316cc0d41d341ff03c1c52bb34806a914d2106f2010906 1640333444928 1640333454995 10067
554a03110f33c5521919614e5ea453f8295a7c342e7dca25fdc50c6092299ba7 1640333491983 1640333502316 10333
fba53e8d2992b83332c6c428a233b38a686fbcb572e0fc9fbbbf3da25e56a0df 1640333535683 1640333545223 9540
aa1cd1bde70f99b9a8214a9154fa2df778b3175739079aa5eca604ea9ec052b7 1640333582190 1640333594709 12519
faff415ab95247912f1097089ad1d06d8eab61917c2fb33da78e65a27f52ada3 1640333628307 1640333637161 8854
14106c5399d41369ed461a06cd548d5fc951b2c2224d7e9670bcb35c00d35e2a 1640333679726 1640333687654 7928
7f458b144dfc48003cfc45f887da1b9cb2c9cbf512a8381cc544e6845a1b488b 1640333719879 1640333728420 8541
127721c6a8bd7392594de753b098a8a1526bbe7b6e0943b83f65c347f967ed2b 1640333767423 1640333776376 8953
90988dc1164aee64dcfb0e6e86344d79743dbd9545e130d1b7f2dac921d769d0 1640333818028 1640333827395 9367
ce6332350477b812cd20f481f70a75bc63914e015b0859f14be5a48e0798e5de 1640333877596 1640333885991 8395
75801461538e48a280ff3e7d8618d41673d383946f8cdd862b2add91cf1cdbd6 1640333913615 1640333921401 7786
9f7d50897eb5eb0d8e5776f974daa7201fd027bea62462882bcffd6ec8bb0c2d 1640333966116 1640333974134 8018
af7778b9abf29363ced9b34280d7cb24a9618716644fae01ca867e78c3bfe51e 1640334003077 1640334014755 11678
54470e3c90294f77748962e7045c87aea7d98d2c24c49a61e0d6a756f55b3926 1640334051179 1640334060432 9253
35b2783b6a4a2c48c1cb0f231f732bbecb468b6dcc861849cf7683e7e1ab573f 1640334099619 1640334109613 9994
3b1681a67d7115e0f10814fab895d410d7c47cd73ae4f35c71a17d0d158ee818 1640334147802 1640334159906 12104
dfdc325f0ded90126dbd27b5e0de5d0eb3a7007d049df0ae8d00fe6831da3da0 1640334192304 1640334200900 8596
