e44692847d5a0f718d49080ee851df3ec1a99c841e3e591ba46695201b756831 1640333318871 1640333333413 14542
2926db775218adaffaa4dff9df5bbc52d6c1c9d0b3764197c40f5faf0fccb19e 1640333350985 1640333390496 39511
083eb66b3650fd11fd8ec7f0b3a8fab1359cc6ddcd8a8c1a4dc0a1adec6d2cbc 1640333402986 1640333423082 20096
2824aca87fa3935c01cb255a04f11985ddae715075ec5cd06a5814c46ed5da97 1640333444947 1640333475522 30575
3bdc4fa20963a97a7fcff8277f6615ee73c44d4b2b33979ea9ef4a4fb47327ae 1640333492012 1640333525113 33101
9163691d9964c92ccf9aba10d82399bd79445948301adef887a0b61e59b46680 1640333535706 1640333551737 16031
81e256db5ebf9a1c8d9957427df87fb9751a4ad53f336a530b48b6f56285a2ac 1640333582205 1640333601503 19298
c53e249b19a48825e3ee7e9848a4515ad05a2d6a62cb6647816583400fbc2801 1640333628324 1640333641648 13324
b5e70999cf53aaae01260f1ffb5049067d4c4661a21593bdb17a7ca9d7a93af1 1640333679751 1640333698698 18947
8f15cceaf066da8b53f5f1ff0496132d9f116dfc222cc3edbdaa420b4a345511 1640333719902 1640333734909 15007
57ddde334de49dc9c6e74f94f8e5448f01fe915c4bafd85c928a7b82fac26350 1640333767447 1640333793454 26007
b6454ec57a5d170e71ee177669adf4fa88d2716896bfdfa4be6d4e1a5a97f5c6 1640333818053 1640333840641 22588
ec4ca73d5e0914b17aaa1dfcee3ebdd55eec6c54dac29eea7a7788d7b85fa9e6 1640333877623 1640333894500 16877
9547e493db8bbd78c5b4d395a4e0076df2f3056c6c3c94ee7762bc3d37c12469 1640333913643 1640333933947 20304
659ffd63e04b1bce5abb99941298e3c21737adf5d0c9630ff3fbe091a570cd4c 1640333966138 1640333991859 25721
762b2ca4d52c726520ef7fa9d96ac680e8438a8f475c3adf970735542654fab1 1640334003111 1640334040181 37070
c842207b75a2488e44073fd8fbed8b53e9a0368c65d50cc021bf643f58c2ba76 1640334051212 1640334088524 37312
f2a1c772394815e02349267da24378a567431ea10f120ea7882f6e0971fc6978 1640334099640 1640334116761 17121
9c16bdf6efb9745a51533d33e574df112157c2211915a02f9d8c9b86f2935ba0 1640334147833 1640334173198 25365
9947e6409e0c4c950d4fb2f9c25f723f8b5e30ffd2e1d259c8c9ff3e354c6e3a 1640334192331 1640334227622 35291
