89c7f3b322725e1a0b539c81ed3056946bc5e2756950fdf7de4fb89e9b982763 1640333318840 1640333322763 3923
e7efdce0c5507d261026544aa678e428228ce6d03e0c389a3aac8b43cc2d1ebd 1640333350952 1640333352241 1289
e75b7d1cb2f4ca1bcf0a37142ae9ef96ea62fa511acdfaf44df71145e385dcf7 1640333402949 1640333404180 1231
1dea69af342b8cb4c56bf50cc691e427c508a43236df8dc6a2f9982f205f00e1 1640333444914 1640333446120 1206
dfad2c2d5607737aa0adbaf380da1377b311ecd1dd33755c7c5efcf6b5ada416 1640333491970 1640333493276 1306
1b036e766242e3f260f862747eb7825a56eeb12919541591a8a22d62f21deaeb 1640333535670 1640333537324 1654
2772cdd276d1295ead21b4c1086591946b1b98f712cc9a1b55f9704219740d0b 1640333582168 1640333583214 1046
99ac6d3fd7fe5af31c68c18b147710b2b99c006edd64fca45b3e18167deaaf28 1640333628294 1640333629843 1549
f60c6c0781e6c4646da539648dfd81472d324b9a3dc5f33b317c601dce5c64b0 1640333679712 1640333681614 1902
cd313053021b962afd7999b687d010d745cee30f5a937386666ab5e5da6d4479 1640333719864 1640333721181 1317
7b88add39536945b5ca771f47ac91d55e0c77cd7668bdf60245393dae54d0f61 1640333767410 1640333768660 1250
890acb3de5efc86c30d1c76d4fc1c5f963a857b9b9558c92aa8145e82d9a6cad 1640333818010 1640333819042 1032
c7b9c3b7509db8fce3eae2a85b8214168786e404c726e716be0fae542603c171 1640333877582 1640333878129 547
4604bbc44dd910be8bbe5e70df4bf1d43699529acf1441d82dd0da84f848f9d5 1640333913598 1640333914343 745
a726a389bdf0e875604421a672f3d155ba33d5ec5ec6149505d7740d3142874e 1640333966098 1640333967590 1492
1eade3f3081f37c7ecee1e026ef0f260c3155af15f5354f54ab68f7acb58fb7e 1640334003062 1640334004386 1324
e100d533b91d120dc9ecfe474f17a5cc280d2c9d6f876e1a0c766d00f01df164 1640334051162 1640334053432 2270
6768262b348f4cc629564ee064afa46813c7e726215e1b1cb0981e1960705f66 1640334099603 1640334100367 764
5bfbc943c814daa473e00e319921138fac179a8d3cd1480f00f6b61412e8c664 1640334147785 1640334149361 1576
7d9470079ca78159253403d021064332a80232bdb52a7057adadc97cc2644af2 1640334192289 1640334194388 2099
