822fe7588ee192d03086854c7323cca044eb0ad94585a272b8f026586437cb57 1640333318876 1640333343002 24126
6d6903327139581802221ed0214dbcfb93cbb8bf6ef4a196ad6ddd2a9cc857a0 1640333350988 1640333384187 33199
0293743087a6bec443ce33f5a7c1b59bde9fe82a6630cf817ec0516e001bee75 1640333402986 1640333426237 23251
a827d1d7606c2077235551db89a0620f415c18da8d94c669f131f47f328b1fbe 1640333444958 1640333474958 30000
99b6d156712dbadc773c205ed3fd4c74c132660b0e03d5477d2b7988c907f911 1640333492013 1640333511739 19726
360a7674c3ccd4fc37688a72a97849f86586bc37b3db5298f85add3d55f1e73b 1640333535718 1640333573015 37297
69af21ceed2304f06131ea507e7713ddaa43740138d387e2628752f861dde8de 1640333582220 1640333615892 33672
f4b2efcec4835be0145c299a04b2e0462644f53fcac901fc1908d0939e69f553 1640333628333 1640333665625 37292
9d81f5081d35e53e52f956be33fd14756c71318f6bcfaf7e603a3949c03b21a9 1640333679760 1640333702317 22557
9f90fda6e1930807e8a6dd98a75b0ff424c54183f7e2ffd6c2657707306be499 1640333719914 1640333760616 40702
0bbc0f64b1b4abe0426792410aa118c75184b03d8429eff70199663781574f0b 1640333767452 1640333784715 17263
c48765951113499718534aeccc3cbcd6c2e036c55719d57dca0799f540580067 1640333818053 1640333835419 17366
cc991cf6ec8843c2ccabb7581435e5063a18802f3f52ef65287e86460d7d3299 1640333877638 1640333904128 26490
7ee9330fdb2baed218e35b6d3c09661460ebb8290360bd22bcb51228f0a6d223 1640333913647 1640333936747 23100
eeeb76b21001c1dfb477a39692e555bdecc9b3dee8a9e86a0dd2397f62ccc58e 1640333966146 1640333987086 20940
e46eb7458fb2103ae15faece552cd9d033bd0f4fc79aab49cc0159bcac9b576e 1640334003114 1640334043790 40676
aa3e85be3880e1ebaf813c74cb32b478e144ea3d2dbb06656c96f66439a50d8f 1640334051219 1640334086230 35011
f538483f7a8ec178cd0965fe008289e9a4a4ad91237ccf0f9b9a94a43139619a 1640334099651 1640334135579 35928
8e2b21f3ef5cf301f533195eb8215ebb6cd0abe129b6a367cb05e951da1b6ade 1640334147837 1640334171184 23347
d8088010547891068f5013f65b5d88086dbdd84b84722ee1c70b59e9c03c8304 1640334192353 1640334233373 41020
