49dbfc10a94618bcef61de8352072eba2acbcbb3bda821ac1254e7158639bc02 1640333318879 1640333337771 18892
395480f824b44368c22e44698c2bd7b7cd06e4e6bbe2457ed01e623e540e882b 1640333351004 1640333387356 36352
3ffd78dbceee26d932b025e3ae5f7cdf9b67dbf1254d2b0bff1b6529924f73df 1640333402997 1640333433683 30686
b9f26eaf53c26bb6446bddd95ee0805bc9b90cc82e1f016470e94ac751ab1b9b 1640333444966 1640333477358 32392
5e5a05988c961e9ae4619d9a3d0937c67ee8b1311cd55d96ff25fe65116b9dd3 1640333492022 1640333525518 33496
6b4ca8704de46052a0da09a880c056ec6118735eb3853814820069a54aba4fbd 1640333535730 1640333571324 35594
00dd2bcb00e4831babdffbaf90772400047451f507a8a2560c6fdbc4f941d77d 1640333582223 1640333619776 37553
73e265d98eab7f09f41283d174d0fb04af02b90541f20a963bcbf29c686279fe 1640333628341 1640333667419 39078
a3ef918a5273cb36d343d0e0344a723b34959d5d8ed9d39499276451701c55bf 1640333679763 1640333699496 19733
b94705072371b0905964c7c9e1d7627eca425c3430269fdb71f9b4133fba57df 1640333719918 1640333757037 37119
cd310ea8643c5e691c8b59805b24b390bf21f4754219075ab7429f4eea5bee39 1640333767459 1640333792949 25490
fdca1c1649db08ea00549b0950953c0d279ad1ccbe28064d455fe4c3f568b345 1640333818081 1640333845347 27266
239cd1a75ca541836c61e262eec9b6aa479bec04bce7e1acf11df96d43ef8def 1640333877641 1640333903543 25902
d54658b9c5de75c624abfa208ca8f8c50d58b6f6fe10552d2abb1cc0e4fa2a7c 1640333913657 1640333938895 25238
cc58f829dd18468ade0932f86f6a50bef1981bf745b9796ed30745836f136fa2 1640333966164 1640333994014 27850
a1f1ed20172b5f99ab06af738e54e25744fc74d4593fab1e361a8d92d6e3f4bd 1640334003122 1640334036201 33079
0dbf042a88bc28ba6ace1e9ce5bee3f789e4a46b66867c705bf74caf3a0404b2 1640334051224 1640334090357 39133
bc6350f3480012181313b8213c22afb5138bfd18aceab11ed00039508eec89b4 1640334099655 1640334136121 36466
06a23fcc7e640b864258e385a2bf2105353715dffd7e50b245a792307ece824c 1640334147839 1640334174214 26375
dc66659fb097543f8b5b5be9cde0c28ab68f0b8e678011eb54545ad4dd992b01 1640334192347 1640334231149 38802
