fae0c0c1b2809ffff40dc9babe9d3201cbfd5ded6cb3fe3290c82c9b556fc032 1640333318878 1640333327049 8171
b310102507266ff849a63d967602ad73828eb52a1445efd8ccf3477b17a2fe58 1640333350984 1640333366233 15249
4409366d0b3739e3b8d80ac09c137325e8d62049164fe5d70629cba38f42ee49 1640333402981 1640333420207 17226
627e77de389234b741366136a2e740b0c90aecf99db6529a97746fbf41284540 1640333444941 1640333460370 15429
3f5a408a39706d2e110871f081526f09cde23d9369248d66a2b4e685b82615d1 1640333492005 1640333511241 19236
0f7cb6f66e8f39ad57552c45728c8e68e4c78db05b3b1c6ba200e95af6969e11 1640333535705 1640333574271 38566
01164275a7b25f36830c2b04bef1bea6ebd51665ebe609a308f1a37d4118ae2d 1640333582197 1640333597869 15672
d7d7d4fe0e6e2b5ab6bc5a955b27a8fdfaf66678b93ec1cfad723fb564bf0945 1640333628318 1640333642570 14252
12f45582276e237082513f8d0c10cfdc0fb91850aaea369eeda7373359215d85 1640333679741 1640333696008 16267
cf66643a422b2d4313eaa07e2e30e599ae35c8979b435d288baa69af7c6f8af0 1640333719894 1640333735475 15581
f60360fed1abe8a2eb2338ca9ceb8b1a4686b1ed32131ac08526af69f6540a3e 1640333767447 1640333784519 17072
b94208b85ee30eb33bdeb2fb0f8764ee102ecaf69e7e83227398902c624e6bfe 1640333818039 1640333830832 12793
c68e377a94bd38430e1003bed072d42c2fd3247ab3a72d0d1d56a8356d6584a5 1640333877617 1640333897195 19578
5ca706056470d538c8fe95b85b65f2cd7cfeda3020a05488b4341f64160813ac 1640333913635 1640333927914 14279
f167488ce6a6de19e448336db1415cf902c014fdd504f693011283c0cfa4834a 1640333966131 1640333983971 17840
ecf861a887001db3df514fab696b6e66f55dffd4e90701626aa698566da5fc13 1640334003098 1640334021008 17910
3fb3b085d8dce80a5d8182e598dd3a432f8fb9305b6d2672b8e124f57af094b8 1640334051216 1640334092426 41210
b7fcd54c9395f7f97995928fc7fad189e8b1651aac431a8821912a95aa3c0c11 1640334099635 1640334115133 15498
73fe169e34a0859fa57bdd1764e4aa02b1eb419d9729d95b0f93928c0306150e 1640334147816 1640334163099 15283
85b1810fc92032b575617c6ff4fef7f4902308bd2eb92a204e8f76bd2b96b1df 1640334192320 1640334209852 17532
