019b8c8d81c9da530ab453def4638474f4b8a109752485a10c9d0470c12e2678 1640333318849 1640333345512 26663
06a542b958ff739a49acd5082570321593c5756322098d6e6e41c3f0465ca1ab 1640333350963 1640333360509 9546
1cf070ab3b175f9f866776129e83f9029362ade3b25aa3c28e4095e38e584f31 1640333402960 1640333409373 6413
39a55dc25d49302c53013d9ce48207dd7f4d72b76b23cd65151a8c07a1e900b8 1640333444924 1640333451918 6994
da9de29abd2e1f562b02e26faf11a2f9c440ef791fb8fe097fa057c833e1ff58 1640333491983 1640333500587 8604
a9782ea7f3da47ab1a0d0cb3225d3cf4e8ffdac21003dad952266998d7eee8b3 1640333535681 1640333545037 9356
70f55922b383e625c0640cfa81a1ebce11c5a08b37fbb39a05f47cbd258c84a9 1640333582182 1640333598629 16447
eb5b01d0c08bf670be98653e7ad42a50adb1070ee5041b77a85ec6aa79dd9c1b 1640333628310 1640333638000 9690
070bd177f3f6e6fc637f07a376ecbc71483ca9fd263548a00e60bc1b5960f160 1640333679723 1640333687943 8220
e8765b0c83ca98846e2009491de922494fc4b1d85f1874dd28dedeeed5be6eec 1640333719879 1640333727945 8066
bf244f8d6b71c0a4655891bc2a81c739b30ae4fe0f05df38009ff82ec436ea1c 1640333767422 1640333773873 6451
0d445f88ec53d5860ff3c79fe18fe5e170a1647a70af8f74d7c228dad6fd0958 1640333818025 1640333823627 5602
d4a0af93d2fd55740a1ed74611b4d4f66c05792a5320324e636e9f0078d4ec7a 1640333877593 1640333885720 8127
3a2b7a1c312f07d22b92a22184587f0709f0575be8358b5a619dc24fa3896030 1640333913612 1640333920875 7263
d1fe300cad837607ad0c9730a2c470c2c4c94571a1c09102baee67162e9f8fbd 1640333966111 1640333975583 9472
7f9dc2da1f7d11296d559d11f1a4aa2b0a5d9473d7517dfb26b45d3b9317f3d2 1640334003075 1640334011987 8912
6c20c405585e89ee8c8239d7058daf23669a6a48b5797ef30c5ad5c996a170b3 1640334051175 1640334061276 10101
b83e3771c02ff40367645c8f111456a1446c67d1fd89a177b4299fa0974a477a 1640334099616 1640334107195 7579
22b9f78d66ad43c02f795aa0b149b8bbdad3a58e0cee1c4416749946081d45e5 1640334147799 1640334156355 8556
0e8a349ce1b3b06ee951add665eec8246e73a8f5388da37455996438a5b31be5 1640334192301 1640334199563 7262
