8d64914f36291299765c64772a75965aad6e9ddb2965c93b5e9009259ede5df3 1640333318876 1640333338359 19483
976f31ec8b4beee628c60d2686769c30203f0961cc0fd7aab71f0869796b01e5 1640333350989 1640333381005 30016
203b82a653983b0f0e806a5720c10fdce87c38ac588315fdeb74c1ee2aa20362 1640333402981 1640333421844 18863
df9c5a45fcef61f54ed10a3c2386a978a6e48256d1f33674be98cdeb1c51d551 1640333444950 1640333480268 35318
bbc416ddffae92f3eef7c63461990e9a9787b6e3e5996eec0e5dd40de7d876cc 1640333492020 1640333514022 22002
2feca95d6518c462b518f8a91c5bbc040849d1a0fdd59c865b0480aa362d81fb 1640333535710 1640333574799 39089
f48e1030f289331888ee5e6af69e54cb352212ac5fa8f2a7eee9ff0f29043b28 1640333582210 1640333602548 20338
6cca13109f3be5102612dbce33ba3030a51daf6081ad50e815a2071e9d4c38c0 1640333628328 1640333647417 19089
7ad4c0ea6dc7c8c2f81a13c0ee6ee0219e689e5090498805db65102b8e41ac7e 1640333679750 1640333703192 23442
9020e858daaaaa4e6a1158a45f44f325f75a70123965b863b85f17b07b0bfd2d 1640333719904 1640333755173 35269
53234e20f49f3fef9baa9bb0a226003c5bbeefcc9fb593f8ac0004e9baf80f3a 1640333767451 1640333791010 23559
e4407d7c82bd5fadcbd0e10b404fd83e431498ea768b02113f6febb97d80cff8 1640333818060 1640333842653 24593
0fd8905c0af9c045530b7e18d63cba33692dbae542e0df085810d729e0fc37a3 1640333877630 1640333903813 26183
a0764d3127e77f3741661dbd6f33d3a9f670ac88b2ee0a1493705e2ee8a73710 1640333913642 1640333939743 26101
8ef9d81f3c4e9a8e36d0f28687fec0f14febbe31d411aa461f72275891581ae7 1640333966142 1640333985395 19253
134630332061fc25b649abfcbc94968e4e0fdd1fd3abddffe6d94d955d4b482e 1640334003108 1640334041677 38569
1c6d948e289b047a44d2cc43ea7ed16df0352e6f8e6e1d7065d5f698a90f34cb 1640334051209 1640334087611 36402
656b10b4c260354c7b3b20ccfb3bd03bd836e2efbe2d8026a0d873cce180d3d6 1640334099645 1640334133291 33646
fb91a742cf225df7b60856f580206ff62bcef9725e623442e251d9a5bb455869 1640334147831 1640334167558 19727
562e705dca19180026a912ce80b657b4aaab864e647f096e945fb72eced6c7d0 1640334192338 1640334224333 31995
