972a84780f25c917e7298ef8976382932576cb6a61367bf94d02df0220eb11c9 1640333318878 1640333341345 22467
0d51ae634851369a7737b4530677627ed7fcdbcba55ad757f37f91ab53c46c04 1640333350996 1640333382778 31782
90d8166bf04f2d1db08b623147bff75b3361872faf0b5f9540590379243d1849 1640333402999 1640333436593 33594
c1257159666a3fa607fa617bdfceeeb3618a547159ea7b4792c638c9e4e462a4 1640333444965 1640333475486 30521
9ae0f7c38ae7aae1762213b688a920253edfeb826a89f7d0a11466b4e3730401 1640333492015 1640333512651 20636
d565d6fbe11f189da6091696fa576e7e88f9e613cbc05332b149fdf2bcd65d47 1640333535716 1640333573340 37624
c96d96f60cc9693dc350da4989580434e1ac14f4046aaf326b4fa04fcfc7d891 1640333582217 1640333603073 20856
14bb249958adf8f2a0dc7a7132ce1d80dd8024b10c4e09f224581fd41b993b77 1640333628333 1640333649923 21590
debd2b7d0d5e069f09cf4d2034ecb5ef470a31ce93f61e6df3db2dd58477c217 1640333679765 1640333704929 25164
2b9192c53314e22a4d2aeb4a3a74c560759e2ba495106c4345f3cbe2deb7a404 1640333719920 1640333754104 34184
1e41d52719fcd89ce29ecce293b44c2525b8a845ca716e9757dfa6901c9ab1b2 1640333767455 1640333794464 27009
ff8618ffd993c2244aaf66dc5cdd8ba1194dbb8020b498c128d4ac9bbf236479 1640333818059 1640333835970 17911
bbfa05c83edf9db9f85560ab4a9720992317eb2ff28526f803912cadca67073f 1640333877641 1640333903221 25580
3e2df598dea81c3abcb9b79456e438b0aec6f6b861d61d455aee6234a4286845 1640333913648 1640333935301 21653
fcc140ffc5ed59a679437d46341e990aa4f24c4008fe5696fe06b74e39e77757 1640333966151 1640333993035 26884
bf16c51c17f7574bd7c5520d6cf00aaadc127e4d9585683291dacae6254666f9 1640334003122 1640334037516 34394
2b29924bf6dd84e2e96808b2eb7cb1168aff57379e793cc913e6c29179302021 1640334051217 1640334083445 32228
94dfc354030a83255e55a0ccbd46bb1dc69af9e218ae573e0354f1b9879709de 1640334099652 1640334139941 40289
6928b5e071bef34a43b66647e8dc0f520757e7eb0271ac4bb604fbc4efe379f7 1640334147837 1640334175072 27235
1e203776eb681f19a591ca4aad4b28e4f2a220e570f29ebee9bda579e61f0d0e 1640334192343 1640334228831 36488
