6a821b1c04756ec2817a3f7ce41886f3624119f4c413edd0bb02a26c2477dbfa 1652084496028 1652084496136 108
cfc34973df52333e8055a411182dbae76efd313c350901143e317b924fe9a122 1652084496836 1652084496944 108
0762d33ae1951b0859ff91989963d76c6737b53bc591e5d947820c879359d65d 1652084497575 1652084497679 104
0f073f7b210bd9b531bc6a9b0543ef6030f5fcc2b6dd7dcbaa3fb0aa5b927929 1652084498367 1652084498485 118
1d810e35715d2cd85dd102b1fbd6e4d19fd008298cc2d3a5461a578afe65f544 1652084499167 1652084499271 104
ae46566add20c6d252b17a23f3d834ad06f6fadac7a88fbc66f297900dea3ea2 1652084499968 1652084500078 110
ab1bed7d6cbc265108f8a54614e6092e106152867ec09116dc95cca4ce918b43 1652084500738 1652084500853 115
cb7895f46ddc13f1b24f8e6dda065381a93d1c5c1ddf369ba572d45d8a3857df 1652084501510 1652084501616 106
7dd40a7374a2d82c9ca414fa348fd4c1e10500ee284a28d28b496bcba6ef9c63 1652084502295 1652084502414 119
cb4f499cb9f34afc49ea1f95ac1f9fac2d18fe3ac21a8304cb7924d481be8df6 1652084503159 1652084503265 106
