445d8bbaad382c0c03f39f51c9b270a7aa2f593697380bf5df2a8a3911a92804 1640237535150 1640237538437 3287
d623391cbbef94ccfa5ae1705f94e8c820660747db7230f7214141d81aeb2739 1640237539325 1640237543056 3731
aa654bd88f055d12249199db5286d550075991418486e7f30ead146cc7ede267 1640237546481 1640237551208 4727
c4409b1818f87c12aeec84733b6ebd89d8caf63170103d2a4a370e4f520e421a 1640237553489 1640237557344 3855
98350e865dbc22e8ec29270b52f3453fb96a600b4a85ff2121ecd8fdba502334 1640237560762 1640237565517 4755
8d5e8f8f9ed6051aa4c05e466cc11a09d2abc7e6a19f79c78beb6fb5553b969f 1640237568107 1640237574046 5939
4d1643861c9b492e63b535f360b4414b877b701292e99317c0afc9d76d6c62f6 1640237575251 1640237579320 4069
f3af8ce195c964c9f31c030dc5b2bdf49c1f3f5dc26ebfd8ff506a708c575302 1640237582293 1640237588013 5720
eb5338b2091f63cffb0b869699f40e4e46c716e53c19f10725039e694dba7848 1640237589632 1640237593342 3710
e205e0eb52ddcc683b6308d30483daacf1063d6d4aeaf6f09dcdc609d28c5a21 1640237596634 1640237601787 5153
0bc19291bf0115698b2cc444917ebdb3d7ce674b3fff4275ab78bbdc9654552a 1640237603834 1640237609235 5401
5e59f7ff2c48e51ed39dbe53d751b9f015265440afbe2c3d5ff89dd4db749f61 1640237611212 1640237614683 3471
2e3e44df1034e1128829574069adf098f4edbbbdbf0154e0fc12c0b1210ce325 1640237618019 1640237622541 4522
c730e8f1c8c49384f284976e81c72f8175fa25e27215cbba4921cffecb494de6 1640237625365 1640237629150 3785
ffaa354181dc25761d0115bfb3899310cbd0ceb4d036d8c808cdd642630ab01d 1640237632749 1640237638988 6239
ae40171c361c017b54ec3c29b7ec39d322d73f592990c6710b6d5c2e05d56c10 1640237639784 1640237644212 4428
eda8d9779bd07afc87e9b83a3cadf6dfa9693c607e346627a32f8f385f21ca31 1640237647323 1640237651331 4008
48d978ba27062468b99ba29368d06a6809dc9fdf2b9654c506a4bd61dfc49867 1640237655170 1640237659154 3984
e220a3361707f731a0cee02909e0589488df933e0682568f5aa8f505f4306c50 1640237661414 1640237667293 5879
194dadbd78eb78f1710b50ed3523e9922c0ea5c417a907252f12dc2997fa3fb2 1640237669232 1640237673708 4476
e7c58e714c0800ffc8f804fda32bfa91ff232677dc6995c1ec3ca3bf339f4076 1640237676034 1640237680499 4465
a8a2975ec158b1d1268c53d108220eb066580746ad2a335b3426760621a6c55a 1640237683300 1640237687364 4064
9dda9b69a1e68ea388f4ed0001630eb0a486563cf777f9e785c4ed3337ded730 1640237690731 1640237696995 6264
0b668685dc40cffb931a8d77add3872ea387bca00f65fef383471c1405fad338 1640237697970 1640237703188 5218
d07e3e53b435df4984a82b4193aec0ce37c50b0ed3c29db80e19a26d37b13ae1 1640237706300 1640237711026 4726
76fcb1a5c73cc5370c7d63f91fd4edd5125c1637628054f05a95b3d84e6c0dd0 1640237713124 1640237716619 3495
c6e05534d1340b0aa59d3a877bc80154bf05df089789bf300b1c73d4303eb49a 1640237720236 1640237726735 6499
eb9465be5dc4c3a5dfd85a49bb262cd36a9d3227c4865f4834f0c7f2626daa10 1640237727597 1640237731108 3511
4e6aa24b47567c57c0154141abf2dcdf2647d12b3f2e5c3ff79e8f1f0a89d9d8 1640237735108 1640237739924 4816
90b665e6f2ae56e88acc47597e3f32f9a46a2bff5e1c049d72e71c25a9a86726 1640237742090 1640237746672 4582
e57f2bc086bb4cb53239142c9c08553d98677bf0dba0e5ac776999ad0de3ec35 1640237749853 1640237754539 4686
e55e9882f7ab83695391a842e728ad73a391aaffeb2837c0d2458bb85df8c6b9 1640237756478 1640237762519 6041
af48f9cd8c99f17ead3ffb1b328ae15ae1534a582811d7978068c96de694cfc3 1640237764143 1640237768899 4756
6fe671757e27242de8bace1147b5fc4d888d220d648d41a47f291164d2dbec91 1640237771483 1640237775389 3906
121cd5c2b044832c6c7a7a6cc9c04a8f1fd1584336960f3720d23e45d2dccbd6 1640237778524 1640237782703 4179
29ebaa6e685fcbfb35f5258c1ee3441b2144c78db95ab50b81220b3d8d8daaa9 1640237785764 1640237790189 4425
9019976e678677a7805c849b4513ab29c5c5acf731a70dc9469362020641f246 1640237793240 1640237798129 4889
b6bb5c8989f42e3207960f3cdaae26b4cb1513754702cd3b3df19184b60402c9 1640237800858 1640237805404 4546
c81aec6e29d29663b9cdf530763a7422bd40cb64635af6d868a3122269ba4153 1640237807959 1640237812031 4072
218f4e0e3e958bde7cea59db6055be69925ff6544fd7ef048ebc9711162a92dd 1640237815656 1640237821470 5814
51203a6fc61af6023606aa1ff23b45faa74e079e70e2207992c309aa958bf2d1 1640237823244 1640237827873 4629
aff473d6a347486e580296384790e0fa8c9c5d189b261342edddc9728360d98e 1640237830023 1640237833644 3621
ee7af03804dce8dd0fe95d6e49fdd79fe17733d155a7f0d6d034c0ec4b5df426 1640237837024 1640237842550 5526
0d227af32b414e9deacb4e77de62d9e3dcad62d22b5ed5a08c9e736de92cf7c8 1640237844735 1640237850514 5779
eb3634ad65581fee583e27b510af4fd9fe15286915345b460e36cdda28f4d6f8 1640237852243 1640237857267 5024
efca4f761014e6ce5ec62f155dcd72d5a47aef344bce5f7f8961b43370959819 1640237859917 1640237865011 5094
562f8cae432da14db65604f4b9458678944e0dfaea98deef3c9d380881b0b390 1640237866794 1640237872283 5489
9d4bb73d1977c980af3edb5c70ea2014d6daed120ba25ee934da98efa3d4c866 1640237874203 1640237880136 5933
74da75ce5f4bb97d83131d3a3f1d01383fca05caae692ceb4a5f227e96053505 1640237881661 1640237885772 4111
b83bd54a89a298e471e9a0bc0a4e1282873d4e6edec2e7a2c753f322847f6dee 1640237888638 1640237892364 3726
