564ce6b4986cd2eb955468b65a05228ef3d2b8d1a5b99e7b1aa267729de093a3 1640237535149 1640237538032 2883
c1594ab023911820f6585a3ad7828def8084d0b73335f9d073a9430ee1804869 1640237539324 1640237542590 3266
aa152a0edcaeb16f2e490d6f881654abe879d2c8f6e084f326ef15396e706e18 1640237546480 1640237550768 4288
cc9b006830f3e623c6a67233f8d8ccf109a8ac12f1795c80312465c37cafd9ac 1640237553488 1640237557731 4243
4de2ac656c4eecb2eac0a0a748caa2c5d3e9f71f84c6e04852613d47ed5a0aa5 1640237560761 1640237564600 3839
6d766c8cea9a64a80a24f9b12d796df1253333efb425b92835c41e65094aeefa 1640237568106 1640237571448 3342
10e9b8e59ce139891a6e8daa9e25e264e61d08a52eef2d0b6ba7409313d8cfc4 1640237575250 1640237579903 4653
c07a0d7cbb1bf187d77b3849a5fe4d1e7b8e03aac4f5578e2ff4f37b5939d46f 1640237582292 1640237586705 4413
ac6d1a60b64e2af1df8a3e621cee5db17349d55d09d5b86acb85e0cadce82dbc 1640237589631 1640237593867 4236
294940d39110eb09654bb01464d5cf0559df20ff2e652a37f17cb92fbb581453 1640237596633 1640237600410 3777
d2ee7267fa70a56e245d63999a189da9ab2e9d8847c82237c421aeea3f9e81f3 1640237603833 1640237608515 4682
5ee34fb91d011de5e37877b232c68c7c999cd3080a845798ec9f34e382a60348 1640237611211 1640237616702 5491
5f3e8bf7a4fa22448deb54c88fa080dc575baefcd198ff02863329d25df99723 1640237618019 1640237623298 5279
fdcd0f9162345069e7600b10363a39218ac2d743a72603bbb59e0fdf1094ed36 1640237625365 1640237629636 4271
c01664a39c6120067ae7853ee884cbc5b3d9db41e6d69591d9c5f79168b763a1 1640237632748 1640237637459 4711
cac55749f8fd5b1b9d7a28cdc2be07c06d712b35586b110d4ce5d9973a90e091 1640237639783 1640237645911 6128
e5194b7fc093141d2f55d839d4643bd2512185ef868376f2e3461c3573dd5237 1640237647322 1640237651141 3819
d785b006f559b5dd6363ecb6154f9711e03e0ac9bbce7cc0cff8bce0b383e4c8 1640237655169 1640237659823 4654
d7ed6b298886171c37a67097eb75882fa54706d35bbdde86938f5c216631b81f 1640237661413 1640237665789 4376
bf19017a237677c0f734e6543f7b3524f0c46a659ce55ebc202d7f84ae6ca9c0 1640237669231 1640237674367 5136
389833e9e718da99e5cb866ab6a1842d9cfb1c315ff5c1b57401cb4351e6dd52 1640237676033 1640237681276 5243
fb878f24da136468d13711f29e66ee40b4d73af2cd78209e3dea036959b85b36 1640237683299 1640237688453 5154
b3961ddfaaf136e91b3831d3bdd752eb492c19bf65f3cfe2a62698f1a0706c0b 1640237690730 1640237694502 3772
88bec46daf2e627d043e4249e9f22d84b46d97a3576782104dd4c9bed4d9054e 1640237697969 1640237702989 5020
cb659f8dafac2dc16e78dca4ceb73d1e68e676c0eeb5c5bf023354b52c89f623 1640237706299 1640237710226 3927
90c8e6f52ae2bab4d624da9e77f9bf32fcbe19aea2bad7933e381318aa98b629 1640237713123 1640237716570 3447
d9392380960e99da148beaae14de1f48606d0518bae77dc3fcb2d26ab03a2075 1640237720235 1640237724269 4034
7efaddef7def996d15b4445dbc08edbabcd1831e00b8ae7930e8e7379dc8984f 1640237727596 1640237731179 3583
8b57b2b1c7fe3a2b5917995dfa082b353c850ae51ca28ee92cc21a5fe452ba18 1640237735107 1640237739457 4350
53b8c7ced7db657da7e69fe203b7b966085d8e6338777b946daed2679ee569f2 1640237742089 1640237746097 4008
40773f7a5a30431e1c9270b98ff62444b797ca1ec80453e401455579b0c3ed5a 1640237749852 1640237755658 5806
2a8cea1c5488e1bf08ff2c015fa9e6716caadfb6fbe413686194a11c86e419f3 1640237756477 1640237763142 6665
a7dd142c78ffb945da657313f601ab0a13d760f3279c144907d40a3d36869242 1640237764142 1640237767910 3768
32d7aee80ca99d77d32aa942b805440b918f3eda02c9d676720591338d97d005 1640237771482 1640237775965 4483
35d9686ff56e3bafb1b3f7b16122dd239ca6b5222ac036b12f74f90b7b177da5 1640237778522 1640237782775 4253
ebce06422f0f7be9dd5d639a3e8e3256e58aab5ddac446bd518f3d29a782e3e3 1640237785762 1640237790804 5042
faca2c0f37e5946d271deee0d7ba282f2692bbd9f0adc2c1f0c65f4b8ee2df72 1640237793240 1640237797748 4508
b9360637a15160a284d7f951a4ec1c36ee15fd14fd50148d828d70091d423020 1640237800857 1640237806582 5725
fc4b352b4e9247b76042a458fc24d559cbe695399a081a1f8ea2b1196365a50b 1640237807958 1640237812150 4192
aa506e7f40607154b9d535e3c3e0fa2e37cb92084daf152b0ad2ebfc0f91bf8f 1640237815655 1640237820100 4445
0b4705fe8e4a1ce47434b7ecf1224b7386967e97cf8d455a474a7f39831da48a 1640237823243 1640237826913 3670
076d39566832f36dd4967a9213ca2258e7a43478a332b6f3251765a0a8b8fc5b 1640237830022 1640237835278 5256
6a2e0f17f058e2c30bca5a92f0a445cd34599abb1e9ed60cae6fbc2e52f2c501 1640237837023 1640237840793 3770
d706091de4472d41e96e389ce690e88c3dc2a75c7510092d7f75632576cf3afe 1640237844734 1640237849836 5102
b6c410554e2cdf93d1b70936386f7f0497f152866ec6cc5a33d9fd698c19e53f 1640237852242 1640237857762 5520
712c7b7986e8d8b4a6406ba8886dabf8ebf11ddc5eaf37fdb7449303a6e6feb5 1640237859916 1640237864790 4874
06d2dfcdcc4b2096fb54f22cf6a66247bc93cad6b72e465b18b318f3e2d9503d 1640237866793 1640237870676 3883
d12335bc0a3e4f5be5cc7f80b8c43af68259cc337e4a01bf5a057388ce058cd4 1640237874202 1640237879111 4909
8e9534331c69ab246df2fd06b69ff0b19a09b194f93039b01420451a34d2bf1a 1640237881659 1640237884641 2982
f7e1ee6249828d9e241d8a7884e64de08612c68b35d1b0e43e1814c0fb4b7f79 1640237888637 1640237894875 6238
