27352122b27bee4131f5371a2a823cbf873ab041aec3ad5a5577f84fe762e2f8 1640237535150 1640237537707 2557
6a0d448b93eb001b7d7e2b7612aabfa04fcea0d695b7fc3f41bfea5d0e0b3e59 1640237539324 1640237545735 6411
830bb8f7361e150964c0e3ec77e005eeea50d55355de9f89fa9d60d16afd2581 1640237546481 1640237551387 4906
641cb728554cb851dacc46a842efe9b89f0331ae70e91f592c62d5cd86ec787e 1640237553489 1640237557291 3802
d8c2d8dc447abe04da8e80c63a02f2282bbf9500e06b37b69a661b37323fb1d6 1640237560762 1640237565409 4647
389082b67edda25abdd0d8016d47eedd918c8844886d761559d8606726f01bf1 1640237568107 1640237573919 5812
7cd95c8792c403e575a2494074fb2ad2ef26c93c0195b7efb722870f15566035 1640237575251 1640237580091 4840
443383fc994b0fa7c4d42ab8ce87f73f9a438f7c4e0a9a4692ef548deac92a61 1640237582292 1640237587012 4720
c9ccb81796042603766df49698ba0721206126946b4e32213414ba4845e4e2c3 1640237589633 1640237594170 4537
a3ef509aa3fe19b617adca726eb921b70dabfc74e9037393c751099e984494a4 1640237596634 1640237600885 4251
930ee10904d8e8a87ee5311490e63513f48be0db2c9cd11c8ae69f0f4c00f677 1640237603834 1640237609569 5735
35b2633e4010fdbccceb7f4f7d28a10be188b2920e96e768c25df80d3100ed94 1640237611213 1640237616170 4957
d6caefc1084edc5eb16a0541713a46d979db3304bd58c2ca82f99e0ec9984f61 1640237618019 1640237622788 4769
78a21c35cffdaa2a2c90d86d6f7ffe46d5680f6c5dd648f4a3057ccdad0c45a5 1640237625366 1640237630638 5272
4fd113a2f49601b7c0192be0dbb9d145e02cec74c91c6dd7e7464031b7b99d2d 1640237632749 1640237638464 5715
dcdacbf5e31dd1638d7a11a5dece76bfca9bd48e23142cc53c36e38a67f44804 1640237639784 1640237645719 5935
ce8272ba603ea97a7d0105519c8c3a73a075f92945fa3768a3c1df581310b8e8 1640237647323 1640237651467 4144
0ac5bae488ce171b92aae57bba31810efaa21605c65a110e1e28a53360c7aab0 1640237655170 1640237658416 3246
a850309bcd636e5812f7cecb182ad2fc2ee83681619821d4cba9e6da5f7c740c 1640237661414 1640237666542 5128
82fa9cddcf8cf2cdc362555757856e0f83dab1d30f388a755cebb31a11b4bcef 1640237669232 1640237672951 3719
2893e4d81c9879d963b6f3b9b0afa926767ed014da4b314b166b7582a0c80a3d 1640237676034 1640237680823 4789
73d469dd066269b419138d1911de9b48dc5caf628332046acb621b8c9bc4e75b 1640237683300 1640237687735 4435
b7c8c8db8a6be5d2c8c1d1a35bda9fd4ca81989778cf0f005b98d10200d8e7a6 1640237690731 1640237694194 3463
bc094bfb781b239323deaf885949dd807690b73559c37c4cf379f7f4d179fa3d 1640237697970 1640237702846 4876
f478ae8be69c7de73620dad3fb9755b4ef46c11754124aeb38fbd9b839cb938c 1640237706300 1640237710560 4260
f1a8f7c0061b016172247a35b18a56d3f100f1a191c05121da18c26f92c5d522 1640237713125 1640237718276 5151
47e36d83cd8c2b0a23cf0eeb56af53fc4930f5bf4a444a83f97bea0909cabe78 1640237720236 1640237726182 5946
6462791aa1a8d9cd49be2980b150848af65ef76fd965fcef587f50bb4a7a60f1 1640237727596 1640237732304 4708
61ce2ff20044c4c64ed6f21474df080062838937999118aac84bbf3dfc9c61bb 1640237735108 1640237739165 4057
16adfd86ebc7b98fbf6eba80b6a3e682c3ac3c7e53f66022da4324bfe7052176 1640237742090 1640237745890 3800
dba866065d349348d856be3fdbe3de4f6f2806ae123ecc51d981ec4952462f4a 1640237749853 1640237752815 2962
e939cf86a0e11d8e4cbfba1a708a7e914c4f064c900f4e2b392d88d02e1d86ca 1640237756478 1640237760067 3589
13bf83f3a53261f00d1d7b4586b0cd626d44ed2788e16616e75f3a4d5278abf2 1640237764143 1640237768295 4152
1e9fec1ff30f815e6958be365dc3939ff0372c1eccc31d758486f3d64ab76361 1640237771483 1640237777137 5654
43df50a1d6b8c98e9db7066ec5ac940f10b10aae37a824b74d19ccee34e5b7a8 1640237778524 1640237782115 3591
bb248ac181ed410dcefa129755fcfb0a66baa0b94f0041b370ad9d3e68852143 1640237785764 1640237789972 4208
978fda5b12b8ef8034c49ce435279754707e057d91d34bf4c985974da7d3443e 1640237793240 1640237799332 6092
f52a99563aa6de72cf545634657e839bff20cb17664c0337a528b9417b44ebd0 1640237800858 1640237807102 6244
abbf2ba339466c4daf650a0805fdeabd80b5d2e6334c4d3f87eaec6e77170eb4 1640237807959 1640237813066 5107
17c6a13cf44b7e8bc0e6e69b6101c09ca66e58c19495cfd8f0bad5be7be51aad 1640237815656 1640237821058 5402
deb22774b2a8140ba1e34e6bf1ec1a7e754a0113c60150a82ed636f7387156c7 1640237823244 1640237826775 3531
738f35df8347dee830b4681db1f70be7c942cb68b9818df752e2d2b802ed20f6 1640237830023 1640237835730 5707
55b459f395829c6dcc5144b5fa94846fee70db31b9a1a8695cbb43292974af43 1640237837024 1640237843473 6449
a6f776df1f675c0cdaac5970afa1092ce86688150195dc812eaf894a49d1858f 1640237844735 1640237848212 3477
9486794544534848d019875fd8686cc1a2152189cff0dfd3f4d566b1b51d5e19 1640237852243 1640237857134 4891
5fcc95e2b592d7646749c15dd0c2569cf95f21264ff264cd789899f85069eb98 1640237859919 1640237865185 5266
56df81fc0110d71c9a2d48051207326b552ae5c6ada90821d990c8f4b52bb5b5 1640237866794 1640237872466 5672
694355fd4cab57c81ce62f051dab5056519a2a311a19d2351cdf582683c623c7 1640237874203 1640237880340 6137
7d104d57f92bfa0266a7d3609c670b4859624aa203f1f328906fc0a76e1e689e 1640237881660 1640237884717 3057
a7347910b9d6f2bb11b31730408c6e7c85bfec5a706937e53d42d791e620bb80 1640237888637 1640237894809 6172
