2f294469f5dd805b420a6f125715acb800ae073ac0c2c5b02d17ae46662ec09a 1640237535154 1640237537040 1886
99f6087c4fe760fbb45dfffb891a5ed9d51b8699e837d76ca95620b6b1fe7175 1640237539328 1640237544037 4709
2493ba2b02923457a373cb7e4b170079f2c8fc9b7e947f4078389239e28f20dd 1640237546491 1640237551013 4522
3e1665ab0c0c1ce74ca7df498fbb93fd07dfb79b4f4dea9cb63c050efda761e0 1640237553493 1640237559544 6051
134c40ef81d969e3eb8838237743432d51a61df6d5866c0216fbc60519a73a21 1640237560766 1640237566018 5252
0cc979dbb358054811d30091894a173bc6c5491b3a34562a658e2e25f964a763 1640237568111 1640237571654 3543
6f2841463d6f5107777cad75b32a914e1192a8da7476a923704f5e33bc80ecca 1640237575255 1640237580471 5216
14d5b12c1c25734079ce896b8c1c2cbe3aca26392c76c231bab9fc2dd6642158 1640237582296 1640237585808 3512
4c5e64fb80e3ff7a0170d61f1b8dfdcc1eefb65940d80f80ca48fc2cee7138e3 1640237589637 1640237592893 3256
f8dffd85ccc528c96e618e87889dcb384d67b07c987010033fa61a44829b64fc 1640237596638 1640237602789 6151
94f44a3f0e4b1c07e243cc6ebda73525c44538beee3752d46190e10b75183795 1640237603838 1640237610196 6358
d7c19926b5649fc2aef9820b8a7a17c0d3ce728daac7d1c75c3e68770a0197c0 1640237611217 1640237616941 5724
92d917803a2989e0415f5798665c2bdf35d5ae2ee6cef7ea9d0ef66633cfcd69 1640237618023 1640237623975 5952
89d72173c4603278a0d07ad446d98baae5595cf91ce453b4aa70251df82950b3 1640237625369 1640237629049 3680
22c7968fd83666d2cde89aca7770bb7ff9ce9113619facc0fd097ab38822f7de 1640237632755 1640237638256 5501
80a524a275cbcdab1b5cb724ffab54af5066e5e641265527dd3f7915682c9162 1640237639788 1640237645829 6041
9ea83f886c79721bd022b4ecb3dc90c08ff5bfcfe200da76aee47d816fe3f03e 1640237647327 1640237652046 4719
dc3543d3f93ea8920deab70e180ffd836808fbfc7decb710c77d491badd06b16 1640237655175 1640237660464 5289
7040df0bf2d4a34fcdd32376d5a3391f03ddb46ce721942b0f1ecd56daedb491 1640237661418 1640237667620 6202
93298b3946702e1b03fdef772ccdc73601aae43bd8e77dfb745cc96bd89a63d6 1640237669237 1640237674426 5189
8ed21103a3e32eb857ec40e3d9152788c3548264634769ea742d7762e3be9327 1640237676038 1640237682160 6122
94b85baa4989e155e14eadd78f2619afc113df0aa3c763ebec7db155c71f2594 1640237683304 1640237689229 5925
381b51e5d3d03094100f8334e0641816c424b1c2cfe12f5b67e15f17293647f3 1640237690735 1640237695949 5214
f47c972ffb02a483360581ee18ee45fa0fbb2a9db5bb57ad4d759d9446a54105 1640237697974 1640237704952 6978
e154670e554af2b3ecc78f24604814fdcb4b49aad39fc261f5ada98526b1f17e 1640237706306 1640237712009 5703
875722bfbc0dbbf72205628bc46d1b343ee96644437fe6b0d4f358e5d09b9337 1640237713128 1640237719276 6148
aa0f3be5e894fe9ea00de1aa13888ef081f82f1e1a1b707212d71c8ae3f76a72 1640237720241 1640237725041 4800
c2864b7825867a4f3cbaf1a63bae87e17c6f1e79d411c9bb488c4f59875b45c4 1640237727602 1640237733985 6383
60279f8f59f9a1d54e7896ed884702f3f1681b9338554b4b5e7b6985355e7bf2 1640237735113 1640237740960 5847
efb92fbd9d0b70c66ef02dc90a9ebc077545f5790f910f36b7c64b8558c713fc 1640237742094 1640237746781 4687
f2f26ae23464be43a69f0b39f99fdfcb9fa6eddfc49e9fba25b6a31c7e4f4495 1640237749858 1640237754815 4957
d4b67d921e0cdf02bbc5fb2c3945b65c6e0a339cfd38f48d1a5230aa871524ed 1640237756482 1640237762457 5975
07cad0fa6eeee55b634a40db5918053609746d4583718f34ce0568c91a23e808 1640237764149 1640237768683 4534
7a70bd3236f1864a52d08c12115ac10daadf3c5139471efbdad8cd44808627e9 1640237771488 1640237776022 4534
cabfb50a5005296cbb15fae4cdfd9d788209b825b458ca0a3ab592801bebd81c 1640237778528 1640237783403 4875
60f49f8516738359027d0d8e2dbd787a244eb517c7063aa79c65990e87112376 1640237785768 1640237790455 4687
9b04eb767e079a2c521af055bb6fa2b0c1a5a32b229695f6dcb8a136d4620ea0 1640237793244 1640237797862 4618
15def52b08c38c9d5d045660908acbfb7e25cdc3718bffb9768f45bf2fa76271 1640237800863 1640237805337 4474
06f11d6d3b2ed9426b1cc0c92df679fa196502b05afb01176563e1a30744c218 1640237807965 1640237813728 5763
7bfdcf1010d072e12f68bed2bb69ce0e58b5f62c373c8a4159fcc2eaea136e22 1640237815661 1640237821517 5856
b9e83ec26bc856aad560207ad5d981d59503d6f18bd3dda8d8ce954bb67fae16 1640237823249 1640237827459 4210
29db29b16bfd788f7783094c0e8dcc67c25c708e1f16fb7bc5f30a605d3d1316 1640237830028 1640237833835 3807
77caff4be494718d9376188347c573d295e7698d84fe7dfc9c277b8ca81ccb68 1640237837029 1640237843073 6044
26b98b06b33e11053832391904eccece12316a24b03300f7220e00628fbcf50e 1640237844740 1640237850851 6111
e8ac28f6114f4296e026516136ba6258a2f04dcc2e4c81e9a7091d0e77fac908 1640237852247 1640237855931 3684
a74b5157ab9e95224bceadb7b81c06a84e106afc3d7af5f591a8b10117d842b7 1640237859922 1640237865049 5127
5a0c8d3533d7a2040efe3751beff7e2f7a6b50e1fb64b6dffbe2c6508554c77b 1640237866800 1640237872151 5351
6401c4976de23d1031ed62ab7cef4f29b607b3571b857bbd6d88604488733797 1640237874208 1640237877964 3756
b5814891aecf601031b5d30496f9432a41d3a84ff757cc1ea99de7519d937b1b 1640237881666 1640237887290 5624
80c04c9051ecbe67f379d394119a611878388c912fd02895dae078c491d928fb 1640237888642 1640237893669 5027
