15fe59dd7133528021cef9d53b47da899e1948cd5aad4528c0b377c2ddb95d8e 1640624590302 1640624598935 8633
36eb22396eaa1dccd7fb22392847453a8c9b44af3a2e76d81749fd1cd7f1da8e 1640624636052 1640624641673 5621
683285f75f7bab0ad493536913404c9111bd4e4023f3584cac30afc7cf078e9f 1640624679989 1640624687425 7436
57e6131e3d54fc3a7dd7bf8dfaecaaab1c7621edc416bbb6456f0f519c9207cd 1640624725070 1640624735052 9982
e27a6ba4d7bb786856754dc651bb52adb89b3171a5e18f5c8478c531b5ca24ca 1640624772156 1640624779101 6945
ec6f200666f6d7315c370e6e6d09e1cb8a78858570f15338c1a9bb8275bf17ec 1640624816578 1640624822063 5485
56a89790f9bab0b43b64e96178d37c0a8492da3af4a77d08b6a1a2e16dcc2546 1640624865966 1640624868644 2678
0ba12d88ffd2ffdb641ae94cf0ee9e0eafa033deb17458c50a437afd742ab151 1640624912067 1640624914285 2218
7188cc4b4d3068bc3f131fdd447ad1c57be2225537953fe511e520d8e5ae16e6 1640624957527 1640624962924 5397
ee22da35a7a47feeafa437000f48a9796424f4425ee421fb077bbc2172573b6d 1640625007171 1640625015033 7862
eef4b5dd0037db0aefd519e0cb4dbef4b4f33f6a3f6f0fe07445188224520ad4 1640625053576 1640625062273 8697
3c01d154a2397317b9736bc438cb060aa077da6f5c4568ccf1702ad9b30e6da1 1640625099512 1640625108604 9092
fb9bbfdda5f28e0f87bdf11ff83fc14df62711b2491dba5598fd8dd9726abaf9 1640625145691 1640625150077 4386
ceb23e356b1d70f9216ad1554c010c5310fb99c9eefc07ab8e87edf2baf13495 1640625192713 1640625197688 4975
681f4ab0d4f755befae96cc9888c25e9119de09b3d6948df0605984bdb119b88 1640625238551 1640625246967 8416
fedc1630dcc63dcd155be42b36e83a3fbfd0603ebc282b2860c969ea6cf5d60d 1640625285238 1640625289098 3860
1041fb4c8ef5e1bf32857b9018d93a859dd089d5b084374d457d93f2ca89d976 1640625331028 1640625342105 11077
3dde8c9be053ad012209b94225172be32dbeb1db692317f1c250b466f6adc9a0 1640625377051 1640625381705 4654
aeb1286273e7297bcfaac080b42608e612f0f839b1a76e69a2d20006dd5d71fa 1640625424549 1640625428618 4069
29de2ab62bf532afbaa65af52125783f7c5fc08d59f065cdff04e554813a53d2 1640625469940 1640625481264 11324
