5b3faa4e9fa2a62cf3e1547c1adaf8062a00f2e0f2d9236fb9fdf0b445c88f42 1640624590319 1640624598938 8619
3f795a2bd4af7e7854539d3f37b49dc9307dacf57a47a6aa2e480eee456bc769 1640624636067 1640624644178 8111
aed0472de3375b88dc93fe854b4cf5b23e621d7576d718e039a53fc4f3649327 1640624680019 1640624693019 13000
81cc65e2ea32a8bf17f1dcaf491b9184d63497cfa47cfe1c2f8c08e1b68d238a 1640624725099 1640624740003 14904
0613d184c430756dcd62f61c729a0518f5c75a69a5c24d94b25a13cc290a3c31 1640624772186 1640624785134 12948
209e2d3e4c69e50c40e483798782d79a5ea3bbfd01b64782bb36f5e84640747c 1640624816606 1640624834606 18000
1e766330bd5436c2c9e2628eacb69b62a6bee666db39ea8775f5b71853708860 1640624865996 1640624880570 14574
0c005e61d60f6e8ff7a4e4781ca959d1f4e1f430efe7143925f49f73c20a5773 1640624912109 1640624925734 13625
4f755f09d3bf4884a0a2b202936a7f1fdd4817d125d9f43b0461e95e3126f896 1640624957561 1640624975373 17812
1f6aa3571945e2830c61366df874a6d67499d288cbcea38e528c0eeff2a6b50f 1640625007202 1640625021040 13838
aff902e8cddd43f9720a63bc3920dc1e1d8eb73299aa8cbedffce4c29c37621b 1640625053606 1640625065777 12171
2c4c52062508d5a6a9e464b327576262def0679f588d702a132c6bd22f3f5abe 1640625099546 1640625114072 14526
8bad2eea4ff5d2f6f71906d86d5a2de85a3c2902a45f104a4650375b46721e78 1640625145721 1640625161369 15648
df618f2af776e939cdbc84c5d4c40aebab6f27d7275801c139fb2305189beb8b 1640625192744 1640625206616 13872
2ab8118c72048a48b422bb59626aa0b94c621da23bf68dbaf3fcea10981de726 1640625238584 1640625253364 14780
8f17d38b08b3c2253f16f3e857c8f71d1570ecd95aa14a3e3eabb10a744f951b 1640625285270 1640625298746 13476
b1a039d1cd41256355c28ad10633b69b20a1c3d017e3568e577d93f4acc361f0 1640625331059 1640625343904 12845
d37d40dc509f944f418ae392441426874563485bd1772a07783f406e6088f9c5 1640625377083 1640625393107 16024
ef63611debc357fe12c9086448d93a30dd1377309c08686c9eeeca47977da4d6 1640625424581 1640625438148 13567
671dbd70cdc11c4854f47736812e6983f082265384a767db81c0260db7a103de 1640625469974 1640625489118 19144
