50444a65f641f8bd303a452fc786a70bc76f75637cf679a701cebf890b904edc 1640624590308 1640624598938 8630
ace57d37451e1135b0262bc7e8f2f8429961334c8bf0573064cc9c8f161fade7 1640624636057 1640624648104 12047
55eadb467989f3b753902e6e8d07194e04e2fdb4e92617c98c79e8f2d0b03e95 1640624680007 1640624693756 13749
2ae78314fee21f9ce992a2e14de61c8015e27a4ab29c7da1480804632121cb94 1640624725088 1640624740190 15102
0c65d5eef732bc8d6598c76b1797b1984673e4a020a61187b7befc0dda832aa5 1640624772173 1640624785159 12986
531db9ade4c5f2f53f50c67fd73acad0401ef4650d91867fe38c284765413095 1640624816595 1640624834529 17934
ca72cfd305a870435691017a0a3b847b760857572a12c5b0165667c768f9cd12 1640624865984 1640624877061 11077
3662d2b0dccbf4e8e9ca1c19cf7389691aafff6d7bed6b1c74dbe9c480b80748 1640624912080 1640624920197 8117
e655aa2d0c4e468dc97b4656f2fb6660d1004c6fc8f46cf6362f22f72a2df3c3 1640624957547 1640624974450 16903
5d6007a600631f0c90353a9e98f8c5c9e2df2aa24b6c9b50716ffd4edb4bd469 1640625007183 1640625015095 7912
de8628f6f4be31c6f677e1f68bd53495ba67628f9c7c3830a9620d09e8021123 1640625053588 1640625065744 12156
27b1a0ff29e7668f4fabe618f829359a990bd707a425347168021598aadeab56 1640625099525 1640625112586 13061
d230cef11c8f1c6d4d561c9e3ee781ec164eccde0756100ccd6565db65b5e96c 1640625145703 1640625161335 15632
34bc44a44861d735b1e7bad2b202187729bed4ca968012dcd8edee658ae4ba52 1640625192725 1640625206636 13911
b787e1c3ed60155752595e413a2b97e20a7aee85414317323cfee7a6fc0b3da9 1640625238564 1640625251393 12829
54a62b7aeb3381fe290e3e7a74d59d9eef004843cd1ee2d866681d32d7db6ad0 1640625285250 1640625297964 12714
048b8fc15b7d7a7f0138959722a5e92a63adbecaddec6ea412091a488c8a0ada 1640625331040 1640625344121 13081
3400c8e319cb449330343b08b72ed748613667fbb3426ce14f7edafd0bd71cd5 1640625377064 1640625392554 15490
9073c724726d637657832124fa1a74afbef20ff91d550cda7708987731a45c8a 1640625424561 1640625433627 9066
6b5535b91648403acf007547f1deb84b08fb4e6755dbe7cc3ed87d85eca76e36 1640625469952 1640625484977 15025
