afb436bc9364d56d3ee60cf28949285e811d250fb10bc1ce331a68d9a82b102e 1640624590323 1640624604799 14476
77fd7c349986b0daf490ec33ec8e33aae2b5394153d0077530963249ec28ec85 1640624636077 1640624644441 8364
77d177a2e039f4a03989582736e94f033d0a9cbfe20d2c60b2f646a6c1d4f2b2 1640624680020 1640624693193 13173
725db792fdb6bff9259125a83dde9d19accf40d91a46c313dbc8d38865b07e21 1640624725101 1640624740677 15576
95a1854127cd1ef8ce0c1ace663e96bc9c55699cbdd03d168b79dcf5bede2ff1 1640624772187 1640624785157 12970
11d12003523ba3fd8bf9aef6105539c25bf9903bcc889f30b2d169d7b75abf7d 1640624816608 1640624834629 18021
43ca87cc6daa9a0c72b13e31b0886d764d27e4b14c330459d696c3e460b8a750 1640624865997 1640624880604 14607
e08ad964c1ccbe0b1c98d3462945243c177b0d4207f372b99f97e19651154ba1 1640624912111 1640624925548 13437
f57e65f6680a2f9b132813886beea7e4b82b7ff538b8a3bd5c7ae39a263478a6 1640624957562 1640624975383 17821
18f67e1e93c68126c818613c467387f0e4de7932b923bb42500fc08ae006443c 1640625007204 1640625022187 14983
dae3cb7f5a4852da37c97555d015fad5b0e1f1af92a624dff2c8d0f7e60f8e5c 1640625053608 1640625065366 11758
c06663d05dcd829f97cb53a673ba64e6e92705e1749f06e31f9cb056df2a5ec0 1640625099548 1640625112006 12458
cb354416edb6bf6ba876785c49730acb37a02bd165f92f0af4a3e049be73f955 1640625145724 1640625161315 15591
fbe7aede3517403ab979f087b4bd9aa3e82cfc332a1fc3f8d6f8b7d4531a750a 1640625192747 1640625199827 7080
3da9f95351bf765e0f04402522566559fb3b71de1588c3711ea5eb11c4232139 1640625238589 1640625253386 14797
bf31014496ef01e316fac8f54733a0bc82c3d018190ea211522486abb561c394 1640625285272 1640625299392 14120
37849d8c0e3938e3fce3ce7e6552aa578a1bd5e0d2c99a9ac7c4fbaa695b442d 1640625331061 1640625344400 13339
c59a1eab6af52ffe770ac8250caffd1c98cf22cfe51f315471c3510ed86be228 1640625377085 1640625392540 15455
1d40062105ca318c0ea97bd0cb7611581ecd6a67afbddd54426c9e6d0e5dbc17 1640625424583 1640625438147 13564
ec628ce9de4422a008584eba1ebad5f4f001c00de4ccd5941587fb1bfb6340c6 1640625469976 1640625489119 19143
