b509f11a0fcf75630d1b3a7f9fa0c1c06e842d83bf8cb93b14c82ecb6d0e986f 1640624590311 1640624604815 14504
3ef94bb85cd9119c61ec5595ccb71078e13d19333d4d1787d125338296a1310b 1640624636060 1640624644773 8713
6a561a1b37a70aa7138af5e1dc5f5eba4f4c5ab5013d7bd90ff276ac934814e3 1640624680009 1640624690487 10478
0a41c967294a18685066ab446b5ec1f812769bda191d96cdbc36775c7e5d75be 1640624725090 1640624739898 14808
065a9f0db2731f9ff7b4af658b662b5962b9bfb565fccc3031af8c70c5fa989e 1640624772175 1640624784586 12411
0627da0c74c3eee41e31e5b5cc02edbb0335f29e1a07e129ab928daa7aa4ee9e 1640624816597 1640624832584 15987
c4ffb7010148e9eeb685c5ce7a6de5fbed7f619e5e49ff0f5d58fc832eb93630 1640624865987 1640624880291 14304
c0822e042ab6d50a81ae458e18ec891a8dd2c33e495b1790b4e88899223a2b45 1640624912089 1640624920087 7998
c19e3b871b3fb51e7f31367f7c24afb009b7979a5aa6ee729f039a3c5f644a39 1640624957550 1640624963395 5845
abd3b445f798fdca7af40894dd4e8849a8d7adbe9da473c53821f69e560ed229 1640625007193 1640625021012 13819
16fb6c7064f2283fe4bdc739f6880f154500c0bdfab9418d82c7c7e3a9ae0967 1640625053597 1640625065248 11651
011d51bea90d698270b3c2e25ba8f6dd864723c698bfa509c6fea479fe7fae61 1640625099536 1640625112724 13188
e3b53d6538bdfbb61d01ce09f354333b4bf432f9e54a189407c60daff1850a5d 1640625145713 1640625158575 12862
d965e52b09d024b5ee3886d47870a162e3671b504b4fb0c85157acac87797aa4 1640625192734 1640625200015 7281
9897fe627abeca50fba0dff1c8b55202acf3a7b7213e598ed4ca23ef0f875fae 1640625238574 1640625252099 13525
acd2d58f15837836ec30ea2bcdb6148e0b59fda1e4461cbd20f86da997b48919 1640625285259 1640625294022 8763
7971b7997f0e38f3f0b14c767379443c1abe91a8ddf946fcf064f5bbf7aa46dc 1640625331050 1640625345339 14289
095f5a5501647ae1b5d35684520cde97ca20bd6b070df708e322db5398f84cf7 1640625377067 1640625389628 12561
f8c79f61ed22bff9d2d2410cbae8252d275c684be54169960930585397ef4590 1640625424564 1640625438311 13747
56d29b426df182004a121d7f35f2bcc920582820f1b3cead4b3d8f06e194a839 1640625469956 1640625485661 15705
