33e84309bdff608fcc33de83605fbdeb44a332ae78645e255e9766794bf7760a 1640624590306 1640624603993 13687
6e5e11be7fb5fcd5ffb01f7321634ca8534666a3119746a5b99f3a50650aae1c 1640624636055 1640624648229 12174
0996ff862d2e9201c9bd7840841e5d629d05767c6ceb06f35e795b0832c77412 1640624679999 1640624687420 7421
540f3744dd60a557f4261f0aaa4d8078faf6943e1595d701b34dc68a692206de 1640624725085 1640624738043 12958
79638054b50a592113b89aff7aa6ee536aeb359a21b88f073490a94109c2d9c7 1640624772165 1640624779631 7466
3be63ac0a5b1d123e30c13410a8d43defed3f1f94a0ecb9f38a19f622889a91d 1640624816587 1640624830675 14088
14d806d1e7da7965ceef9682ce29c1ed505144993ae1501cd71cfe6560fc2dda 1640624865976 1640624876727 10751
15e076f816a9d37ea059d70dbf49de3421040b3d26d7d8293d9701c52684b6a5 1640624912077 1640624925824 13747
372d687e1c1324cf2eae45d161846f846cc12f3424d9325b16e1714b8667677f 1640624957538 1640624970195 12657
cf7e2b4ddb578266788e6e44987b3fee25823fc44a7b0518b46d383804ed4a14 1640625007177 1640625021093 13916
dd4bead2ca7e04e3aa534493af27402734eec48431dd9e41828a82fce747cc0a 1640625053586 1640625068213 14627
a32221f5b6051f4f3e22bfed6f737f9ab1ba5c75b4e4496e38490d51f76d6b00 1640625099518 1640625112252 12734
4053b235ae75c9029f1228de3718e30aa863ea51d3aa3136900db03aa6d3bbc5 1640625145697 1640625159348 13651
ea74b72be7bcd609b0eecc481936777bfb6d1dd4ff81e3265db764f998808f13 1640625192722 1640625206510 13788
2d9b9158f3ec986fafbc0dbd9ef8da5760682a92a558fc51667ed716c6874f9f 1640625238559 1640625251765 13206
fa15eb5901160344ece4626866c01ed590e1f57d5dc724134eca21f391e66930 1640625285244 1640625297740 12496
64a98f8e2d4dacf54fb1f8913ef21bd3751dbd7b06eeabb9f235071bdba43489 1640625331038 1640625344273 13235
8666ddc90415cdcdebca94fc2115e93b1991d9af7b62df80d665a400242889b8 1640625377058 1640625392247 15189
b248a19f28ab3a5f0880231e676ac3c84faa52e55be11d79e4cde57fc5176009 1640625424555 1640625433962 9407
9804617c3550c99939730136cde8f39cab669b9882a9a354e74f4f1fe26080a2 1640625469947 1640625483440 13493
