6a2b2d881b98dfec3ea04b1c6c997ba6dbc8d2561aff4d903232961620f1ce08 1640624590317 1640624604090 13773
e8012637229758b77fd455535b2c0ed6e3df5cde494f6d793477ff8993f13db7 1640624636066 1640624641620 5554
74255a2e24ecf200d74607fe5e59d760098d5f11380aff33f375027682215639 1640624680016 1640624692455 12439
ae1dbcfe282b3c0887b7cc9ec9407c554b399466a183b9d252a58247286f7f83 1640624725097 1640624739931 14834
2ed4f0d9b8eb73ae2d87364306105c8e6c1268b80005a008a52f5529688543ae 1640624772183 1640624785158 12975
7b63c3492bf7b4c9002ea81754545700fa37acdb0193d3366aca38e46af176bb 1640624816604 1640624831730 15126
f3c8e3880d6ef67d782ef2b12df558162739018c9ff27ceb91975938fd606233 1640624865994 1640624877043 11049
e4406fd4cf0c102b3dc6af4e235ef3e07e4f2970d67ca37b70bf27dc2184430c 1640624912106 1640624923892 11786
b7347e8c5d2ccf6829f349fe72ab227fff7d3f596803c3f54d3c0ce72d46c21d 1640624957558 1640624975370 17812
829349c0c9d8b2d8d4604b8c2565ba29d6dedcd54c6b2246dc829b350d65a973 1640625007200 1640625021140 13940
2fec37c77b511e16d325992cc2ec6cd58e3e8299559ff1c2967a61425abd4a76 1640625053603 1640625065637 12034
a3e1aa1bbaf6c1a97fa703e8ed159e3792bb2b0d5b3671293745df2fe6881462 1640625099543 1640625114067 14524
0c1ba8892c467725fc66380afe456c6986cfc3f973b948c9b3e50d8cfda345b5 1640625145719 1640625160778 15059
24c2cc387568f895246fb99a25a07f1bffdf575ce7b0beeb2605dec9b77a4e61 1640625192742 1640625206407 13665
490590cf97ca30f5cb5ccf68ce0bbb64eeb1cd98e391096481bbc486eed62c48 1640625238581 1640625253378 14797
0a7f62d42def0cb689b46d92d346f454e87c27ee9081157207b649867352e225 1640625285266 1640625298362 13096
176233548cc8c3ababf6e0e5a84618370f2d37d5e5a5ddb2a35dfe261b552f74 1640625331057 1640625344543 13486
41e4d968897aed458a5b9f9e9556e42ed1936df1225126cba8b21e538e5a73b9 1640625377080 1640625392584 15504
3ed8b6279c761fbb83fcb1d40decd8ce02cd7dc30eb59a805c458d0ae009e6f6 1640625424577 1640625438316 13739
7b10ab5ed5caabb3d218212bbe98bfad492326bdcc5d6c60c59c8ac69280daf5 1640625469970 1640625489076 19106
