9251d009f2bcb74aa62a5650e96a9f7f22bfc8e1607c4c007ce13c506a4c8b89 1640772213984 1640772214219 235
53d8b0b800c1b6b0fcb08895f794592bfc4f548dfb9fe4c38fea73b2ee1880f0 1640772217211 1640772217468 257
f98df06b1095ff502ddf50f0607d7a8a24a56e9066bcdd13860277332535b3a9 1640772220349 1640772220615 266
6418f2ff10357fab724692f02169e0c113020353a92ac48a1a2d057bf73295d2 1640772223416 1640772223660 244
819ecdb9f7e4b9a8046173796c6b491dcbd5fda78950011b3c9486c645184fc5 1640772226423 1640772226647 224
3b0540ba7435599924bedbcdaf7731afd4fa717de68fb1fed7f319819ce9391b 1640772229452 1640772229708 256
e8c2baef1bdd8451af265c0f8a50c2ecab36c9951e8e97f530223ff3680db953 1640772232505 1640772232750 245
2dafeecfd97b105fc5585b350a37817c18b4771eab461815c03e5117770d2dcd 1640772235589 1640772235840 251
cdd2e571d71e8ae7e48985585eca7a281eb35cf02854c18b4d104abb30ffb772 1640772238603 1640772238809 206
40351e082f2d0b8568bab50d5a0ded41da5cba1fd081b72f8911ac81a16c6ca5 1640772241685 1640772241944 259
5967b77082aa16eb6ebada47e4e9622711e330da02c2276576abca8927b5b478 1640772244748 1640772244999 251
a96a401a338eeaca69bb8574ddce781622d3c2e8c4fbad603f5e33b5c2b52b99 1640772247827 1640772248076 249
b04e7e8e5c55190bfecf7c7c77a0d6553a3a30fe3d1e90e43a05f090cedcb3c7 1640772251080 1640772251315 235
fd56662cd5912c4b35599af319c72d22bbcc2e1487107865c4354577c5e9d70d 1640772254146 1640772254395 249
d6d5f186816d2c3a1a4dfe4231c9ad6b7698ec4f339d7c229cf63a3e14c3788e 1640772257197 1640772257451 254
d92e63177926d5a3c9929a37c46753c562cc09483ddbe6e45a46a2c174043639 1640772260376 1640772260644 268
9a672cc2dc4990b5223e820b4e62cf5932ecec0898a38972095ab73d0d10f8f9 1640772263409 1640772263666 257
e5923ab70cbc7988d2011546085d71bd642aea6664ee549502533f2715fc5105 1640772266420 1640772266678 258
41771ae844a3798e44fb35766651bf6134d40e5b6a90974d493b3e20d427096d 1640772269577 1640772269832 255
fbb373f595de3d0ed068d1ee16b1941f47bcdc4d60c27bc58d52c1e267c54ddc 1640772272636 1640772272890 254
2a57992111750c9406a6028b6877d9afb20d3647e999df1a788e9feb5753c51d 1640772275640 1640772275892 252
114744b3c01146ae31b73aa48261af74422583c357d033249c7f43ee9d9ccadb 1640772278794 1640772279027 233
1ee344c75ec7c81ac5741eaa6e886515ce61bc61d09ded4d00067c97ccc514dd 1640772281896 1640772282155 259
7e12b784adf3b133dbc7c1ca655e85daf8837a2e2ebde95e61d0f1f5266382b8 1640772284947 1640772285148 201
2fe94c834e7cc8a1ca14cb012dc0d5912bd9cf70ca23d0d8ffb19b290714068b 1640772287960 1640772288215 255
5d567a87fe4dd9cc4a139e811c1071240e5d5dd451b1c84e23fae5e63937718d 1640772291119 1640772291372 253
1d9e03c9f26b3369252623124a28b0ad155e6eef0a59e042b44b42d98f943274 1640772294125 1640772294394 269
29805209549a09ae135b77aae04f21dac19b56238cdd27a9293387125dfd76d0 1640772297212 1640772297468 256
2401f9ae92f2b8c327a0cc23bb557e1a1eb74036b494a18aa7fd031b09240d54 1640772300391 1640772300642 251
89fb8dc9560ecf57ed9135c2d8f26c66cc5de7c0957dde8200cf6f1eb0072334 1640772303765 1640772304014 249
2d77a009b367fb1acb483db89e1ed60ba7219cce64a42ed18e40b82551ea0d24 1640772306841 1640772307083 242
7106e3f361c9c25411529c5a3dc463c4ba009841455a8b3d610d9ba1badb4c80 1640772309930 1640772310167 237
1ba62f9eafcbab55aca6a1cf998892f884b14a3efd36cb5ab05f1d28e820648d 1640772313017 1640772313275 258
bef81cab3db527e8fd3c4b9d99e2698c1eff809e5cbd694d439712578f29e2f8 1640772316000 1640772316248 248
ec7e0c0f802b8af5a5421ce7ca253e5a980b24fde9c6fbd6f8ba9d799321bb77 1640772319065 1640772319321 256
83caf11f38b43516e29ce005a54ace71f9c4ff5ff4cb8dd674379ff38e61f9b3 1640772322167 1640772322425 258
6073e2fa583cb4ed3f828b89dbb24073b5ac23120fb2086f17cedf4537291b53 1640772325161 1640772325416 255
39fbc14e825c90a25daf645c55e63e6a4c7dc6d061342147b52934443c4aab28 1640772328291 1640772328505 214
9b16c2b43d4615850165541536d4f87aadb3793c85f098df404f17eb6e7a7f36 1640772331406 1640772331666 260
f5d5df3f4c4e8ba9a979a2a8a0dbe7bb05611285b6e96b5337ce639ef6d69d7f 1640772334397 1640772334611 214
326f7b8c34685dd96fd16c8e03e1699c01e5cbe98acbef44df7448044e26ee68 1640772337425 1640772337675 250
5143bc7fb04d3f46066fde0d9584ddfb8946abba7fa370c138555f63a0afcd7a 1640772340522 1640772340771 249
fe52c8165dc2c73a4b6263613adae17ad67f525e298f9bd08cf3d580e82e070d 1640772343550 1640772343813 263
1bffeb74cb39b37e9c28f8ab9702c526b567adca10b1309402f5ad56c397504f 1640772346399 1640772346625 226
fffba84ed8001f8795aa369a6ef7d6979daf7625bfd5ba1c203dbc87391e03b6 1640772349405 1640772349634 229
c4be8835293171f1b9dab66ab530d0e141aa64f851402c612ebd62f27a119ff4 1640772352391 1640772352578 187
ed8a3e04f42a4474b95083660ed267b24c6b6cac35b641ffc9b84ba19f5ac3ef 1640772355332 1640772355593 261
5bf1a27b3f9ca327c1e300b85781e08498dd5109b6865902ce437ef50e71b8e7 1640772358348 1640772358574 226
2f9e09d705a4b8b2910caf1c8c9626bf636deecb114b3e0848c85c36ef75db5c 1640772361271 1640772361532 261
72b9c419f21986033ca5419035e0c111a372ae8fa5debe37921f434b1799145b 1640772364278 1640772364520 242
