e380189e9246ce666bb8bd53d8c4c7246e77ed8fbf1ba2f831cd99b6e83d5596 1640782851829 1640782851923 94
f658c65903e04b6b6bf0471e7bab498298b908fd53ab745b45d271eb4efe8d60 1640782851996 1640782852093 97
2343491fe6f03551f7db8b7da1af2b94ca5be3a5f0f1b126ed682cd451fad019 1640782852197 1640782852279 82
2882b62da9b35dc8087770243b7a69c092fbe660a736770479842deb49d8c378 1640782852360 1640782852444 84
8a4c9f8685fb6047e7f93b9dac3e5f9933906dd1da0421734c9753a79bb8954d 1640782852536 1640782852618 82
fe62e866be18f169b68b6d7e11aab9fcb83555c1737675ac98c27b0d15a50b9b 1640782852721 1640782852817 96
e664065574ad76c75d133c12a44bb1d09f0ec8c35a01909ec158fad9cfc9730d 1640782852900 1640782852988 88
164cb848e4c0999c3137c2ce82581115776bf8cb282ad2e30abd4677b09e8464 1640782853058 1640782853144 86
b1b2803d0ee28babee2849b4c804fe90170e3144c04e94fd4b6c546945f588f6 1640782853214 1640782853305 91
6aa65a16e897ac8a0ef89fd55fff2d57e06e64dca4d9803c85deb5f0e5c242ab 1640782853403 1640782853487 84
365b7d73192528605992d85a065785f50da96f40fa9661664739615bc7bc1ac9 1640782853555 1640782853640 85
c01ce5d7c954c37762c9b01f87d713ff578610ea6ea99c9320126ec7aa75b022 1640782853745 1640782853836 91
2013b86e28ebe44b9b39be5d1190cdd5e16f62a9123b80db5e678021b97a1749 1640782853912 1640782853994 82
63ff32e46fd8d8ab0ad9c0a679cd4d66a5b56975dc09ed8dce3ce234999dd6b2 1640782854076 1640782854157 81
eb69c98570a49b137edd6770e535f85b6274f4ee8ef29c7b7c0cfba6b61bb8bf 1640782854225 1640782854311 86
da366df19335fb18aed0ab37e03ab089d3fa2277e254f305e29192c09238b789 1640782854382 1640782854489 107
c18268b0cee6fee86eb86513012af0cf9e2a11df76e7fc5b5fd4d1ffd6d8a3ef 1640782854590 1640782854671 81
c2a715d6c86d72fc1e6ab7abcebf54834f709e6a894800436ed510ceec7dd0a1 1640782854775 1640782854859 84
a0d92030c4cfeb2b31077fddd52138a3c7f67d9f3413b05a56879a6682302fd2 1640782854934 1640782855022 88
d6ee744912fc8b50dbabdf7f69afcbf5f60825605004cc23bb7279e144a7bf27 1640782855098 1640782855178 80
