cb43fc1dd438c6bc1fdabb99f82a96d9779a61d2a94d99184af306efa589cd6d 1652086256796 1652086258322 1526
cc976bcce9ff1425d217be3ec7085230cc5b51da34edc579ebe4113a4ed7bfc9 1652086267353 1652086268641 1288
5fd04241e9c0acbf458acca1a2427d71f628f0ac2166b1ebf9285083aaef1dc5 1652086277970 1652086279257 1287
3ef9f4059461d04590ae8e8e87f3c1b782458a0657d73c90abb91a10203c97fe 1652086288534 1652086289879 1345
1d0849ee340b23f97cc845908a7365f4d372f0e8bc60641282484e3c08ae8acf 1652086299236 1652086300529 1293
f396df9fd1259b9417bb3f433638942a487c55380622704752d2f74275874f64 1652086309622 1652086310924 1302
51f8ba1b1fde7c32afe46b0734a6b1731db62e0f70df3e706fd8ecfbb46bd602 1652086320381 1652086321698 1317
64687902d689962a5272a789696c3dd0fa04b8e6f184204bd9137401cff89d36 1652086330843 1652086332095 1252
429d72863e804ea116f042a8a99aa8391b3bff2c3a715310124cae127e663fa9 1652086341376 1652086342650 1274
5e0f6af2621ceefcea00c7db68191ad46c16341bb88f84100d310b495b1b8b28 1652086351915 1652086353238 1323
