cfcc6e5b3e9ca39a06f51381c1fc2b145677b3fb32fcdcef3cfd24bb29a2cf86 1652086256804 1652086258433 1629
dba4f543c41a0d10dd41e8883ca491b75a9646d9a51f1d85f1502ba4a333c782 1652086267365 1652086268648 1283
916ea8b2bb79c66b0574e90dd597852973eaa853b4616195cefb3fa420bf6a63 1652086277983 1652086279214 1231
b5eb2267f148a346568c32bc9c793c44c5213410c586bb0fdec907d1a0d77115 1652086288546 1652086289892 1346
ca340503eee9df12ffb54d6330f656570c9081c7497feec011e3114c6d4493d3 1652086299248 1652086300539 1291
99cf5c83a28f5bef83cc8d83d03825c8e361f37f99228cca1f1d22dcc4313190 1652086309642 1652086310905 1263
844c52e24781838d2559a09d75bc6db53f334f00811252a407364744159f95cc 1652086320392 1652086321613 1221
06b45a5955c1d1af09527a33baa3d5821d61a12c2da00001876a54c14ce0846d 1652086330855 1652086332104 1249
8e141c9be05526460a4c2728080bed753cd7a26c329e62e975c057800b84d539 1652086341390 1652086342686 1296
82de14c04f97f18fc560638b20acb763882adf29e628b440497d39981d45f5ba 1652086351928 1652086353240 1312
