11c6f7276e4e11c9f011b1e3702e56a30cc2bb51c82814143e8d43db421fbe00 1652086256800 1652086258433 1633
97b32d8449875137e0136a7f5ca1689f3fa8bf161b93692ef5c4bae35e1f77ef 1652086267358 1652086268641 1283
02a41189ce46ee5b51d8782f4128e53abcdf7212a6f1499dbeae290de1b2f168 1652086277976 1652086279256 1280
903f0c8d879c0575ce0b3250f756145ce57dd5579a5ae8e3fc76e9ca40db152c 1652086288540 1652086289833 1293
3648806552bc9bed2ed838b86d37a2ddbf93e4e4113491c5d39cf69a08571695 1652086299242 1652086300462 1220
6af785f8c0b61f926db1257c3dfe2ebae3952dfadfe45948a65c6a784ffd96c8 1652086309631 1652086310961 1330
eb584f7c02114a629afc0a1df27e32fb5ea18327af85e4fb3e23316f1f44d262 1652086320386 1652086321697 1311
e0e63001fa821d336f0407ffd2e863cebb0696f3e7b76666a08e309e9b8cd45e 1652086330848 1652086332134 1286
b1c7f6f97ef841b339822ed41dd29881cfd5b4259693e992373084889ccab620 1652086341383 1652086342698 1315
2f37e91f9f5b76ba0e1487b7362351802d077c75e5def004bb7bc0901897b2bc 1652086351923 1652086353194 1271
