998c7e6c7a9d4c8bc1c7a0d390cd62ac0a2a2e8e68ea2aa1f5fac1a41162d87b 1640706427259 1640706428861 1602
24d4e2838b1a94535e902aa7dd900b2d57c6b8a069005783a6fdb645276e417b 1640706465095 1640706466184 1089
a97a83995e441497b4f313cd017ff7c880fd76b62c4fc13d259b8d4c6302162e 1640706503049 1640706504666 1617
1de0b400e606318aa0b04c96394d82dc5997c6e1afc1d1ea09e46cbf1fc25f4c 1640706540973 1640706542091 1118
6e7cd1a12f483a58312831b2ccc31b7899140b566cce985fb6ceffaf598a465b 1640706578581 1640706579868 1287
f647760e3f0f8053d75c364d8f4703c072f50de8cdec50d5670bd2adfb2daf7b 1640706616545 1640706617472 927
a6ae5b74d34d1abd0c9a02ce003472399feb5a3baa980fc4c98755fac4cc300d 1640706654254 1640706655520 1266
96895b8664a58d65b1d7f0ebf2bf99f0a9b38a373d1fa5f3bcbf99b2a1bc6c28 1640706692722 1640706694224 1502
48ad897299f2ca081848159b5ed13e499a7220a76c7c1b9ba41a7487cf75c5f3 1640706730614 1640706731852 1238
721f296ce7562d6be63b6f8760e5218ea2daab1fd79f8029724a4ec514726ba5 1640706768677 1640706769901 1224
e0b7e4931fa9d1fcf805de27f2846b7e5f44645f770b22dcb4f071c57c64c0cb 1640706807619 1640706808767 1148
f459023611e89bcc081b916ddeb152f47d1ef403944d97fe78a9e1c8b24c818d 1640706845316 1640706847136 1820
154f3b90ffc630056fe189963f17e553c087b563403feca58714828177c56737 1640706883743 1640706884682 939
0adf66d7997d6f4de23a91f109e6684850161979f8baa6ffeaf40dd3f77965a9 1640706921986 1640706923064 1078
61dee3bc2bc0b86f5e77d3e38c7fe85d062b172c4511e2574c830e79d12145cb 1640706960137 1640706961315 1178
265b47d2fa1d0a6bd8dd20b725c911fc3730355e57530b4b9953ada5f790a108 1640706997978 1640706999418 1440
94c2738b89e368c8cab09677322e63cc1abfc362529e5ee8b800529a6df86762 1640707036212 1640707037309 1097
e0b47c0c2584c8a928489734137af0c6d2aeeb6f883f614e9c5294687aa6c341 1640707074218 1640707075494 1276
bde31730e839b84043e37b92705f8c2a8e8d2d4ad00f7c40b7030d44a5dcfc26 1640707112027 1640707113342 1315
3e800e374442a90c9637cae9bb8d4539afef9b1980939aed0f580ece3a491e57 1640707149932 1640707151271 1339
