bb3936dc0ec27e73301e2b7f94fb8bfb782bff25bcb094b6149ff13b7f1f9d89 1640706427260 1640706428697 1437
6e108dddf24118f478d9d7c6652510da48a04b423b53072345bbb80fecf361c8 1640706465096 1640706466285 1189
f7fe1d99b006de6d93ebcec1c06e103a6f588f42c0153b3029e4a06c2860b465 1640706503051 1640706505057 2006
1923953d63c88d0c3aee93c412b88b7ecf60defe069c4646e3accc8267ab0f5d 1640706540975 1640706541838 863
9b16155e696210c6fc30b8a13909b971617158785bc0f917612f2f3b7b584049 1640706578582 1640706579597 1015
a082bf918efc061259994b0f7221229f8065ea743529343d3dddaf579fc77e36 1640706616547 1640706617761 1214
362606282da4094f8daeadcd499d5d18d6edabbe2956d707cd0c377b451871ec 1640706654256 1640706655162 906
f12d2de2700518a98673700423213f3356207054efc31b05c57889a35e1a7610 1640706692724 1640706694704 1980
700a64f9f8d64e8d210396e2274551d5900415168da5702af1b29f12de7d40ef 1640706730616 1640706732272 1656
1f590312c6284874297c1fe0c4aaa091055102fb04e03d7cb51cd8f94eb5d636 1640706768678 1640706770046 1368
f8eb1589a329c5e45b6782c8784a8edd602bad7be5f398e39f8987d1c0ed1566 1640706807621 1640706808907 1286
3aa9cb97a796477f756d60be3efaeb6db45b34cb0e303cab1c74d585da548a7e 1640706845318 1640706846122 804
79fcef170a324bfd2337267c2d2c2c79f12defe3cbe7fc1b20729258ac3f403c 1640706883745 1640706884840 1095
c1d61e237ea2268933b6712ba78cb6668b7f8c2023ce7fdc4f1ba10fde2e1b9d 1640706921988 1640706923064 1076
b8ff31281e38dd10cb8cd20ab81e085e8565af3f204c57bb44d879fbf9dc9532 1640706960139 1640706961316 1177
a6a339bc1d40fdb92e40ebaac2a399b7839a373da1a829fbdcc1b8e9956917c0 1640706997980 1640706999771 1791
e7e4f3828b9d1967571eee7a496c8b067c57f1c1ba170709b0463fea5ea326d5 1640707036214 1640707037443 1229
e220443f46ad7a16ea5e98bda70952a9c98e291cf4d46ba2cbc72a520d98238e 1640707074220 1640707075404 1184
25f4d15bf98833af5f917445351dc5dda2561f0dc0036c7dc101ba48f2828fd3 1640707112028 1640707113207 1179
a4c4a28512f004c5c1f30108f3958174d81afaf81aaea8829255ae854da3b3d5 1640707149934 1640707151092 1158
