3c6085ee05778b72cb93347b03f1a80de82c2a050fe2028d5dd044ebe4fcc122 1640714552696 1640714554784 2088
3befc25d7cdfd417d8a1eab769f351235980a9426d044206e904635907d0014d 1640714599683 1640714601142 1459
d27cb5c30f38981355d791b614ed136a8901d27470aa1f4c5bad75d6ff55920b 1640714646220 1640714647725 1505
6acbb44bf62a5164f85b1fab35e353dfc764cf9200b88d01e182aa9c2ee62360 1640714693253 1640714694676 1423
fdd0e29dcededceb6e6ff17b36e814c397e8eb3f24b9e9ebeec3003ee7cbb075 1640714740089 1640714741859 1770
6787759c18c8224686de324e012423b994a7b92efeeabf7e11eecb59b7ee3a31 1640714786309 1640714788364 2055
2bfc1de46b7ac22132d5778542f227b6dc48862a49cdff02dced9d9182c5d13d 1640714832495 1640714834671 2176
42e568e9e98797bb656ec351f70df49d0b7e95cd21525d6849e4cfafcdb21a92 1640714878924 1640714880982 2058
54d79b27ec3f66d5ff32f589f831f1882538ad62f6e5c85580b9f71df2239420 1640714925692 1640714927757 2065
e4bea06f917a48581f95cc11ad501c26ee80d761e95a5c0fca771f911fe139ad 1640714972297 1640714974222 1925
0f7b65f7213b0c86cd04735823f49ca8a4bd7eaa4a02b89819c5c8cf791bc2c7 1640715019048 1640715019963 915
746ca335c8bfbcb1d4cbfa61858c04f212112976a94245052bf35737a635e65b 1640715065491 1640715066839 1348
307bdcc0cd28925b9ba840864f54837d5b8c9223b0de4210785cf97715669683 1640715111543 1640715113910 2367
72bcab0b6c884a97be8aea5dba399fd09b192fb3f5a51fa76d5fee0c7ba1cecb 1640715157651 1640715159760 2109
60f1208aa329351002c69246c28f70099583345c7372eb28198673825c8232d4 1640715203821 1640715205693 1872
07b866676e0777ed3670c6df7206fd07b4331c39f2d42be3b30d511a7ecbab1c 1640715250068 1640715252164 2096
a30588787f8b74bf1276ab73b93068f4ac63573bc7de54cd5436eb3438215c9e 1640715296452 1640715298048 1596
5bbaea348b550a0ac120ff8b49a44e0c96bfcb4ecb4882f8d17306134424e34c 1640715342564 1640715344205 1641
9f0d247e7cee53a4319a7a310dfdb92f090d3e3e3c65fe6466c0de8412361231 1640715388626 1640715390210 1584
7b1685dba7e2d0c97bf7a70d46408b31625b541b4011a70ade58e5312f539b7d 1640715435527 1640715437691 2164
