079fd74b9e7aeb413e4c95b7b18aff199529567b471581639090461bee141d9e 1640347471082 1640347473826 2744
ac4ff945ea58096ca5ab0d09e34c37b3f733be908b5662c61c8169e139f9aa11 1640347543625 1640347555725 12100
1d660dbc4da2bb246e449cfe1ac6a8b952a5416b8ff411b84bb9df71794dca86 1640347619674 1640347622402 2728
7efec84e7df9bd335f7e5670427e6afb90126accf9833ee7d0e1e2b8a057a45f 1640347698984 1640347700519 1535
ac8d22cb366aaf7ebd735befce73153c51f71f60716646f59e636e9c709378d8 1640347778478 1640347782380 3902
2e25c6815159f1bbdce06db00a2f25f63c9b4ea7b10944be282608884ceefc26 1640347857814 1640347865789 7975
a98c1da5868fdd688de3d1513141b25af0f85338ab4d6746bd35c03df1a2f3af 1640347936954 1640347938478 1524
09c1f44bd940f444cc7c2ed9be5108ac6278f9922b163975d4e02b81d2f3d087 1640348015727 1640348019039 3312
d120f2408e9de38f21ad948b6f873a5b1b422bc406a936c64df9ce6fe240dcea 1640348094816 1640348097490 2674
7a11aeb7922a07fa9555f57790ba55a4edacc90ee885f0d6b1499d023a1d0ca8 1640348173993 1640348175508 1515
b012dcbae31681ce9b9b5078cf363240efd3cb25674c52b8c4a04a0790a800fa 1640348252900 1640348257438 4538
27517c6b295429d6e329f20dfe520aacebfcabbfee9d2a5b254acf4e20afdf2a 1640348332343 1640348337414 5071
902f21b3f31704c061f84b737956c9200518ceb78e34f8e65e6baf2e8353f0c3 1640348412199 1640348416665 4466
790903e2a35c7b13b1a3e60488b7096050cacab712716ad075860a6d9633b59c 1640348491371 1640348492328 957
1cfb0455e4a98542a66784c17de827b00814da16253e10bc6c70b72bf6f45985 1640348570519 1640348573834 3315
a0129b96346815a6ca6ed7774e5421ef33b776fa7f309a31f750bece91749ab4 1640348650195 1640348653716 3521
3cc98c823a9cdd7cc7c69809ceb94c2eac659a35694c106790f8c80f103688f4 1640348730205 1640348735827 5622
b8732fad8b9366c6f40bb7f220005aa6c1c0dc245722dd350971906380114f60 1640348808837 1640348820079 11242
8156298e2bf2108910c1cd85a83c294f0de5fc0e5c2ae43935445a15c1bfe7fb 1640348888874 1640348890966 2092
a6bda56da3c93a000d61c7ab1545b4c74211e426d4a37311e8f161e4a6138d51 1640348968616 1640348971303 2687
