0190f45eb7ed039230f917f3783b0b336cc5ed61628353cc59876fe5742d54a7 1640347471082 1640347475581 4499
40dd3ddfe51b7f306c434f53d1a538f6309a1d7a9662d8a2b2c8035538c03e32 1640347543625 1640347545158 1533
2b4512dc5545a31c16992c77eff02f2a28b3c6b79db7c018979e3cca90277728 1640347619674 1640347629486 9812
3ec72940bca48742a606bf418d88a5a72bbc2aef252a9069427fcf7223a06dcb 1640347698985 1640347699921 936
3d00b2a4110133702f120e4fe1072864c60feafcacc2d453535ddb24ef393e7e 1640347778479 1640347782941 4462
fa0a5bcc7935c4eb2e8e006e44b6f852acea06e9e7cb2541f6c8da29c16805f4 1640347857814 1640347859941 2127
bbe0700714ec411f0bd17fa5501c8aace03206d73da70ac9ae2c21e8c1340bc0 1640347936955 1640347943785 6830
144d3097a46f9a5151a908c48f2762ef06fb273ed79312f9305c6929a4923719 1640348015727 1640348016697 970
710587d56bad36715b8aa2b28ac35aa5d92d39c29aeb20a1c8f837f65922089a 1640348094817 1640348098676 3859
7e00eb18093c1b2f0a0cea577267f73c0638ab35f08bf240e778b785ff1e4f7d 1640348173993 1640348174938 945
68a44295e21782b64ed736a5695b616bb92075042c7d8cc8eba22613f3dfe9c4 1640348252900 1640348254436 1536
8cd7d1c4ed7ddef5fe0cc0893823acca608a8d11a6f6dd5ba75d381333598492 1640348332343 1640348340425 8082
c8c76c51a2d13cbf1cc74b102cfc7ffa9a76091ec9510a23292a4f9d50a45993 1640348412199 1640348420274 8075
2745690ac594cdd64805d840877e32106e01a201dde939b7084a22acd03b1038 1640348491371 1640348495855 4484
5cbb8fdc72506602667f0cb7f23aa70e0e3ec3e2413fb00af9101552c4934dcf 1640348570520 1640348572655 2135
554b25382ffd0efe3d6412afb9d0d59f0236386a5406fdf1a00ba2336b576a26 1640348650195 1640348660353 10158
73af3fd2028258b5a8f53bea16b6ccf42fa6c5b555cdab254e9c716546a58311 1640348730205 1640348731148 943
f3c4b3fe230003391e87998ac91877cb7dfb49a8dd44c1ce98fe2fd3481b859b 1640348808837 1640348812230 3393
1a6e0dff9c6387749c2b41270984ad152142bedd44b722b020ce3e30d28a9e58 1640348888874 1640348890391 1517
0d428ca069781c501095ee36dc2187bb8235485a494c8e70a7ad80c9f71cc047 1640348968616 1640348969557 941
