cdfc4a7c235060bb11306c0b0ac5d6469316ea0e46f9ade788e4246d41bd600c 1640347471090 1640347494565 23475
3de0eb31a41822029f03a49503be2048ea6dc5e47615fbfd6edc438fafe5870e 1640347543632 1640347583440 39808
f160a73f289e4ebff84bf1d45aefad46cae66835bf97b4e6cf46b6b2c7cd3fb6 1640347619682 1640347638483 18801
7d2c7722864f1069fd3ef61d7ee5794beecae12c2394a66f5c61fb9d44cdaa38 1640347698993 1640347722834 23841
7c049c566873bbdfd9df1fdfc7c37705795724936a085c8c84dbd094c7dac7c1 1640347778487 1640347804916 26429
2b8b00c5b580ccc9527e220d1ce0820dfc583ab7d672bdf7b444cda372fcaa0e 1640347857823 1640347889347 31524
41da7bb8861e9135f15538a2607dd93022b092f8606ccdba90c3873a8fc36ce7 1640347936962 1640347972308 35346
387d7d562ed1bc1dbe069ad03e361498576b6b32331a86240adbb864a126e3e6 1640348015735 1640348049208 33473
5de806d46a7f8f8fc453f69256f15ebbf2bf87df1cf8ac5ce377cc83b031ce09 1640348094825 1640348120614 25789
47162bc9d17fb358318a4392ae26f4785f94de40cd1d1fb236ba4afbcab9b928 1640348174002 1640348216035 42033
1629d2bd8369240798111afd48e2b25cfed20eab4248e477934f9aa463c2d537 1640348252909 1640348275142 22233
dcbb19291e7d1fd7e01c8ca7b93675fce28abf5557aa358e6c7f2c10d8f043e2 1640348332352 1640348373730 41378
6916f46ff883f4c30aa8fc0f44d6dc24c5cf21732e6e3da89af2c4b421057a3c 1640348412208 1640348437500 25292
51d20846a5f24645ce6baca968fcfdda528c81d7f8bde485d752b4a4f94a4326 1640348491381 1640348520491 29110
1763914b57bf1972ef1907c81859f04eb72288b792b7f7a71306f5f2857525aa 1640348570527 1640348599072 28545
0850725eb67e6be6c5955983bb5f16cd71c0b765e1c39bd9ec5882c8b374c0b7 1640348650204 1640348684033 33829
70b777d2a9e74de90fee4522e30efab38b568837e602d93f8f8e521d0102b26e 1640348730214 1640348760412 30198
efd927f7902abaccef45ef87980b18de01ed3b3b4d740b3dd70292af103868d4 1640348808845 1640348842069 33224
6519610c768bb42f7af8e84c7c4e4d0c553e4bc960ef9485e993b310baf4d6e7 1640348888882 1640348921202 32320
262226d7663bf13c7a22d2cd9e212c99d520389d23c573dec6d9de15b4c5d2c4 1640348968624 1640348986918 18294
