c97c87a02d4f47b23c48b870003d901137cf34df7ef4b38aec243219e55434c5 1640347471089 1640347499700 28611
2b222256832b95aabab8d8ab83b46e2cf9240c3184b7135f1b4b50c29424ec9f 1640347543631 1640347566103 22472
689d7024e3817a49b853e564430ffbcc8298323d74e35aa6f82055baeaa67983 1640347619680 1640347651731 32051
573c2d5774fec302781ab4a336789d5dfafa5658385b571b2b7f88420fd81d60 1640347698992 1640347725972 26980
46ab5d6658c2d25dbfca0b827f5ba59c7e1340cbe731bd4ae9b7c6d3fa3d1916 1640347778486 1640347797369 18883
29080dc0e0d0976dcc09f9ad3cd541f419722a046e480bf3b941b0713e4ba4c0 1640347857822 1640347881092 23270
eeee6cbf586eb07eee737137f31f9f784eb5352c82ce02e1bcf41ba66b2fde79 1640347936961 1640347952773 15812
ed6c3e1cb3e0af14c51dd660aa608a83c05ed8701382b93b2ea66d46627e91dc 1640348015734 1640348037782 22048
89d912d538218a9d77246f8acc8923052b175fe4d7ccae82e04eb21ea2a16472 1640348094824 1640348127648 32824
d64ddfb935e1b39ffc2909283bdfcc75beece1bd87e1a9c48b14d88af5d9ceed 1640348174000 1640348199788 25788
5288196a28910881b05ceb17a8a19d106159199edf77056fd3db3d16c1a72573 1640348252907 1640348276392 23485
85b9bd67b8c8b126b8a08b62f5480012a02d06b85d8f3eed6e516d61f62366bb 1640348332351 1640348369753 37402
6872fcaae82745f664879b30ef4e553cb9576406ce11e8434e6863b8fb33f18f 1640348412206 1640348436236 24030
945efd1f430990f7702a1452ba6a656e3567f1c09313c3e0b6fcfb7214baff15 1640348491379 1640348519218 27839
168f4e143051d9422ffd9e65d7f9a36ff1e4f475facbfd1cf2e3e37d3d7096cb 1640348570526 1640348593319 22793
1356846a541dab28fc7069075aebc7b60e06383b3e9de109f685b26012a9d266 1640348650202 1640348679533 29331
88289cc4821f1f2d74f2ab19521bf90d99536ece54b26001ca6c43f274555e25 1640348730213 1640348755964 25751
0e37936536a0826dc1df148843a012a1ffed498f2e432ef86eea4226cf86d767 1640348808844 1640348839492 30648
e13b2304f3b1bb7bceb679521cb33ebe0c2ac5d65669619b0678fd6b547614b6 1640348888881 1640348914757 25876
ccb18813a6a3f9d0294b21bc6bd1ba35f1ed9b42d398c12029b9ed10bc0cbbe5 1640348968623 1640348987546 18923
