44483733f480508ba393648145b25b2c871c528e01cbf8c10049145bca03b9de 1640347471089 1640347495820 24731
85e5e835107922a5b38219820b18e6d35833e8c4a24d1e0c86390ae331225139 1640347543632 1640347563628 19996
6ff687063ec5cd9ffce0ead5f603cae7946c28c057f5b7b329bcf4473b8a2160 1640347619681 1640347639092 19411
8f07fd30bf1d277c8ef7a82ca5e63fb1d9932505df3f18270abb93a14c0f0f67 1640347698993 1640347724713 25720
30071eef1fc01dcf71aff8e20e315298e961614798fa887cc5619164ecf20fbf 1640347778487 1640347803630 25143
5fbeae7ea2ddf20f5146e4093582405244bd7cd5ac6d6e7e5ccb09218adc903d 1640347857822 1640347882349 24527
ab9e5995fb32617b373a7efe7e15a6d9a5875f1c462e365d9eb6891fb273959b 1640347936962 1640347962049 25087
04f2a066966822838cf1f752912b25efd3af2d63c6128f660432f311a831cb7c 1640348015735 1640348031591 15856
81ce1d293f378a2e0232e75697a1dc83266a4390ae3f979803ae616fd5a81817 1640348094825 1640348118066 23241
1f4a108690b1d5d832e67a8115dd6cd3d4c673aa43cc5f7db3556fcd23b07a63 1640348174000 1640348206178 32178
c2fd3b24c6c4862f62a7af3e26a93f39dbbfd70c6b74200171ca3c3f30af000d 1640348252908 1640348280836 27928
bb2ec2dbd13be4e88870f3b5cd2de8ed0899ba7cd1696eb4b2b595c1ec7800e2 1640348332351 1640348351940 19589
0a5887d2fa21eddab8379e79ed4b07e274cf4232edaf68f7a20e94de385fae5f 1640348412206 1640348440063 27857
0772f7d5e49fce56b1b48897722d62f4dd8e4aab16f9f07120c4b31ee465a5a1 1640348491380 1640348514793 23413
23009d62f61315c1df332e9c443e0218ecf462b5e9a7e7bd894b80c87421ed75 1640348570526 1640348606254 35728
20434ec3e6818d759e03dbc1dbca04435d0388c7ef963b3ac26cc04972479726 1640348650203 1640348673840 23637
2f83db3a541d2df14077a8aca71a2ddc5cb74f7cb6fedaee4e683a11edfbe233 1640348730213 1640348766240 36027
a85bd82ead49601ba8a8f8196c960d4522f16004b50bb4040d1a6d40995b9956 1640348808844 1640348838210 29366
fa6cad14404234ce790410edcce7c4090ac1b8cbf16efa96e726171ab4d1cf29 1640348888881 1640348916021 27140
920de168a3decccbb3cb03c5b3b7e494f4c072f8290a0aad0c0301478e837ec8 1640348968623 1640348995716 27093
