b1390b8c2a9a9408d5d69f4f3e111180bcdf3efbdf18faed882399c157731b87 1640347471093 1640347507648 36555
8ca4e68620985dc6938d14239fb32f3dd1e3e16c0caef29112b4d10f479656d7 1640347543635 1640347574334 30699
c3f38f62424a452e4988e650a5984c51435ba15de0271817e6751fd79c1ee047 1640347619684 1640347666309 46625
7f524af23e2e206512684e95efdfb52e6d7eb723792eec3317176ced8a9daf5b 1640347698996 1640347733026 34030
fe1807bbd4815ff3a3643f513bf196134df876b38360e5e37b502011b2c9f7e9 1640347778491 1640347813360 34869
21fedab40f387aa9a298dd071efb9dc3a1e4c3680fc54cd5afe65fe869cb5773 1640347857828 1640347908654 50826
e1d981b6ec4ef61e32b4722d00ccebdaa1b843d83bacfa572320a824bd6a4a30 1640347936965 1640347972953 35988
449bae2cecc92e19683702a93b1232c39aa4f783a1c7c6333135e882b2aedcf8 1640348015739 1640348064508 48769
310e86bd7a6f53fb05c56ff4d05a3299f76def03dc8d0c7c9c35d1a4a9048cc1 1640348094829 1640348133633 38804
4c14bebe884014cc69472364cf31c41c4a4080544dd987694503f82ccbe93565 1640348174005 1640348217381 43376
220eaf004babc07695f2e61ee3a6b081ac0ccc093a90f6deb327a136ced013ce 1640348252916 1640348304717 51801
b2e86bf021e92bdbdf78d6368b62dc94d3402257d28b32eaba888e1de7b8a4c7 1640348332355 1640348392884 60529
7d4d49638715cb801f7bd846eae6a4c4bc8d55e8c3c707cf132d60cb1042093c 1640348412210 1640348444627 32417
224e1e7e9b66e192f0b8638af32afb6af923732748f5d5d102ec326742e0938a 1640348491386 1640348545240 53854
39447e0e8e4ecd4773b02bb3b318dea2cc3d1e5e05b9d8753ba4b4a4bd87c758 1640348570530 1640348600353 29823
eb20f9d4aaa7c376862fc316a30d7ce395afcba6e502ebc23e5a6251bafc634b 1640348650206 1640348698010 47804
2601bbf855a3ff97a05da67d2d97d1d49c223d9d52af0dedbc61abb776ac03a6 1640348730218 1640348761696 31478
0073422dda3959a824d4d0579e7f2fdf91ee75d82f58a55aaea439ea452fdec8 1640348808848 1640348842720 33872
341fb31c128169408d26c870cc665461cc8351749598c236b87712519de4d08d 1640348888886 1640348922495 33609
69b103407f838db2398786d3dc7766fbb052fcfc91e72b68f6ee9392bb5d1044 1640348968628 1640349007429 38801
