05849e502166160bf1f4291f8ae4ae5733cc3326447e5de76a004d041ccdcedb 1652084518919 1652084519109 190
13b0d0eb1748d899d48444c0d5e170d2e3534bd97516a310219ae5f5760d1d82 1652084522470 1652084522663 193
5995867a903c8b093a1227ff9c9ef84300bccfcc7ff27644c8f3c586802ae577 1652084526065 1652084526229 164
7deba4ca9d30a240738282647a0d2497a36c18528e01941eafbcf9d621669911 1652084529530 1652084529700 170
8e369fd6b8ec042f3493fccf7a14e652159ba02f8b72a3fc5ba9916b49fde4ad 1652084532996 1652084533187 191
cda7f599af2e6561c38c4d75b8c7a7393cefe1eb065bdd354b7c4245e7919d74 1652084536532 1652084536707 175
a97ca7ee913ebea79437048b50db102d96ea96488e9e4be5f4b91b7639db8359 1652084539992 1652084540169 177
9c8610325a9fffffd2d3226c08beb9ee7d1bf045452c627023f7b011b29c9575 1652084543406 1652084543575 169
8ebf7106ee1e9536976fd3879fbf92c6f54b9d6951a7930469376e7f41083562 1652084546856 1652084547040 184
fbf501fc99a8357fb30e6a8719ee85adcdd2c92556124f9153624a16afbcccaf 1652084550421 1652084550810 389
