747e964c204c408c4f81fd8e05c3130fdd6031784c6c4c31225e07394a49e4ce 1640674540211 1640674541902 1691
20297669e9214801e81a73978e099f62813ece8b9ff99fdbdb6bba412693cdc4 1640674567220 1640674568822 1602
e34aa9301fff4ad614fcd29443c2cd2850b0ee02b82a336a9ff515d2ad120f56 1640674594192 1640674595783 1591
b5298687bd17aecfe78a1b162418b477b23818138543a183382738f496452be1 1640674621335 1640674622824 1489
9bda29a6e239784febbdac8d2f37de6270eeb126de52372b2e7d3f707258f60f 1640674648291 1640674649824 1533
1a69680e9e0c0a9a23d199fe414f30415ea28cc60d647c26eaf93f97a0965d82 1640674675620 1640674677277 1657
fa0e3e25f5b29f390fc9c4ab7404e63af9e9411bbcd5ac91bc3690063f3957d2 1640674703036 1640674704870 1834
6b419cb24ef603d6b692583a23af8932655bf23f61e10ab440da2181a66edc0f 1640674730619 1640674732517 1898
11259adf339cda66c5b1e5236b4d48a4f54c253f376e90cdcbc6c4d2f431f3e0 1640674758164 1640674760106 1942
383062aad206688864abbedf87d75d72133282a26785e402e0ad8091c0831877 1640674785861 1640674787752 1891
efefeb8aef2ad8b63e2d0455006d050cd9a0580004dd01b75b213ee4e65aaffb 1640674814369 1640674816370 2001
0039d41e94edd2fa835041b02c8b8b6d98344e37ab3620e520fc86581e134039 1640674842012 1640674844010 1998
dd114d6918554c11838122949b552d7b259a8c4385f6068956b02ca2acb48222 1640674869497 1640674871555 2058
b3eae004c9ea14352c20dfab9b3a2352f5721b4b0f5154b99715411056841bc0 1640674896778 1640674898799 2021
8140a2dac4d6bc6e25d5a3dfccbe82f3d250b1e1325ca8b1b3011808c897a40a 1640674924543 1640674926564 2021
87bf386620f03dd0902020be54ff39ac6b038b0f84d45d9f50011e06675ad449 1640674951508 1640674953607 2099
eb1e065529968a6e1844b77b5f28fa757a6b2f85f0543abc04091618fe2e0c98 1640674978916 1640674981039 2123
851fa4f2dfb8d552a103b57c6496af83a96ba3c819bc9cefec0b7dddbf1eee24 1640675006312 1640675008361 2049
4c265ee8d2b6806aedaa4eb26ca0bf385d68ec12248a1aeaff56f66c82be7a6e 1640675033803 1640675035845 2042
c33d0b388c36125e8f09c202798cb84884a4702267b871f5aeb8f815e10ad74a 1640675061458 1640675063316 1858
d26aedf4df2d6c592d1bb8a8eb7e878a256b519b6dda47704488782519dfaf11 1640675088805 1640675090642 1837
9f10d02464c068ac8ea50f935ba91bb5643b7247f37623a4ac563b9e4e08df31 1640675116831 1640675118962 2131
5771e8a56088e14ab7d5a600f62e22d22567ffc231fd7d513db3ab8889442dee 1640675144325 1640675146465 2140
ecfecfcebf7009242514796ec31f691f2a31d9ef4ee38f73c73c77c7afdd15a4 1640675171854 1640675174467 2613
55795e46750be8751ad36ab9656c9428b77118d406b66ae24a11665559c9d322 1640675200071 1640675202070 1999
2b50bc14e1ffd6ce0dac77b49f83ce3d48b9fb36adbd39c702f93e90c80b64e2 1640675227893 1640675229551 1658
378e5dcd1f9f98b0737c513b8637208eed9c1f1aef50de8db75f4ac67239da6d 1640675255662 1640675257407 1745
cbaf304551587fd19d71d467339e6702bed914d415216b286c7395faadbae85f 1640675282905 1640675284732 1827
a3f8f928518e07360234bf66a29b53e2b692f0ed2d994ba4f068027b51072659 1640675310203 1640675311944 1741
991cab2d0dea78167c1f477b75540c88b207367ac393e48175ca4d19f0569325 1640675337995 1640675339789 1794
e62ff5f89db9376a853de86a79c272c4f538cb1f39a069697c9dba391b929e0d 1640675365756 1640675366839 1083
3a60805f22ef462bcf8c1735a6204f2afa9a24a8b5f8ad6d932de956c0b81d30 1640675393326 1640675395046 1720
2434de4f1644ce3bd923c307eeab84449ddaa8f9150602424b67358dfd72bda8 1640675421327 1640675422874 1547
e5de2c7fc06f2450e54723508d614f7b71f9f67e45dc3a9f0360d86321aa3591 1640675448776 1640675450578 1802
e709fff3d96cdbc5bdd008af466ff472b2b449e2857382293678d05af6588e2d 1640675476040 1640675477758 1718
a447b1a6d00fd05865ee644f582b80faff5a5c71a8abe5d847086fc0836e78d6 1640675503289 1640675505120 1831
75757e7b4af3e2f43e0d9974d5e37e1ee97e9d3ec81ef2734b8a53c96429717d 1640675530682 1640675532565 1883
5ff64ccf44d65d0f68cbe89fdc68e1b6604e3b4c1b998026eb757dda28557027 1640675557849 1640675559712 1863
8200f86464caa9fc66163a2fa6ea998af4bd9a6d492c1b550024ee8b4b8b1123 1640675584834 1640675586568 1734
3c058c00a1daef4214989464f9ab102fea7820f3417ef5dffc96c5fb747d3e39 1640675612054 1640675613979 1925
bc7fd5c8d24427a1dffb2003d320c173411cb80f9ce98c00006048116f51b073 1640675639436 1640675641455 2019
fece74d8a5c7fcff0eaaacdada71463f96996273387ec8df588ee52a7d93f2ac 1640675666683 1640675668586 1903
d3080d868a9edc8f3bbc70af253498f0f6a29eea549cffa2b6bc9ab42a7952bf 1640675693815 1640675695789 1974
2c55c854caedf26965214f3a22a883feac84e810984a1bfd2123ae0ec1e508c0 1640675721612 1640675723539 1927
2c9309d367e1ffbd59866f47e0a23291355a53df01310dcb694abd2b602b36d1 1640675749368 1640675751098 1730
9f92268ee61cba87d6be850f396936c47ee1baa82cda2d8792b71b0aeacd0ca4 1640675776787 1640675778448 1661
96e2f9bc1085fda8ccba25ce4d9929c11bc8e26cc78484c8c14c2c28b661d0f0 1640675803870 1640675805557 1687
beb1e60e71b329adccbeeb8aadb7ec9aede9560dcdaf37b3d80ce5e6f480e478 1640675830883 1640675832545 1662
477e132c356fae3ce239804a96aeca62bed443dab50470caba023044ad3ba391 1640675858155 1640675859862 1707
90fc9400fc18b45b1a3ac0b94d89400c842fb343c74aa66dd0e312c670ca1ed3 1640675885731 1640675887773 2042
