72056de7dcce026da90f9ac373a0923f47bbb56dc96945deabd71a658035977b 1640674540186 1640674541579 1393
87e2dfe6e15bf65f098b7ff0ee8bddb83b673ebe4b5403a8c641ebc40644467b 1640674567197 1640674568209 1012
27645e83f18e240c8d42e562b9ef95b7d4f9d5b460e3f022a7c75e9f8e517308 1640674594165 1640674595253 1088
5cebf5d09e43f47a00dc3c3dbfe502c60f3861cc62409915257821f451844897 1640674621305 1640674622233 928
8e09a5cdc3cafd4038a57b42e96532b7791163ea07d5d999379ce55ad3a78d0e 1640674648263 1640674649126 863
d65ffb9a66f797e2b6c2fb4650b1018811ed9b80278d65ce014f73e392bc2a9d 1640674675591 1640674676553 962
4523da90a631e0453159b5dddacdb6455fcb5e3bb61fa71d4a7925167c7e9f9e 1640674703008 1640674703998 990
b082905e54c43d3d511211e3f8d0461ee850bc27abf64b796a26dc7f1ae10983 1640674730589 1640674731639 1050
079305cec5b55c7fc7ce56ba82ff6ea18e148f6e4655f54a6e57812f0915d7cb 1640674758139 1640674759371 1232
bcb4abaea520701e26b4b668b1d84eb7a13a768b932fa1cd1f454ff763b05430 1640674785833 1640674787029 1196
241deddcb052ff305ce972fdbd8762ac336a1b848f28f4dfe55279918582cfc2 1640674814343 1640674816123 1780
925c97ae79dd25e7f29cb67fc992d8d10649684ddf7b4347a33937538dc326f9 1640674841988 1640674843112 1124
8675bd50aa5dfb3fce88ec8c9d77bbd8c3fa64c36898f69b80324bed8a3b2956 1640674869469 1640674870648 1179
6104989a7a52c4f53d659f0bef6b1b29f65273d2421c8c7c45aef5ede2059b8c 1640674896751 1640674897249 498
3f669e08e97af0b56ac974ac32f0f42cca64d7d6e1728632baa10dfdb4aa03dd 1640674924515 1640674925609 1094
6d1bed376f82ebfb8e585a11386e6270e2187e4b1d83d7d08b7ccd7a308e3623 1640674951476 1640674952638 1162
112c95884f975c75fe9e9e202507c63239acc3edcd65b4f7c1441462da215f44 1640674978887 1640674980237 1350
0b88f55c67fb9cd1b9e3e90eb0b66df74cdd650139ce649e7f6706355cb955c2 1640675006282 1640675007584 1302
221617459d20717e71c9bd047f4fd6cba264ac58b2d4099f3bc58967c6b98afd 1640675033775 1640675035047 1272
52989defaea2203128f11a2c3770a4695605beb9dbfa9e2c291a491bf63a037d 1640675061428 1640675062686 1258
559e221c3697519ca38472f2e6e87a17acb25f51455374475a3fdbd48cc8acc8 1640675088771 1640675090844 2073
b8820f39d7c40347862d90aa0a730010e54ab6836ca44600c6e72a6442f29f82 1640675116802 1640675118503 1701
c8e8edbc370f72a53748ee5e21cd899d57c688b9ac414ce7cf148be316c8ca52 1640675144292 1640675145918 1626
d4f67c887218b5f1e277f5c7c4b3cb9095229d507a755254dc7506097fc327e0 1640675171821 1640675173158 1337
af203149a34f482939b4b9297fa607e25abc6e983b1b9d5d2d68036745b506bf 1640675200039 1640675201179 1140
0a76d50a3437aa4c8b48ad04125965a59cbf5a5897810b60b216e17fb9e6ed0f 1640675227863 1640675229123 1260
a13121f76bc2e0d0953276f22c2e78dd1ba27b2e09d37847317b817f47c389a7 1640675255624 1640675256516 892
f2288054ab4b58f03e140838b45bdd14cfccbaae3e768fbac4eb1ae5f659ce53 1640675282873 1640675283924 1051
8b93658c96db734b5d81ff674c2b866c683730d67e22a863cb37533591fa1652 1640675310170 1640675311401 1231
91e2e02dce05a9a263446b3cd5b0be81f1474198876dc22af069539b3bab7f69 1640675337962 1640675339104 1142
c38b7f3e0fd8eb1fde508cd5c3aa7bae95967ef6409653051ae864c8e87421f4 1640675365722 1640675366831 1109
3ca4e105c3eb0c3fdd9e020c17159f574d7112438f5794101cbb8733b4e7f796 1640675393294 1640675394496 1202
9c54244018715bb517846bf32662039de993557775f68bf548509930a74f7683 1640675421294 1640675422379 1085
91b6a1af2083c2999557aefd1365ec78717da6eb7c7a5394f7ff33cf9ff2a234 1640675448741 1640675449935 1194
ea1798771fb167f01c70e3e801d161241e1a2d64bfeaf29fd84ecaf8ad9c4fed 1640675476006 1640675476998 992
5b8355c4a6b3c6108abcdd84f84bd98300366827d2c4afa863b76a11eb394215 1640675503256 1640675504184 928
82139e3b4152955e3fdda8ed4d0a8875bfc0528704a1322c6db7737663f0de47 1640675530642 1640675531762 1120
c9d0811bfeef1682aa0f6bdb136b432b1cbca50f66173788b4655520295db054 1640675557810 1640675558851 1041
57f42e75e68a8c723ac6b5ebd52ac0c00a11c553baf90db65f46098ade0a91c2 1640675584797 1640675586434 1637
48b36ec81ff196665b91589df6087dbbe6462a73e156ff43446bb4134793ef68 1640675612018 1640675613227 1209
d1641a84e2953236b260a10634bb1684f7f78a43bc8b8670e8f86b82ad164f29 1640675639391 1640675640795 1404
bd76a4006e97974c8cb8b88c04e49181968ebf9e8c6286cf64ce9291c6639160 1640675666648 1640675667632 984
e50e3917307f90b56284a17c872daac2b5df9ce8afabbc6558485f0e752df9a7 1640675693774 1640675695323 1549
47762fd76776a9c89b88682e2d3b4a2051cb0deef247af1d00dd0c5b49b97b74 1640675721577 1640675723309 1732
2048ac595b9b92df856235d370959bbaa86a4f59b0f4ef23e964f4aaeff63398 1640675749330 1640675750175 845
32d869a3db094966dd1a39c8cbf68f83f8a9ae1c0c9f55514ff29ef441bd61ad 1640675776751 1640675777692 941
3e2ab63b00691e7483a22f71114c1bb2bdb80bb06d92d73e0844dfd6f2a5951b 1640675803831 1640675804908 1077
5b3eccf331a1bf7af218fa639a5ffbc95ee2308df677292fcbb5be71d2dfa055 1640675830847 1640675831687 840
9b83d9912456275dc0c8662b90696b80020481e6438734886299fa700b4d4451 1640675858117 1640675859008 891
61010a5efa120d19a460ac90cd9692da0e95904da6644a4733f574a8ff1f3f56 1640675885698 1640675886923 1225
