a7a9429ae47a25542684e8af5a4dd940e2d1bbb99b32dedfe81b938e62404cdc 1640674540171 1640674540719 548
ea90569a3c711867d871f2b8e091bc0a2de2882248795112d459538a9102bdd7 1640674567183 1640674568017 834
c08b4b04f418bbf0d636c5619e460060ce458dd857833eeceaf7811d93bfba74 1640674594150 1640674594623 473
1779df74fe24a7ca995542277cb65e180278dedc0ccb49c6550af4453216c5ef 1640674621291 1640674622009 718
2930483a8a7b369d3dae7c49cb5edbc140842a53e2215da885120b458839e5ca 1640674648250 1640674648971 721
1dd0b123b496b91b9448b2537ddeec49da1f5714bb4a2d96797cdd18c4ba602f 1640674675578 1640674676482 904
572408a71c2628368d3320af4d5c228a8239197fccc0cffa1884f7a4054a4d09 1640674702994 1640674703734 740
a672df24cf1e6b94459d33d335fc8948d68710f9a28bbc6fe1e9e3c852cc7107 1640674730574 1640674731291 717
e387d165d894334a3ca7c9e5a3cb285c622f26c414c5af5536ce5fb754ed59d7 1640674758122 1640674759378 1256
2a8e34bf45abf439086d2b349827da95905a07f150e3ea81cb66f468d9e35929 1640674785819 1640674786584 765
bdef532dcb05d4f21921acb63d97304f2c1ec7fc3c687e20a4623bc456999bfc 1640674814324 1640674815155 831
4a7c4492a26e39426336cfea1715eaa0f7a8edf724ec1ee55a0e3b38e14ad819 1640674841972 1640674842719 747
66d89e3100831368e95c1cc7cc3c6816bfa338c21549bcd5f716354209562d44 1640674869454 1640674870429 975
12a3cc55ac53f7b1e9f190b7ff4758fd6b41fdc5c9b8dfbd668f72e971039182 1640674896734 1640674897437 703
eb7b596a32a25f1d63371a111ab7b0c87192fdce4c927c66ce9a1712d040c866 1640674924498 1640674925073 575
53e4e8bf2ff32f716478fd4931130c0f3829e747b5b159263081f5a2af16d88b 1640674951461 1640674952099 638
511f604a586c3b1c7022d5612ddcc6e99ff4b572826e823482441ac32e9c3c81 1640674978873 1640674979410 537
ea7bcbf2d1e7365e73b8c6c4e5b31a53aa2feb9600db8e36261a18f3afb53a58 1640675006266 1640675006853 587
51641d03bbc412d4fdce78715a0c88707ac4450bf28d1fe0372ee02dc26ed8d0 1640675033759 1640675034483 724
c5b58670c68e5ea88b2fd5450d19b79371702974d7255f1750105ebfc295b0ee 1640675061412 1640675061892 480
34674e452b0a94481c4e0064b4f3a28147239574170a07ac75fde0989ea91f32 1640675088754 1640675089342 588
a831682c1d67ee448668cead72369959b59bb41e137f2250f504c2006879d217 1640675116784 1640675117384 600
d64beb7ab7b6896f0a28cd4f3b8d13c0f7bc516b779e885a055096e7b994afe1 1640675144277 1640675144924 647
892336c150f57a01528b9bfc760836196f0ba871d6dfb0cb6131fb59fa503de4 1640675171803 1640675172422 619
dfd6f0f3265cf70d680f2315af4d805a8347a9f5f854c590a3bfee15ed4ff018 1640675200022 1640675200764 742
38d34dadfdaba05b876f06c41becf701b3aeb78a52c00419afd69a1909286761 1640675227845 1640675228445 600
3115858bbc4e91fa1d457e9d4f826021e028123737effda2bf2733f6018fb49f 1640675255607 1640675256154 547
0d41041b60de2fc35df4decc26ff30e905c7a801b416a1764338ab2fdef79703 1640675282853 1640675283556 703
267293bcd62a82188eb1e98ceaaf93dd91ea5ac3a2f8b596a42335f7330b6e77 1640675310154 1640675310659 505
544b9646cbd7fb28d43f9b69948fa96fd14b08f53a68b3593fa4e45e47d522ac 1640675337943 1640675338772 829
b2cb00a92f43792c2d7f0912540235aa5d356ecda847633715540055aa85a134 1640675365706 1640675366430 724
080963ec406ec947786fa8b3dc8da09079651c66f78ccb199e261c46df0b9b1c 1640675393275 1640675393854 579
e42cc67357b59749f74bd42557d91cded650a7039a9ca7ba543b0e4421a33999 1640675421278 1640675421935 657
3c2c9deebd7f10d1cd0b75cc7998de34d9b8f2a2bb7cec530c7862e3bed0ac2a 1640675448719 1640675449383 664
0a38db2b211cb9d5b52afb1ccd5b2eb5c20b1cc496932930ed59804eb1966f72 1640675475986 1640675476608 622
c1926695fa872abdf4e105f40d29040bb94d78234dd0902ee93d8d652eef6fa9 1640675503238 1640675504077 839
c844f33e2440003f40f66caf08444c087cc0a22bb30e7b50560c9a950185dc9b 1640675530624 1640675531200 576
fe2841df48cad09c1acd56c12ddc1845d63232efd7c1bcb2059e1637f1b82f07 1640675557794 1640675558363 569
57ba2b5bd75e23c6eb56db4b4da37c10cadea6189a98373edd2bed5265ef460d 1640675584777 1640675585348 571
6da979522eef6f046e09d8a5de22e7ddbd29d37feae2cb44bdca6ddf34b27fd5 1640675611999 1640675612553 554
edae83100ae5a4e4b545f491b23a09a61219d52ac1fda8543eae12a47a6b5bc2 1640675639374 1640675639958 584
b16121067c5b9c42fe5c38283632fd85c277df4027f58b63906c605d58cdae29 1640675666629 1640675667480 851
a64f584b258eff201ef197afba6b5f9cbfe5dd15470f4685174bafafa6e2fcff 1640675693755 1640675694398 643
fb9874fa28719dd71d33efebb7d798690e92e00825f09c666fae1a96d3202ba4 1640675721557 1640675722113 556
3e2a0bc443643ffd693d227ae9e9a7915e90563495a7192bc89728781020e1ab 1640675749312 1640675750027 715
24301805729bd77d89f69e4d829bb4dbd8c574bee22a52b36855e9ad889dd30b 1640675776730 1640675777520 790
d7700880dc70eb56d38feb9d2a2b3e46ffc6bde4338e8943f11abcb1cb1dd4ad 1640675803808 1640675804436 628
db0b85cc48dd714683aaa0ae48449617519462dde6266ff9df4ea5adf0df0c50 1640675830828 1640675831576 748
6a90ace8b76d263a32d61bbb922a1adc802b2bc4069bdbf096fc4951400566c5 1640675858097 1640675858678 581
cfbf51b5a51339a64f6b3b193a10cf7f46785c3e4cd79073bd03b67089653c2c 1640675885680 1640675886462 782
