f5736ef7c00a5977ce1075e2871d8f3d8b9309adc54fc00b0d934f72c8758f4a 1640674540190 1640674541454 1264
3bd98d5cdbef5f488636a78857f5248db45b1aecde84f438f1c560d029f86506 1640674567201 1640674568490 1289
6fd056a57db3180f0826a8fa5704a190d84f5c1d7953451cff400dce4613a32c 1640674594169 1640674595232 1063
8cb372708015de8a267e9547b3eb087d316d5c7a87fd9447f12f9b3dbe7b9e61 1640674621310 1640674622359 1049
cc36be964fe44b58f8998267578927844c3c3c22076b71b694f704df46114224 1640674648266 1640674649242 976
1d674ca26fb412de0a3a36f03d4da9c3f5b1fa584105f90d35e7d6754fd04774 1640674675599 1640674676604 1005
5cd8028bfd108cf3db48533ed59bba87ce190c2a0ece27b601feaf92495a534c 1640674703013 1640674704388 1375
9d7aadd9b036d46ccd059e973534c58f4ee0c9ec434f8e17583270e1dbcb0b52 1640674730593 1640674731790 1197
e09b0369a05a716a2b07846008e7b8a65688b811cd7580b0e63f83e56c79bbee 1640674758142 1640674759618 1476
8aab7c2b07a4a6875fae82dce84fda6a6d8d877ad40efe0aa61e16ff06682922 1640674785838 1640674787819 1981
956bfa89b81e84031803de7673c021cf097fddeb4e6e2efb9a2ccfbd8675bd9e 1640674814346 1640674816297 1951
0f7edfa8807527289de95d98e3153a30df569d32ce2ecab7a599768810f05a78 1640674841993 1640674843871 1878
e7e4493f076b120de68ff5001a973738a1628f9fe5f9021099c866ad90025935 1640674869475 1640674871169 1694
cdb950ed0453d9c04cc68afda8646771fa0f40b230dca4438afc5a37c8ad5c30 1640674896755 1640674897897 1142
b2ce349f0674ee204955131f422d092b23f9341560a2421658c703975a407f43 1640674924521 1640674926401 1880
b36072e6d475dcd46aed7846d68885c6d273e1839c136240f877ac028817ae99 1640674951481 1640674952662 1181
0e3a33d248633b434e8033b145fcada2a293901c7bdc7dac5545e298d31e0a1f 1640674978892 1640674979979 1087
502fa37daad02e91b10bf690c06f0809122e394e7c2ca59acd251086506e34f7 1640675006287 1640675007547 1260
e34fd16d83fdc2b8304c36e14eb384fd373af0f029390edbd006180ff28ee6e4 1640675033779 1640675035639 1860
db9d50cf9cb280806f567a691aa305ade4b06d71bf1ca036a0ad06ab0c3e1560 1640675061434 1640675062813 1379
14b557356c22ff0b6db0b00d9d0a1a82b54f10b44077f98e8d8d1c5416bf180e 1640675088778 1640675090097 1319
5429fa7d91be460810c3e336458c495d97bd27bf656994ce5534415b3c748c43 1640675116807 1640675118033 1226
d0795483ebd6e02a924279ae2090f3b7861900b354be932c806e4e84cd56a8e8 1640675144299 1640675146032 1733
b1b2951422785c374a3e1afb7299ab1815e96fd7ffa69a17ae6de4ea8d08dcb6 1640675171827 1640675173143 1316
9b8aec9e37dc1e83cdef7f2b625403cb994805ae2f4c740b89be4a190ecaec48 1640675200045 1640675201412 1367
3758f1919eb00b516a4158e4568e3e2ab24addd6eee99a6f6a1c18a55bee7f58 1640675227868 1640675228859 991
b47b300c253dcf10ed3084916cf0679d5f7b4f83b23a893d1c76b20796a3fcb7 1640675255630 1640675256678 1048
675ebad15c80bd5bd1e91f6061c5f95bf3b7a823ac7c60357b6ca01e4e9780ad 1640675282878 1640675284479 1601
2f252faedb9b2095d4869f08e8d24dcfd855112da62116956f084617aaa3d521 1640675310176 1640675311231 1055
f17a6031e1521267e715577c017061d5e775f064daf693c1dcecc60536a480ce 1640675337967 1640675339318 1351
7f9a64c895d03a4da528ef35430533069444e1814627930e22ba63da3c4c6770 1640675365728 1640675366755 1027
5fad5f0d1483b72e421c4d24a91bc3880f451f0f1be86248b374c5c7b18035b4 1640675393298 1640675394489 1191
5556752ce45e442f0a83ccd9a3af00a81e5402c91b296a1ddc62f7fa3f3c92e8 1640675421298 1640675423175 1877
5404d24387a59796b2dbc2b9fcd9e6797c3fa8cfe58345e19d20c9d2ec55b316 1640675448746 1640675449773 1027
85e8ea58092b93d9eba4b30c87ad50edb8b8a1c3d66f197eb4af8c22ec693df9 1640675476014 1640675477076 1062
f448b94c72043f2e0cd2aee74e080ca10544b558ddb00c6a50e76326982d2b02 1640675503265 1640675504677 1412
7641c6e8b90ee105d6e99227a32287dc2eaebde6e55e5bb79291efa9cdf55959 1640675530650 1640675531877 1227
9073cdfe7bfd2db3a5a7cbba77a79494ba60afea4364eb570358afbd697f1918 1640675557817 1640675559126 1309
a388a335487a30278039c18dbb972152e5d3b3073fc7c718c791c640162c6804 1640675584804 1640675585876 1072
36b4101362e841c107887eae48283fb8cbcaaf40b59a8e996117c827e766ef7f 1640675612026 1640675613754 1728
fc6165e5a19681761a984121828fa06bbd1e4d0d7c3017cf1cc44a67ed45fb31 1640675639399 1640675640675 1276
c6713f484123c1e88e87b130eb9bc835b76b665589e4af5884e173228b0b8731 1640675666654 1640675668150 1496
598ce7880b84f428ec48fdf90a1f339483205e48182626a0ec37049b64a35aaa 1640675693781 1640675695052 1271
ea35ecd33902c81c00a1d3819a69ff0897c8d3d9268464bfc10d40aa66f4483a 1640675721582 1640675722699 1117
f5f53e081c0692d399bcb8e36b755aad98bb58bfbb65a203dfb8be2244f0429c 1640675749338 1640675750308 970
cca351ff36126cd00a576b198a8881de9a6e4ca328a2527215e7c18b33228c09 1640675776759 1640675777828 1069
4aeb96c77669503a5440d20692ebdce5b070248863b8cfcd3964b721b831d248 1640675803838 1640675804811 973
269c6c7d12c5adec031e41e1d00ce1436139f761fed07dd9c405b4aa47f70845 1640675830853 1640675832192 1339
91fc1affa16c485b0902d4ef5e929829c6ec88b020f58b8f428c2392c667ca21 1640675858125 1640675859435 1310
6b23a6b72a80965efcbec626726ead8087a98fb6cbd4cd513a5f307774d30a79 1640675885703 1640675886937 1234
