f2bf2346e8a1a45cce020db23c82755ddc719a9efed92d811d8b6d95db74cc84 1640674540176 1640674541306 1130
52876e06e6704032e61b87913978d21edd933a981813a5a533ec0cfceab956ba 1640674567188 1640674568024 836
4a7d8f0262ee4182c670e36abd37742a6924ec63f60b7de1dfcf4b6c2c8d0432 1640674594155 1640674594953 798
5f5e4d5f917cab5475ecbc8a714aacaaf4fb7de806bf68891c52d7f83c2c1f70 1640674621296 1640674622112 816
35f6cb5d95a359cca333936bc5063d0b94c38613aec4e3edb82cf8f1e268a093 1640674648255 1640674649418 1163
20340a9f07d3c297c033fab91fd1274c3faed02166759ca8ea773872eaf9c9a0 1640674675583 1640674676472 889
eb630bdb62e3728897b1b595d4c4d1c6085c729bf1ca483609ad8b603e32582b 1640674703001 1640674703889 888
98e6d8c6a2b86decda7655d71a9fb2b78c28878e8df3cbdc2b21c5691672a43d 1640674730579 1640674731536 957
8c7d449713b79bdffb868ad5e6bed98e0272391a89844ebd1422cad1b0375506 1640674758128 1640674759080 952
4326866f8708d2af2e790716dcf6280f81055a8120a7f71f85810477efbc90af 1640674785826 1640674786741 915
823c519087f4a1fcf865264b0d53563cf5019058dddf6e5428b6328c54d6c193 1640674814329 1640674815216 887
14827634ef4289b8a79b0ed270085d74b80c8d3d04d1d7ba24a547a6d498df74 1640674841978 1640674842902 924
16cf05695c49182019ac33a82f296a663d1fd6028c9e56f40ffcbba2ddaa432a 1640674869461 1640674870454 993
690fedc30b8e2456eb30fdecee9a20bcb376669f5cab875f2f16fead08082f92 1640674896741 1640674897608 867
62fb3f29f316ea9fd06a9bc9d761761909b5e5179af888cc1d1b28d35409ca9a 1640674924505 1640674925448 943
f01c567c9fcb441da2992b70a5cbb2e61745262cc338c7bed6418ae83963d14a 1640674951467 1640674952383 916
2d176bd0bcc4ef9d65c437b42247502e6ee22d88fd40642719ee1935c86a047b 1640674978879 1640674979882 1003
971c492c5d7f3e1f36bdc52d6d00c6ba8cc4f4a29ecd7e9f615cdf5666ad0258 1640675006272 1640675007101 829
a27e0143e6c945b3080eed456698f769d21d1e343faa080bdf64cd1fff879052 1640675033765 1640675034899 1134
e148a0773558e7159a5e9af6cc9810b8258c5b1be895c972b5812b0b19601513 1640675061418 1640675062456 1038
f7fab92a6159b80b02e91792263c487a440cb8af98a118323c05bbf25042e3f1 1640675088762 1640675089840 1078
d4107e78e04d128190e932b69280eb9929097e53ce2c3e6f22825b7ecb8fa37a 1640675116792 1640675118135 1343
d42dab2ae5f03febb5a0161e614d82a042d2ad31850f7b64601e62c867c9838e 1640675144284 1640675145479 1195
64b9a22b2e77c2facd7483c9886ceb4b7bf351982ef2685ed88be8741e97652a 1640675171810 1640675173060 1250
e032c52bd74a36e530101536d067afdd78fad60253fba88f7ed3cf9169154282 1640675200029 1640675201123 1094
ffe3667c3baa23dde089533ff72414998da26c16758c0a59950ce7db88e3a2e4 1640675227853 1640675228695 842
000a34f093bb4ee33f439950863c7619a67cad3ad2c1d54be5e104fde04ebd0c 1640675255614 1640675256420 806
3e26bda3c7c29260fb3673a87b67e0e27f206a49f95bff4de483569bf78fb774 1640675282860 1640675283842 982
08a41512372c5662dca5a1ae7bbaa5e306e6c97743591f344340a47fbca49fae 1640675310162 1640675311296 1134
4abbcd0f59ef06c5935fec1a353d268f823f2cc995aa77cab719a66e6a367a6e 1640675337950 1640675339127 1177
0e34da50b1defbfb8fb668b65a48204c35fee481cd795c1cf88e7c28d35566f9 1640675365713 1640675366519 806
f2290b27b08ddb937e9c8900fa13621c959f58a495dd9ac8c021eb549605cc3c 1640675393282 1640675393844 562
458f9e7fbdf93fadf35b331addf1b98fec5beba11472f9b9cacca728a3c4fe77 1640675421285 1640675422283 998
6a4da62851bacf3e52726f457a34c41491b26c56e7c68ced235bd3ed59b7c13e 1640675448729 1640675449592 863
677ecd6a3d09779dcb445f8a00a94bad4ea8f64360a8f6276656182bb3bc21dd 1640675475994 1640675476915 921
43190acbc3ef3d6b36d920820753f32230e8f7ca05872523ffce3bbe8732a276 1640675503246 1640675504311 1065
f1ab49460eb5bf474663431d3a26c7d757ef8455839eff64103e149e284a51b0 1640675530631 1640675531468 837
0971f6e104346e8acf39b3b0f976a66df86f0847650ddc848ef328447d780815 1640675557802 1640675558743 941
99844e77c8b60ad2f334dda1fb15fc7ca5baa458ec8f4abcce14306fac252577 1640675584785 1640675585874 1089
a69e9bad3e320808d1a1160b264b664519dbd81df3934f8d27344a1caff8639a 1640675612007 1640675613076 1069
88d0493fd87098b3cf011ad7afbbd886e5cbd9b0f03400647c8eb64fc6235c90 1640675639382 1640675640422 1040
10c07dac9f0576e218bce4312f1d53bd4eab7496b77c16eb65862adb5d33a511 1640675666636 1640675667629 993
4c24318a635549f95a78c4bcd370dfd97269026e78e363a49816e45ebda5a06f 1640675693763 1640675694803 1040
07cc0f55f1af57bd60d9260d2e6996f501bb70b46104626a8d7d7aab709c0ae6 1640675721566 1640675722538 972
cdc98a67b3909665ab44d0331e4fcb4d8c88052379b4509d9bac65e37ed6a6ec 1640675749320 1640675750198 878
c28c95c6ef67709f4343e7abedfb43038b1289be0ef98d58682012b58fcb8662 1640675776738 1640675777556 818
573aee267fb72019018c419228232102f61ec21e0e68e1fa67b2551fb88d183c 1640675803818 1640675804701 883
9ec0aee905913164f6132c9a719cb2a101e0220dabfe8f2635117bcea4973b1d 1640675830836 1640675831813 977
17aaded542b0b2479aacedfde285ba4fe175877a27a64cb3c48bba00ec7ad9b3 1640675858106 1640675858910 804
b45fc58af5bb155557cecaa000490a11b5ef4a41959f0c2f955775e586fa06f0 1640675885688 1640675886676 988
