c30967816cbc94885251449a1438b611997225554aefec62a58d7e98c4064001 1640674540202 1640674541642 1440
33be055e9d27f93945ea2c6e01cb0b72c1aeba7c6b6accd0060f3460bc403ce7 1640674567213 1640674568857 1644
c4692683fb7495a415f83011dd7cc839da1725cfdaa9323fd7d93e05ca430076 1640674594185 1640674595786 1601
fc7aa760d0561e2d20c55d356b113fe0255c4beb994aa64a652df614dcb52dc9 1640674621326 1640674622948 1622
adba6982f30910664b7d5c68658eb77c57bb2fd411f7c72a2117542e63f7e756 1640674648282 1640674649944 1662
5ca06c8e2b1acc2b0de7734e9266d70b33def7003ac24e2c7f0c69a175c8f17e 1640674675613 1640674677250 1637
eea3ceeb10fa3a1b019708ac390bde94ba2bcdb35cf40c20cb88fade26311ee5 1640674703028 1640674704810 1782
ee34f74ca7dbaa1242a01a95f5339a674926de3e219ed70987eca50682de2ea3 1640674730611 1640674732416 1805
67aa91c1447dc41fecf74052103acb9d507f774e679e1ba41176a003b8c40e04 1640674758157 1640674760067 1910
06d7df2c8155d5c9f74435d9e9d5c150434f9249d0832264d9350255efc5f784 1640674785850 1640674787710 1860
ed9378dacce79d336fc05dcdf404f7a2922d5df25b6f7f55c45c2a97f805d3c1 1640674814361 1640674816160 1799
15f2abb6760a2fa14cbac10f8bf12587dc72059dae1a9495e512dbee6bc97e6b 1640674842006 1640674843419 1413
9f9b2f218dd5be615f56e6bab7ffa3fcb59f5c058346d1e082e3f0defec2d18d 1640674869493 1640674871555 2062
81434d5c3c7a3ebba9f20672f9a1221a9b9dd3fd1d999b458a836a41c493456b 1640674896769 1640674897962 1193
adfbf91f2612e26ebfcd1dc0306765d03158ba2b48b14d609d2dddd3352b3218 1640674924535 1640674926387 1852
2337794ed69bbcf83be4055ef08d7029042d49140e4a22b45470781f916ea343 1640674951499 1640674953209 1710
c62bfc79ac35b16e991aeaf2731dc1bdd6ea9af5abf29c808484d79676bb9857 1640674978907 1640674979763 856
e5d5229505d0f2f949ba0d6e7c97ca2e529fd539e8ff1b25ebad3b6efc3124d6 1640675006304 1640675008343 2039
dca013a7c115d94fb3f025c706992943ee456c37c9bedfa3a801425bc5494d56 1640675033798 1640675036011 2213
f7a428a4b9c4f258872b17cf8926b581936560d0057a1d81c4d646fbbfe00782 1640675061449 1640675062944 1495
868e02e5be3c2836bc7c031c3fa8304ecb5f4e2aed1c74cc7a479ec65aff4b3f 1640675088795 1640675090355 1560
b8a3a1a9d1581577734b29014df7053c75c7f76a9f3d4f9ef686d4d6c6e95147 1640675116823 1640675118885 2062
a90900710bd54d4f318bc4e9e8fbee9c737805a5e524281a53f18240fa32b9f1 1640675144317 1640675146459 2142
5df9b47ca5300776509ba52336f38a10900cbbb7d5f038f975b91bc3cd5b87d4 1640675171845 1640675173920 2075
5aed1297df512c43b9727a829129c764e893f3a105b7d0bc1e106c3e655efb64 1640675200061 1640675201643 1582
f7bcc6528ead08f8e7a4384f5d97eb69cd23ba4af89e889014045393ef707f84 1640675227884 1640675229168 1284
0ce38bbd7a2f49d5d7a586d7542e8326981c6cb516b1ce6888c35e171e17ef13 1640675255649 1640675257153 1504
0ceb80d79177815a740f59f228cf397072dd58249fbdd0592ee86bd71c443dd0 1640675282897 1640675284455 1558
3b90df3992451b788435dd70e9b5d14836924851cb0911701e0ebcb56be6baa1 1640675310195 1640675311979 1784
9d6ebce61c4b7f73a827bbf0fc25f8e2fd4e5a6e44db954b62076dd5dd11828c 1640675337986 1640675339745 1759
9f9ce0ce52fc727d697b7a6ae5aa87be200d41a4313ae26721606d54236b9ecf 1640675365745 1640675367651 1906
f55eb3460d154f3de7deb006a23d8fae2f91f229a897011095ffbf1629ccac95 1640675393317 1640675394539 1222
36d37b38611783ee2cd8b9f193416af0a78b3332f996aed94b5e01f98310cec5 1640675421318 1640675422857 1539
9b85b24edc12d95d0dc08d018bfba7bf2decb1953e158aa7a6caa7b145dc3fb6 1640675448765 1640675450525 1760
8519f925192557a0bee1d2e40e522c4cc03a6f325047ced7e8639542b5652665 1640675476032 1640675477502 1470
2313f8045977fe312d80d494aa25defd2f98bbe9d0c87901fc4c54125e5564b2 1640675503281 1640675505122 1841
d9185329f564a8503f61f8385d2c0dd0d13111fb9f69990e21388cb300ca7b06 1640675530671 1640675532454 1783
93b733705533d3e065292832bc0f6a2eca86627a0458872e9bdd814874d646db 1640675557838 1640675559657 1819
80ac836bb36526effe3e711970f0a78f329483156c9334d4b6af0aeb99cf4fc2 1640675584823 1640675586010 1187
905d09ddf0b2c9085c44917e91e3af12720c20baf81ecaad460c5030cd49ecd1 1640675612046 1640675613915 1869
1f274b7401cc76f71bc32bf207cbbde0cf3bb5aa1a08f8a961f9c01b7ec74fa9 1640675639424 1640675641454 2030
54dfa32e21d843039a258fb03ec85a8c7bd28b6689c98e0f9e50758d086fad0d 1640675666673 1640675668445 1772
179cc0ff8d2799a009b236961c7386413783897cc4694671538bebf02170bba0 1640675693801 1640675695580 1779
1f3779e34ac1581d851bc15bf784b192604dafc146e9c06e97878a87379cedb2 1640675721599 1640675723291 1692
c3feb7761f1d37a6b1a9ae68c272d7ca85b5823e4c47d9ed8a97aa472d0a1578 1640675749356 1640675751036 1680
db8a196893c4cad3681e08dbdb26f2ab4b026607d3e8b38266111401d1828ce5 1640675776776 1640675778353 1577
095b99087ea2d4a7835d1f3a8abc68f7cd5dfb516588e0b4227d2cf0fa471ead 1640675803857 1640675805509 1652
e8ec140a08281854042cb9b4a1c7b6eada1996f698c59203f5907a16eb8b9f18 1640675830873 1640675832584 1711
735e3940ff10d84aafca2a7acd8a8200c0cabf3e4f14192b1894c70485c54eaf 1640675858144 1640675859883 1739
5b1099433a88d1290aad2d137ff917d0bddfe672dddd11f164b486527feada1a 1640675885721 1640675887714 1993
