fe124f6a3d6bbb81f1895522e1e216459c30bda5f1970bc5ba9ad157a7eb03f3 1640674540209 1640674541924 1715
b3c0b8ccd93a50bafb83c2ba03b5eba395f6ded63a6cbf02be4533afa72bf74d 1640674567220 1640674568765 1545
589e55dbf338b52e10f0abc55fbc751e1870cca932d1569b1b65681b5c691fb9 1640674594190 1640674595895 1705
a61c406eeec5c1a9eebcd78c4825474d17fb35595ebf3a265b6b8ceb32551b36 1640674621331 1640674623017 1686
18262651089c41a0ee1702567b8b96e2fd8ea98a32878b186236a04ad7381a91 1640674648291 1640674649897 1606
6999bd43e12dab0e5a2efc11d4a2ea7f071f78badfce13125909fe78f11735f1 1640674675618 1640674677369 1751
aa485aa32035187eaadd4ecb8254cbb670f184510cc5fb8d0c80910e3e39339b 1640674703036 1640674704762 1726
90663ebabf028d8b46fce9c11fba9e48981ef81ca058a5e355ef8da50086b862 1640674730617 1640674732408 1791
3f384f739d352dcddddcca8138614f0364334621b0a6f82c67214c18daacc81d 1640674758163 1640674760176 2013
16e84c4e75ccbf9aefed0776bce3981221f10dfba9f40194362eb83f96e7388e 1640674785857 1640674787607 1750
3d59e118a9f502abf0e036623e9d0cc4774fdb97bb3887953887e0af5b037b9c 1640674814366 1640674816155 1789
fbf44fbfcd8d5d5228dacfa6c096a3160f6c4243ac219b3c18e659f71390363a 1640674842011 1640674843886 1875
51e5a15a155f62fd6c7c0c681dc6ee42ea443fa193345958a90633bb079b07f5 1640674869496 1640674871590 2094
c53653ee3629e9d602ac1051ade8b8834655a39366d5f9891789faa630c0437b 1640674896776 1640674898797 2021
80d0dc9f3e51b98f3ad832b0c3b1ebc1c90a56917c3a46bbb4ea98d66e40223a 1640674924543 1640674926594 2051
60c8e644492021170d550cb8940e0ed6961b52741a02ad6e5b8cc0cced09d9e9 1640674951504 1640674953534 2030
678c8a1c6f73be376757fa9ce3ed2e2bd85f7567d5fb9dfe736f18b4cddf993a 1640674978916 1640674981025 2109
4ad62f1d07d5f2176b8f6433ae74ab5dcf88ce8e3d93b093c22baf6707e2cdb0 1640675006311 1640675008394 2083
c1abd3ec99cfc156899345d4594e9d21e73830e6db5583f6e6ac51128c16101b 1640675033802 1640675036015 2213
6e3e7b799109c6dd2f7f72e648dd2f81942403540a9f7dfdac956a421e9ea5c9 1640675061458 1640675063430 1972
330207c0c62413e5e6a4ada5291f5ea5cba50b9e8916d9845a055f6ad3e08061 1640675088803 1640675090698 1895
c1a76d20e3d925a28994db1d72f5f6175f13435494f538a513d2f8c4e7926d6f 1640675116829 1640675118843 2014
6c0227825a0096bf45b518784b1f0a4820d61fb43c5f1cff38253e6a64229156 1640675144323 1640675145154 831
e54e01c787be6b8ce5d5d996363c0761d2971ed00151389ef6faebe8ed9761bd 1640675171851 1640675173611 1760
45eaa5938dcd3bdc1bf8873b4863dbf2a045c1c2bc30a6c348db244c250f059c 1640675200069 1640675201991 1922
9f38900dac06d856891ff9af523d7674383628526260680917eb10b7ebc780ad 1640675227891 1640675229635 1744
dc8e35825a8d715839ddebe5e9d86f9f92185fb3015e0e0227d4b84aae2ed6cb 1640675255657 1640675257382 1725
f0fd7d50d65f4504f318c18fabb9706dae20a6184830a7c60b48580c9b7f8390 1640675282903 1640675284617 1714
1573dc3a987814022cf69be3653073f73e841d86ea9e5459dffd91f3513ba09b 1640675310200 1640675311731 1531
a0507e604725536aea1f9c0720d6d68c4de03b8a6fefd8c76e12f17a7c2624ba 1640675337995 1640675339842 1847
ea7b01f70f450cb5699ff7a3f2c914da07465fc34cd48c92c7c5158e472bdb2f 1640675365754 1640675366808 1054
f1e6a62f8a6e3d6302897679f71241b2ee914fa982c1125146e3ed0d05693dee 1640675393323 1640675394599 1276
ab32b19178c290dca730ff9209dda066df438745dabe3d7373a79c90d3ea7c47 1640675421325 1640675422991 1666
8d69ac46c8104138205e063145b9e6bb0f98be8cf4c9beb2ba8237746dedaefb 1640675448774 1640675450666 1892
eef06932ccc1096500d87e84e8aacc1e83fbbf79918e415afce5f2feb0decca9 1640675476038 1640675477948 1910
5d58c2834e7c38235db8866caec263544d845137c765d3b4bf390e55052f3810 1640675503289 1640675505203 1914
f07cf9168862523dd6f1829db70f95a3f36fe2bdbd4706e9dbeabc612eedb92e 1640675530679 1640675532468 1789
32a93de04be234de9602b8f15dca669b8bbb5b6c45935eac165659a24853547c 1640675557847 1640675559751 1904
5905344cf830a357bd2638059d03fa7c756c96fca1e6ba182b9e857253edf87d 1640675584831 1640675585944 1113
8da35c791dc6a18de70f9efedfe35f41ff647585f784ec8440d79091915ff3d0 1640675612052 1640675613968 1916
63a74c37d6f0d1c61a04ce8bf6dde4479760c92d6fbeffdc48739f3d04e65108 1640675639434 1640675641394 1960
72d4738826e9b05096146ebb338ee5995c6ff2402d2b9da6f756973bfb4c57d3 1640675666681 1640675668632 1951
de32819ae75297b19b94ce2783448d4ba9344eeb2d32c131be0009bda4396dc4 1640675693814 1640675695831 2017
352d25b5634914aaf84c4248c96030eb0c6c1b94be569d747656571db5f95361 1640675721608 1640675723519 1911
12fd7efed75eba34d24fe5253f0dbc5592b3251cdc71e0d1bfaf49c51f46f829 1640675749364 1640675751091 1727
ef579f704a054a1ca4381b69eb80e5f6cc241797dbaa8438830274cac7de0bcf 1640675776787 1640675778451 1664
3dedfd91c55447269a8ee77e9a959c18ee16521acc7b69bdd376ead55645ac79 1640675803867 1640675805613 1746
9aa77104f1fa751eb7c5acec5fec9e9922c7e9e333d1b1e05f573b5943493b92 1640675830881 1640675832453 1572
f4bcf7c8b8df3402bc7d9d9a9122acc684abc17b94d2d16acd3576d46be31297 1640675858154 1640675859627 1473
fd05d058040f2f143d75568dfb7aee64321d39b2f5d13d9e999e0d80675ae434 1640675885729 1640675887779 2050
