0a2ccdca0614b62b8e95f315578bab4b0b6f846b9bb600f4409c254a744fece0 1640674540174 1640674541503 1329
1d4b583dcd7a4a12bf067981111385c47e3f2854366d53cde15ef82b5cacefb4 1640674567187 1640674568169 982
a2f47b43a5713c1f46db36441d40215235b2c7b850d8e5b6ac9674d97de8f205 1640674594154 1640674594916 762
d3491b874441a713987709ec401bfff9ceaa6b0c650cfb56a19a220ed7a14a75 1640674621295 1640674622081 786
49ad5f8e58d3bced0d48e8a1424bc662c5d2c0b650f00e4c3c423398bc788953 1640674648254 1640674649531 1277
f10835636cf38e0753a8a36b8d427738b32c34dbeb5b04b41408fdd5f21ebf57 1640674675581 1640674676471 890
4cf512ef262a16b3c0ab188547b4d365685d53a7f04f8ff020ada711d45d5311 1640674702999 1640674703925 926
79616fb252b6b43b95db2d7a238e1686596133c083d672f9e7fd73ed2800a8df 1640674730578 1640674731362 784
b317a4e5005b744c122ad2aea3e2feaeb4cf887953e415d9a05bfaaa507be391 1640674758126 1640674759150 1024
e3941ce8950de38d092e0a86a0a455340fb3334a3336ae415e4c0fe8ed124111 1640674785824 1640674786727 903
f0214005746886d9f28c344de1fd6e6247286fd01bb9d7955cee398fda0bcd8f 1640674814328 1640674815567 1239
1e290c8205e47daa1f5b3913a3f8c4165ed629098dd482d390e4b9e839bf3b2e 1640674841976 1640674842864 888
9816a897f8fa8a75dfcd618184dce51b73021880af951cc82868a39b002160d4 1640674869460 1640674870283 823
1217e3381ede0640aefb3173cdcf84e4c502f75e8f981820f6c1df23e5d4dffc 1640674896739 1640674897488 749
bbd4fc3d886594b0171ef49cd8ee4992a93f5485a5372ba55144c7f55f5c95a1 1640674924503 1640674925354 851
5c6f4494c3cb403f49ae0e7e1d893c7f8e509096162e65f71888b56fe948577d 1640674951465 1640674952325 860
6f308e2af3ab99402092794c50de185a00a2b21ef5f548c6bcaaf6bea3ccab2b 1640674978878 1640674980043 1165
8e12681d3c01cf951b3f934d3401a67fa7fa07ca7d8a0b0d39a667962a038523 1640675006271 1640675007063 792
2d102ecd3bad49bfb15bbd4f9aa66cd00474a2fb3af496f9977dfab96418adfe 1640675033765 1640675034871 1106
ea0a8471a0edfee9ba8352088cd6aa200669645ca0f008189ff9d8ad57d1d151 1640675061417 1640675062738 1321
067aa8e5b810e7c6fe13ad6f3d25ebd5f3ef2971ab725f35434a22db30fbd6c1 1640675088760 1640675089536 776
268f198bd4f17716a73260a4f062eb95f877e5352f28787425093e65cd1c001c 1640675116792 1640675117778 986
bf3da683777a19d210ba67c49f32e8085c27920acffe431665d1eacc87a13d2b 1640675144283 1640675145483 1200
0da51fee5a47cd75c0dc930330eb0e7eb3add69fec31c21fa437ce8f8cd3f179 1640675171809 1640675172887 1078
f05502f2f97421c36a7cbd2e830d5997598d49b2335fc320625f10beda8a22e6 1640675200027 1640675201157 1130
981bb318410bcec06d97d118652405f4f6274a574f8b23af625aa11aa161d2ff 1640675227851 1640675228460 609
312e63768398b2fd52387c9e21480e2abe8f7d1d1bd809fc92001f18ac79691c 1640675255613 1640675256519 906
4409beadc5203d07352647d65bccb581ae3f998cc3bf37a248aa9ee32a5718a3 1640675282859 1640675283682 823
61be86faa8ca524bfcc810f2073e49aa583a23b3cb6b299a56d36fba72f7ef67 1640675310159 1640675310962 803
a9e428ff8e55c81c4025da0026152a72e4aa4ceb51e60861f24ef48fbca4c644 1640675337948 1640675338948 1000
4cc276f06d163e44b4fa01c5a319efde5e50467733cea4b08973d67603481abd 1640675365712 1640675366521 809
84c277b7b53f19b55e7f0d23afdbeeb93bc5d777a7a238c7d218863d45e37cf7 1640675393280 1640675394221 941
1cfb8156262d44cfdfb83e55c4037506a4eca7af00a313d119c2c7e3e7a96368 1640675421283 1640675421963 680
9923035dad1fbd67afd2ded210624fa9f481d27a8ae7b6717c8e27cc0600eb92 1640675448727 1640675449597 870
97542feb4f6368797c22247395f6fde7be8574c6600d394483839758727b0db8 1640675475992 1640675476875 883
2b963203bc55602df6faae932311481665c5dda5fef551e99533348d478096a2 1640675503245 1640675504060 815
4ed891f2638e379607e17491c153c6a7ac6fb5c5b4d7a9f76ce584cb251e832c 1640675530629 1640675531437 808
6f4056503bc9a0b6a3605226f8f687492d5b29db0543db633c4d357deb64bf9a 1640675557800 1640675558831 1031
69b62425aa609825c91f00749e6665a3a9ffdce0c12c821f8d6d98c7a0b05299 1640675584783 1640675585352 569
286dacb3f082301e72a295b275853cf0efa78a95ecc8795c8befd883b27cc3a3 1640675612005 1640675613004 999
59ce9a4cdf5e4b7a41439b126b7b5f94c3efddc07694cdb7e1eb98d79316cc89 1640675639379 1640675640415 1036
d4c1d70695fc301ca32f4b502f9dc075f77a462f64bf5b075884d532f97c33e1 1640675666635 1640675667997 1362
490295400e8b66ae4b278366314096b21d6ef20a3460d55c5b69f0f6d13e9a37 1640675693761 1640675694749 988
03ae6885237442185a51502803cc2e57ed5025f6218e3d966550e658eb6f0634 1640675721564 1640675722356 792
cb8ff167520fe70a445709d6da8a94d3c0e532811e95089661c63e6675c38cb6 1640675749318 1640675750160 842
31a278dee5579b1067fb815d838e8837be17738c05bda190f606d9440d5feb47 1640675776735 1640675777573 838
d067e5eab715a3cbf65f916cfb06b6338fac691eeecf9731f77915877471ea50 1640675803817 1640675804684 867
5ad30f5c8722543d53c74f2b4d65ee144a2f30a3c4ea66be87e2ecf1d9944feb 1640675830834 1640675831731 897
b21a5b6f8da106b3c733889957760d7933d06e192160419e28da55a9ce5df630 1640675858104 1640675858962 858
b1c59f8099a4e08732d4053fed19ceda4642c66da773b7a37f45da4c829c3b41 1640675885686 1640675886881 1195
