84d94775fce9cf03bfead5272f7f4dd1c92802cb55b8eee62f22843eb90603c5 1640674540182 1640674541364 1182
25ebff9297c52f4351f9d275ac0789bf162c157b5b2fa4a75d633e9fb7b4b3f4 1640674567194 1640674568164 970
ddf50d47423ee7449288b683ce96b2983a6e4e110570c3e954791dd37fc089db 1640674594162 1640674594987 825
16b3f8e45c3e459e67365a8d361af45e80f40129cfa6e41e465d6f3336601c58 1640674621302 1640674622174 872
40bcab366fc05b8e929afd6a17e649514fbb4019d959dea0fc82d3e25a6ae89e 1640674648259 1640674649481 1222
2150b7eb84f9aab2dd2ab44a9393f902d641d98a26fbfc495874198dee254bc3 1640674675588 1640674676538 950
08e96b8490e8eb747c7754eae8a0ed138304453d8f2e7088735da6412ad1dadb 1640674703006 1640674704119 1113
1d945964d06df6d029be4bfa3105efd060f83181cb19a0ce7cec9d9dd8ec0d98 1640674730584 1640674731522 938
7093bc235068db57a10a9b12fc0101a8b3ae45ce4b91b42646722be034dd8c78 1640674758135 1640674759271 1136
5385f3343616a4a832cae190b751680a94fae2cd971fd006df91cff599afd5a9 1640674785830 1640674786841 1011
9c893f232cca0ce7198896e97f53323a1bfdbb8a2991cafe826ec13ede1e5bca 1640674814336 1640674815256 920
cfc64aa11611a75135822bdcecbd2fdfa55efed608936129e34a365fd24630fc 1640674841985 1640674843761 1776
e7c713aa62892f7d253a1c8309a5526cc921b5f28f64e2fa248c5a0246fc62cc 1640674869466 1640674870848 1382
c9267b65216914c39f94fcda8dc87d2f8cf8e73c8bea251595135a2ff538e0d4 1640674896747 1640674897943 1196
862a6b6dc5abb939d87deab968c3db5292bfa81607249745fbba64e012c1b59e 1640674924511 1640674925465 954
610f405c0ada48366e9661e4475f0bcc348f7fda14e3382c541ed50ceee1e94d 1640674951474 1640674952542 1068
279557f6818e0cd092e8809f86449d972699ab8e80ad404cdc007d9e04a8a9ba 1640674978884 1640674979731 847
67a1a115eaf6e657f234711077f5e0b3ca8b03ade0fd48f9a39e62a7b3de9b4d 1640675006279 1640675007429 1150
997993d00f764428731b1c4a6ed7f76dfd1094094cab71d2ffa340c0d449ceae 1640675033772 1640675035046 1274
fb2275e726eb112cfff6086cf5d2f4b2b574395749d5a0801ff88d6d034b2f6f 1640675061425 1640675062504 1079
e2e80193cdd2c445cc0bf329277f8da9ddd5f855038281013ea2ad0f2a1541e9 1640675088768 1640675089709 941
552c440f5ab0dba48f48c00781351321bd1131fd04cded0b4e5ac39341867949 1640675116798 1640675117976 1178
fb1b1b7f46c65c0e436f8a4bb77236629125e0ad52b7861aa82ef13f58ef989c 1640675144290 1640675145497 1207
d73ba81eaf6f24047e0bd8539f7ccf0845d4dac81312bbb46e61dc093e07cb36 1640675171817 1640675173127 1310
4f250d8fd51041f7976972a72af4a76667fe9661f36d1f4a7db08a9a46757d32 1640675200036 1640675201105 1069
71991979e1304050e852bd70248e273ca5e4a3c36105e9b78bee74f82eb6cd32 1640675227861 1640675228799 938
7395f3ced3593dfdcde7f5b0170e6de80664f0ac9307a1dd735460cb21c88724 1640675255621 1640675256726 1105
85548884720d02b051f9c6948e505841e22323d0e92e0b51cf9915e05cdcc7d6 1640675282867 1640675283796 929
8442329433e7b92361928dcae849a9e4977dba8e60b5226f4f61462059fbf79a 1640675310167 1640675311254 1087
213ec9ce2814a01a6e39b25815d299d52b34423476620f01135a79bc101c5efb 1640675337958 1640675338853 895
54589bac4fcc25032a40d444c0a05ce368bed4de93473f3f4b314d58fd7c387d 1640675365719 1640675366833 1114
814218237a71f20710345b762c40626aded3ae0b0d7f0092035446e3c912297c 1640675393288 1640675394163 875
594ca160f15e998d0454ec8b0acdb4bba10cde94e04c60c9447978f537836b25 1640675421291 1640675422542 1251
f5ec576df465a6f7edf12f48fde0d3119cd70b4fb52abbeb0585c0841907f907 1640675448737 1640675449682 945
fa32c9572d23f3e05156307796fc1734ffdbb11b6cf5ce0283582e4795da77e7 1640675476003 1640675477332 1329
c2f18796c627a5bbe21c841d500b5409ca5400dda40b60fbeda14718b6a78cd6 1640675503254 1640675504176 922
3920f73a63a126ebacdb7bb53115b46a4c2cc82b9d25797b6a2db430a458630d 1640675530638 1640675531062 424
fa8c246db07a498e0d765542c6f38aabb92d6dcaaa753eb7532c2bf41a753b12 1640675557807 1640675558832 1025
63d72f4d46cd6579f1285ac2b722a7ca2e6879dd28b4034284728330b158ec3a 1640675584792 1640675585974 1182
89944fdbb0a43b3ba60350d3b7be3daa11134f3b9b53fb9c36d701925645a51a 1640675612014 1640675613042 1028
f16ed0dffb455d94beaa3d5086f2a44b57669d4eb824b31dc8fe0c361bfb2180 1640675639388 1640675640737 1349
ee0c624dbd96d9d7ca01b3b6d1fc602cb2d0cf46640428727ad32b66dbaeb634 1640675666644 1640675667662 1018
1059baa62c8aa482a95d9d72719e0f1843e12d519dd96541e1c3f7c64bca82b4 1640675693770 1640675694805 1035
3e63475630a3af0d057a9fa01fefd8fb132ba0a66ca982e50a1c24808b979bd4 1640675721572 1640675723052 1480
951e11578cfb24db8bdd9f13373e69197c194a9ba60c538261901f9994ac6833 1640675749326 1640675750172 846
668ff5f349de040925adb04c74ade9e4ca3394e64f9fe0f7e6f780d3fcc2b834 1640675776745 1640675777751 1006
32720576181f1fba0fcad89abca560ac39513fad541281ea5298c5efcc21de47 1640675803826 1640675804938 1112
4feabcd95784aa7a412aaa245a7ffca4b55a3ea2ab1b65e4fb7308885429ccca 1640675830842 1640675831812 970
eee318db79d68fd013af4883eb3c58e80a0d682187c5fe8521aab01578850b24 1640675858113 1640675859126 1013
248ecad4d28a88745b4abd00d67770949a9ecc55beb2abc95de5578eb0448d67 1640675885695 1640675886920 1225
