69e2bc65a31bc92464859bdf741a85b864142077281e1a7fb5fd716ac153156f 1640674540174 1640674541206 1032
091f21116b91bcbd3495611944e5c4595ff988cbdbb5e4514af379baacde066c 1640674567186 1640674567984 798
182f499ceb92619872cf747dc87f7368839df8057053c6b3db250a3c681428c2 1640674594153 1640674594916 763
0c9a37e034f7181d67edc878157097fa9f3f0ae7c049070f38c32ef378666b4d 1640674621294 1640674622025 731
d41bd54530188e0fdc41340c663c1b03495a0f19e432407a517a0ff0d8006eba 1640674648253 1640674649120 867
ff0af9d978c8ea9872eb6bff88baf718b6cec3f08ad939256deb9369c98b4738 1640674675581 1640674676423 842
9398577aa337370369ff07b27a1d0cfc6bea97dab82d9aca4c6c5439ea6ca604 1640674702998 1640674703926 928
61c71cf7276b1ab8e1cdd3654d90b3f6e6845237217fe1359a95847288ba15e0 1640674730577 1640674731355 778
0526a8d9e2a5643032e48c97721288899d05c56687b7db856cf26226a24c25ec 1640674758126 1640674759029 903
ab98fa71ecf7395f4832e9a13540d903a7b69ae1bec254896a9432bc8bb19ad1 1640674785824 1640674786332 508
a4f52b06e3a12e289c70ce0f590d59c6e02e2834df55fb2fcafecbc5617d5c11 1640674814327 1640674815254 927
8e19ac5bde2df1936455cf16a052a05a002739676af0c58fa2b393c6ecb7c5e6 1640674841976 1640674842893 917
b76fce207dfbc3cd6922c9538dacfbef0319845db471acbb88836c6b3f9e803b 1640674869459 1640674870376 917
85790fb0b13594ed2cc7ff1552cc8bd16516dfefa5d919affb398be953435c40 1640674896738 1640674897659 921
dad322e55bda0c3119e990e2dad1a751ae6cc8ae33481dabbed5050e1f73ca2e 1640674924502 1640674925299 797
24a141a6447d0f89e20810cb6c9123a866adbc5e2f6f78b78fa69b65f139f95a 1640674951464 1640674952385 921
0060e49a69e50b662c0405f3a349e4b66bd33daca7d6bcb448c1806b1915115a 1640674978877 1640674980303 1426
9f62848ed686c75248b217502e8dc3d3189de1226acc7830624523e0c7001857 1640675006270 1640675007241 971
2ab7e4c7087c968f8e924a1934b3c1b54e3139690913c7c2e54374094f859b24 1640675033762 1640675034795 1033
3eee45866cfde0995af372b29ba030f8c863a7aec61d6213d1887ca79ef9a14a 1640675061416 1640675062267 851
d5f4a36de18c2a700a9984fdc7195f4b0d1a641b66f6dc0126dbc9843527813d 1640675088759 1640675090127 1368
9e0b53075a6dcd32713ee36633cd26e2275938cc882c327fbede966e314fd0d9 1640675116789 1640675117570 781
b195039e667f9b2f0ddf9d800c710f786b4ea5c2915811df3e3e5ec20f488733 1640675144282 1640675145325 1043
ac7ad0832b43f7b1c1d69a97066527b43012875bb7e916d66492146d1059a68f 1640675171808 1640675172574 766
c766869c54382702f1c46e2851ad10be37ac328142e270c5df9274f317c54e2d 1640675200026 1640675200798 772
af1449f1713b53d358167f74c2d31b3420c47c3443518a6ea7f97c265ea67710 1640675227850 1640675228464 614
e90dd1eee2dcafe8c58459682c74b96388e3f2a203dbddaffe6eba6f1b0de2b1 1640675255612 1640675256513 901
2733d123e4741aaa58f1c52e50c23cfbd1553d5e0b8d24f65e35281c04231877 1640675282858 1640675283674 816
62dca57542a01e38fc38569ca2a33394d541decf9c1163cc5a3ce02a600c1fb2 1640675310158 1640675310721 563
8ed5032017809ce27c89e7a8f077fc662d359a02c80b3798b63c9c8da53b1fea 1640675337947 1640675338863 916
20d95c001dad43d288833e332f34fe490a6d6fc37b558a37e31361f1405bf00e 1640675365711 1640675366571 860
31aee52cb5128a6b5e4ef8d7a85793c74a82531880bc442b85301da6042dd623 1640675393279 1640675393853 574
f4614ad9a04a429656bb00ef25f2e86628e1b37b8a2b296fff736e9a99cf9a08 1640675421282 1640675421933 651
111e42bb88aaa008f16aaaff8021b03b8076fcb8121abcd7168eabd951ab8c7e 1640675448726 1640675449494 768
81871886b7232ac565c0d55c68754a35fe99c6942b8cc7eb139aa2c07d5bfb10 1640675475991 1640675476823 832
f6fbeeb35a297176f3f5b431bf674353e25a76803d2e0940bfa043d298585ba9 1640675503243 1640675504343 1100
068706d79014e85b1cc96a69822e4acded9ee3df5023ae51c6669354e178e6c8 1640675530629 1640675531511 882
035a57d619b620d84c89003110188496f5f2a4051bd838e9e9e03716e32b02ff 1640675557799 1640675558844 1045
d01605cca4ac923520a8610c77daf1cd126a7e21fc0e7bad9def763cabb04bc0 1640675584782 1640675585416 634
ca5e366e694791ac7bf6ab4a3ed8c3ef5234a2f5767765757f68a9ce5f2ac3f5 1640675612005 1640675612898 893
e0ad3392e2ce2dbdbfec64d4592600416fab3905320317240be3c95d660652e5 1640675639379 1640675640215 836
8f1d059083d60b0ef6119e62ccdb23a5bdda54f0d8fc569ab848eacafd6e8de8 1640675666634 1640675668347 1713
5ed1b0943675ca85b96ba6decacc807795d34f904e2633ea3b28dea9085f81ee 1640675693760 1640675694758 998
7b72089ac526fa23765a873d4f385d0237ad3cde5d692143f4a876c4de7fb799 1640675721562 1640675722390 828
eb9b7bdfd507d82d3ee43e2979bec62f55e2cd2a996aea6d58c2e20a515c674c 1640675749317 1640675750142 825
103e556f397920d5d5a343b4b7b52a558aac4b94472d08fbfd2c631de31c18c4 1640675776734 1640675777443 709
89b84791da51dfb29dd03bab260ebf3f1ccb4d2a697f2f8bd16e5238f3580fdd 1640675803815 1640675804719 904
3fad6c9e3febc100bb83504a7ae6d67661d1a6b6a3d46cd4ff2304c3a5fdc95b 1640675830833 1640675831775 942
c14fe09ea958cb6be4e62886444cb9d2d31367095c94ee11456222bd17ca7cb3 1640675858103 1640675859006 903
2487f2cca441354b5e3fce11b1bdb7e2232deec8b3b71b450868ef04f576caa1 1640675885685 1640675886659 974
