5bcfb259a3ea225392a627f78399e55a8f2a926dadeb5ffe29b5bedc0bf015c0 1640438022262 1640438022894 632
ba9551bb02bc8f228bba7b1eb777392fc96cebbc0f1a911430e1a67f54606dcc 1640438030488 1640438031363 875
bfde9a10da00433d72d02e5559ae8f01f57030c7220a9d81c7f19d12677c59b0 1640438038754 1640438039536 782
6b5405fd22ba01c4b422ceba58f18e78687bb77ed05123a348874b5060de31d3 1640438047038 1640438047908 870
41514b129874311cc2ce1899255c6dc02a6b21f3ea5b4cd6d5d304bc4f24dbd7 1640438055403 1640438056056 653
96a3d2d5c9629cd7e475610f953892f421d11eba87e41394683e9110a67714a4 1640438063707 1640438064991 1284
d3ec3b6dbcf17a31788f64e64016aac77e5efa78efe2dc1f77a76ff8b47a5426 1640438071991 1640438072943 952
b4c46e3015fe51522a84a41e54dab2212678ceb140a75afd583e8a5cad2cf8d9 1640438080301 1640438081215 914
af83645b574b0cb3558e71c78f9f7afe4d0dbe79e167b7d5287106b06038590c 1640438088643 1640438089422 779
3035c94aaaba33a6730f6cfe73d5b1b3188cb1409b9abe38bec241c0d6945a1e 1640438096858 1640438097839 981
888abe4b08e32eecaeed112e5ce5228b1893dee283539a07d2471d09435878ad 1640438105525 1640438106377 852
d1674431c2e3fc877c81677fb35f9555dba3992c9e6ca4e24ad23226dec1833f 1640438113884 1640438115487 1603
8354010db4ffebf1b01cbf521e2879f8c5dc61afa95524255509ec8db840519d 1640438122246 1640438123226 980
b4014d8f69f8582e84acd4bed746ac44682169e686ac77075a40f0f7e87e50c0 1640438130605 1640438131954 1349
0f8b4c964d69b6b3b5e482321c8404af839609370f599193bafd81df29444cc6 1640438138959 1640438139754 795
40693b5fae2b24ca23e11d88175af5b7e69bab5c56b3389dae849bd3e06edabf 1640438147368 1640438148350 982
c747d587e3958e405f54a46a01f5f43b27e41737160bf2add8a40a0ed74a0aef 1640438155553 1640438156694 1141
6ecb93aefc66ac314c61d01014579e97343c274045aad040e65939dc3b2e4257 1640438163971 1640438164761 790
f81ae0b338b67d1b0532a61a74df5b2ef05b14a420fbc9531b5a6fc0af47f625 1640438172233 1640438172884 651
e595ed557490aac816284684ccaeb83191d85ff599a6c5630a599a1320e6e86b 1640438180490 1640438182113 1623
57edecadc33ec43656f3111211088c022f8747deb19faa890a7c47d96b6c448c 1640438188891 1640438189562 671
0383b41e04f4566dd1e936d0623a3c024e169b13af44380a8766b5113a1e6e82 1640438197311 1640438198268 957
a1a82df48eb222a6925312a7a030e557d45a58f101da26a29779a4dfa686b446 1640438205711 1640438207075 1364
ca8fd1db4d58ff8424967fd34a596d49e987d4f246360d0815b6c57810289ee7 1640438214077 1640438214711 634
1e425528300ea48687316239e8bcd4a3f466d67d24ba5a5d145fd485749977e3 1640438222535 1640438223528 993
b23927dd526b232837e7a64de7549a7e0f632e585712902c2186030e38b46491 1640438230964 1640438231982 1018
d2f72f263760461fa8e398ab5736a23deb1e990d11dcc6fa9bb5aee270311f9e 1640438239406 1640438240067 661
c0587aa4530f772a23b5b4bffe86ce5c3332f525416cd770640fd94f4f0dd164 1640438247602 1640438248684 1082
618e80afd21e617c8f87828893aa3a759378e3108f0870ed035e4bdf7c9f728f 1640438255943 1640438256963 1020
2cce4c130c10a2c2de4a1f7d913b5941c843f7c0200c5dfab5d240641d190e9b 1640438264326 1640438265137 811
3a9f25706f63284b071845d041d2e4a372127aa339c73173a44ff05ce4e17c8d 1640438272517 1640438273201 684
1f2cd445ca19a4d788d7c3cd24e4204eb7fbab4f2285881383b55f59ca8fdb68 1640438280710 1640438282676 1966
a9abe7f9739c12b8348eb8397fa9ef8dc22818f59b04a9d531d647fc889f6366 1640438288985 1640438289875 890
1ec283f267ceb9e42408eca55bc93a7a15a65836e52a90e5d7d0e6a121ac5d32 1640438297239 1640438298263 1024
929dafd9df772dd543d58d3d91d00e5b458f2308dab5e6f693ae14415634667a 1640438305553 1640438306245 692
d82bbac8aa9b6ffaec1bbc5f10e284e4d9ee66c800d01cf5c9b83d4acd4f1f6b 1640438313885 1640438315648 1763
a454db3a9c9a590ed662c1216bdad5aacade1a714b86523e90d0ae564f453bf9 1640438322238 1640438323154 916
931025e592ed778ce18d3a4eb36bcfc32911becb97602f4acb4279e576e60bee 1640438330500 1640438331291 791
330966ef1c42c85f4ca343ae52de93f20bfe3a31ef57a61b03a2c6d26708b242 1640438338826 1640438340121 1295
dd045566d0a26afd9842200545432959ebd8f8ab1fbb6fea48d2042d18f548bf 1640438347175 1640438348337 1162
f672e68eb364710ec83aa8a209b3e97b2a7e60a99a710a92773780a4fc66c3c9 1640438355459 1640438356158 699
77291bc4925af28b0c27e6c891183b4f1e05e5a486db6f972e7c662075fa96cf 1640438363784 1640438364554 770
ea3935ece86809642fd42e42a7618677bf396324f48834ca69590f0d149380cc 1640438372149 1640438372800 651
e8bbb3d1b6cfa09ffc0269017b72189fe545dc09f804c8fd385971f471398bbd 1640438380500 1640438381496 996
d57f66bf062c0007c2698716c9bb0b1b8c4b3ce2d958de931f1642fe256f5c4e 1640438388893 1640438390202 1309
b345d3a208268fc0d1f4c9861209dc176adf699f28ec720d68ba8e890477dc05 1640438397302 1640438398030 728
19289ad89f8dfbb9a0aa14ed8d5fc1302588b87c10aa007d4d515d645ddf264d 1640438405923 1640438406788 865
97f8afe64ff36c0a7fe4a4eab7ca3de491a8a0bed3d1bf3955d7f98203669aa9 1640438414277 1640438414921 644
74512d65299fbc4ec40412ff22cb0b8ff9287b457b1624dd905cd5041cd2b90a 1640438422590 1640438424326 1736
bf445de38d001064e88bc2c863d1e186f789de1138f3ca9596dddef82e1edb67 1640438430977 1640438431916 939
