2e6171eb5c96670da5be03ca7baa4ef793016c1cc027d007c91b39ea5485e595 1640438022265 1640438023956 1691
eaf9b3cd5cac71fc8ae4ca76aba764c95b35742e7d18a6f4190e65706fee0ec8 1640438030491 1640438031499 1008
ce9d8f2dc4be26b5702ae50304e849921ed2b010fa3febe87c2cf776dcce38d7 1640438038757 1640438040575 1818
42bc093ee61f7d581b494707bb9d42e304f189e8991ac2a0e5da6023a82d7ca7 1640438047042 1640438048556 1514
742e3f66cd11d6f52e3ef128844d07fd2a041598ea916d3cc59952cba91fc93a 1640438055407 1640438056648 1241
c825ea33b8169f00da1cdede849e5dc449529bb2e9a0bca912f5ba8140e06f90 1640438063711 1640438065402 1691
38e2516b07a1f358339f75a97d7d99811dac8619ed6828f9f4600c63b641c9d8 1640438071995 1640438073906 1911
14fd0bef446d53e3ce1fc057bb40b0c416b13026b3a440dd02b62f7cfc1eac40 1640438080305 1640438081822 1517
c15b0fa512c7ace809205410f9a5daaa2118102d9197861f65197394fdff28f4 1640438088646 1640438089988 1342
74d08abe01dc3fad63e6567af97e891676de22791a5c4b5bddd30938729990ea 1640438096863 1640438098498 1635
50040cc2f8f8999bb318147c8968c2170b639d3cbedd624493fecb7e488597e4 1640438105529 1640438107459 1930
0ebc4dc81533ea9506ee0c3c3d806e5fcf86b3408798e311cbd0659fbc99b8b7 1640438113887 1640438115098 1211
0fed4995d07f3b0f810b001e51ecf50847afa7fb1bf1009d4b75dee30404b529 1640438122250 1640438123872 1622
3442474ad0c10616f085fa25d05b5f9965010f735a9f47b1312b612f15bacf4a 1640438130608 1640438132615 2007
e4f7b65e28caaf6c0afa3dd08ee30b954c4f4523219f0d774e2bdae1c6e7e742 1640438138963 1640438140607 1644
43debe8f1d809e2291fe2c9969a1253a18f1082caabed7bc1a11805c34d792ed 1640438147372 1640438148782 1410
5fcba3c4e583a3dd03aae72e612e0b8bd34d703f26ee5b25e9cadf0d2adc92e0 1640438155556 1640438157265 1709
333396c96d7b74761645f58147000b830e0ca18f1df6006708050662fc52a2f5 1640438163975 1640438165706 1731
c4d82f14a5964b9efa6ed9621149310da0baf83276e3c7f391ffae844f587e1e 1640438172237 1640438173472 1235
efb8378c278061599193c94d36b36390afaed9bc3494e575403a2ec57d7291a9 1640438180494 1640438181497 1003
eee5f2528bb296a1a0ddc54b0f1aebbe8a23125a16fca6647996de3414f18d6f 1640438188894 1640438190325 1431
980351913479fafb39d6c07814d5ba5ae0bd1d1a797cfa378fdb7cd65a94b90f 1640438197314 1640438198560 1246
50370c02398793f4821ae261de1bd71029d5b58cff614a79372d5d0040582c69 1640438205715 1640438206837 1122
2cf9599677f8492952fa36c778243afa3aa13c19a26729fea483241f071dd45d 1640438214081 1640438215803 1722
917b3c951242a9063c0e4f70b00c4c4b21e49d62546754db427d4d52d20b37f9 1640438222539 1640438223942 1403
3dadb7be270be6eeb1ecf2f123399233ba008ec3feaee1b9d8deb3278c8d7465 1640438230968 1640438231899 931
030731de317c8aeef90a4c1a31c222231c1b077c71e0f3c0930ca66faf72a1f1 1640438239411 1640438240507 1096
4cfe1942a7ab7e6cd94ff6da95430d08481fbe1bc6d90f4f6dce4777bb4e2618 1640438247606 1640438248916 1310
98987f59d151fee07bb53f465895c070545cbad46d8575b420d4b9ad64e7b673 1640438255947 1640438256994 1047
764af8f42e9e9987fad8975072b0ffb9d46278c4ee4ed21365f8eefee172bcd7 1640438264330 1640438266234 1904
ab3c6c143076840ad57b7d83a1c3ed338a58c028dcd538a9a8d506ea98c5736b 1640438272521 1640438273427 906
bd82dad12a8fe670687871748df015f1047e3035c450814c881ea24bfe1f10c4 1640438280714 1640438282676 1962
41dc80ea16fd7504aaeef1fbcf734a11793b872e07e92e877803dfbde873128d 1640438288989 1640438290677 1688
1ed9cc324b836e00aa3144aebb6fde0b9e429647eae505d6da4d50d913822ea5 1640438297243 1640438299214 1971
21bd48598fac5a6c9f5d7e3f38f3c277c5299ee21482c228b2a45d7640156e89 1640438305558 1640438307112 1554
ffb537108ec4e7339dacbda9a02aabb1d74dae02b7b5250b943abebd53319816 1640438313889 1640438315364 1475
854a5043b7259a3d3bb82bc33e688ec35edd2817a3991b396c21913fa5edc7d6 1640438322243 1640438324151 1908
799cf77fe2221ff78545d7766ebd79f639e86adb750f8b5ba7a1302c50f01e0b 1640438330504 1640438332250 1746
c4b2399f5193e6b71afc55a464cebc413b168f9859f051de4e3f0485e47715b4 1640438338831 1640438339786 955
acecaeeffd6cc36a06be755d380889a0ea80e76b800c16faa6cad6917bcaf705 1640438347180 1640438348365 1185
6ca65431d74a80006ff0410a11ea823925b461a67c7c86433706d82da51abc06 1640438355463 1640438356984 1521
21109dfc38989d878ad5b3bbaf41a7d43fbad820c88d57a616dd6df605ba4150 1640438363788 1640438365139 1351
9b4343cdcb4d225c89c10835d24a9e7ea16a42ccc6ad186d9096976a32a302cd 1640438372153 1640438373685 1532
2490e0c8d288cda50b061ae6344cf00aa6c5087531fd278ef2d34c29a090de9a 1640438380505 1640438382240 1735
06aca6a75561a13108d785b6c9fa395057469027eb4e912f75b49d891ecb4c91 1640438388898 1640438390539 1641
34b98e55ea3868cd06ed336655d4858c8af75a30a5d055c10d62535df445e2c4 1640438397307 1640438399240 1933
d1fc630e80aaf9aa5eab1abab35f9f64d4f8d8cf9199e082b4487fc91d6bf56c 1640438405927 1640438407888 1961
1c3d120c892a4e46df8143e049b4a9c8030bacba6f53aa3ecb7cbdc5c99f96b9 1640438414282 1640438416227 1945
6ead6f09456768bcb74d8a77073ec3d73e6aada47475305f5d284287815ab7fb 1640438422594 1640438423477 883
9608b511f5b8fc3ddf9ef3ac188e2b5b852a59d241f7e17080499e85ed7e4d9d 1640438430982 1640438432906 1924
