32c23b44c10c10ef71b6499430e9752f9a7ca37fb0ea7e46e43ab9191157649b 1640438022263 1640438024172 1909
10cc0173dc25815f4859f286a303bc90615b84ec9e2f018358c34998914346ec 1640438030489 1640438032277 1788
02809361dd7e960c25de18bb5f3e86ace77e215cd6a1d0ed37674b9348587080 1640438038755 1640438040684 1929
2aecd2120664122d7627ef17b93be06b76ec03b35b7c802422ffd3b56dfa564b 1640438047040 1640438048890 1850
0c36a47ff7f997a21060a632d51dba815236c0744a2f38c3a2e20dc2f2d8c335 1640438055405 1640438057258 1853
8035f97c7f5b8aa7136705f9ef01f95fe39ba01a1825c5e39a4c8332e4ae5a25 1640438063708 1640438065145 1437
ec1881781a27c5ecc0144a70163ff1ee34db4775bd57616a4d34a3322e5a2c3a 1640438071993 1640438073906 1913
4381279942a11a874e5166a7acd07261617bda12716099226806b105206e0905 1640438080303 1640438082356 2053
94ef77a61bf883b33fef8c5b947923be014110ee435ff9065af11017976d2027 1640438088644 1640438090085 1441
2e18d2a741163f36a621b0b2a01435e5fe7d6c793f2a914f4794957c9505c566 1640438096860 1640438098192 1332
cad7c16bb9c96b3d2455e2d9f922155dae60e1b8a39a69403a1147cec58e7733 1640438105527 1640438106655 1128
0b4ff75cf1dacc3d1a5a5636552af4a86bd9329318d6e253ccbe8c218edbe995 1640438113885 1640438114738 853
ca0e60af959c4100b7680c22018335728cec36efbfdf3fc833803f11a9949bf2 1640438122247 1640438123321 1074
609da56686290bce017b850ee2867afbfa2b25cda93c7896ff007dc581a0fa6c 1640438130606 1640438132341 1735
aab680b1b7c5b9e5598c883480801fb9576eab0868744a89ac8ff67131614a06 1640438138961 1640438140904 1943
a59233795a910ba73c6f4d45f387eeb1161f6d4cbd79645d30ebd707e93640f6 1640438147370 1640438148921 1551
41e4710f63397d2f781e4aff8fa376d52754c735a6cfc0efc053549cbeed2f6e 1640438155555 1640438157580 2025
07a785d88a8a8aed4f42d6786e2bbef1df0468a396972a12669ac9bcd935e672 1640438163973 1640438165396 1423
61982abce2a4e621844450e5422fad5710e00f3319a38359d9121e5e07013b34 1640438172235 1640438173546 1311
b272e9a79094b99b25873a724643993c0b735d10f72b537381bd9ea58d6961f8 1640438180491 1640438181820 1329
416fe5b6be4f742f0aa8b77574cda184129a242cbc5c1e9eeae6fa3404564f7c 1640438188892 1640438190099 1207
cb4ecd20cb77fcd3a780fd5855e579fe2dd3c3c21eef2a541c6d2401492000a9 1640438197312 1640438199263 1951
a7fba95fa6697f2c53c0d16e9b880df1ac57bf773ed34fd7637e47f2253ed491 1640438205713 1640438207702 1989
e8d4cec2f5ddb67292c17bf71bc85ef533f29191a94a5bc28bc2ad1ac8c4e78b 1640438214079 1640438215451 1372
548eb25ed2e2c9a6c0c7d265f541f683a343c3e516e17526dbad542dd4964a19 1640438222537 1640438223688 1151
5a8b9e829d73d05ebd5499ee040aff5788f76d73bdc9f6fcd8257fdc530d6391 1640438230966 1640438232921 1955
b7406d1d3d30e0e7efff52dfac277aaa3d77147d973fa13d0297319d51600d68 1640438239408 1640438241337 1929
4df6dadd029c1e8cfd3519c8ad9216ac5f06f7e72ca6c74c72e9f9b62b3d025e 1640438247604 1640438248947 1343
4866ff2cf5877966b78cad1e6f53b9857d8ddb1bcfd2bce272c06b2e3fa5a149 1640438255945 1640438256760 815
cc1cdd81d8138cd001496438d4d24328039d5ade591322c624fff0edec451cea 1640438264329 1640438265417 1088
8d47751131454734269482d185fb38252031ef6f82aa9fa36deb67c66d0fde1c 1640438272519 1640438274451 1932
0ef6b8aebd6076e6f69e69239a57f23b06e1e00a65adc1feae6de596d01d3a03 1640438280712 1640438282063 1351
8694494f50882a34dac1a73338ce5e730beaa94f44b9a7aa63a756b2b114dbde 1640438288987 1640438290910 1923
1ab24a48fed877e249ccd093e8b5878ebdb2f870f3d1f7e14498f568c9250d96 1640438297240 1640438298453 1213
d5c0731b76000b548f264c7890c5a08398424bc132eb039018954827c1e86f65 1640438305555 1640438306747 1192
4576e6f5492deccb0e3195b62d3ba03a31ced418750ac38e9fbb1351c8a42c20 1640438313887 1640438315282 1395
8a8b7ba0df68671667c18d56032c1e8bc558ebe19b417e6e43169ac6f111e785 1640438322241 1640438324214 1973
3e757d82908f8d3bcfd2512990a9066a79240e4d39e80a08b43207a5295f86f4 1640438330502 1640438331724 1222
b26df23c4947a0ecbd5869ce05ab51a61e821067af4cbf51d7e65a471d30c945 1640438338828 1640438340769 1941
ba2ab125a42e1a7d4eb3ea4946e26e26dad7e9284a9643c7241a598fe05d9173 1640438347177 1640438348518 1341
f0c06d4efbee62814e7480a2d52afb15b49c4d0431298d505edbf1b1859ecb4b 1640438355461 1640438356417 956
d6f5784452b69788b33bc35d052dcc443eeac44cb2207be9cb82dc1c22691475 1640438363786 1640438365676 1890
e45d1e7272e3d6543f39f49b4964d7d74c6c57049c0416a85d6a0a848da18b49 1640438372151 1640438373096 945
aa143fd40edb1f255af83eda38f37a91f4e5aa2a2bb6e5bdde4fd850f70c43f1 1640438380502 1640438381738 1236
0086e8e00afe6fadd5733921b84ef178ca3bbd08d496fd8e4f48e2ba90e445d1 1640438388895 1640438390564 1669
922ecb0984f11df28b98f87ce22c7a38906229e77803970eee637bd69e7a9849 1640438397304 1640438398348 1044
abcd6d4f20af4a8f8ac049dc466c5a1028f4d03c6636144d0fe43a235830bad6 1640438405925 1640438407652 1727
cfffca154a71a506db758e58979df70bf13821922f27c8f1f45e805d54c7a16c 1640438414279 1640438415303 1024
a7c1fe170d1aade56989ab60251c89cadd5c7144e5c74c1c952ea51372a1bee0 1640438422592 1640438423687 1095
b766655eea3c7b34b1270845aa6d76dacbaca061ccd14b5427558c6378dd073c 1640438430979 1640438432452 1473
