37 3244 1.14057
45 3233 1.3919
34 3290 1.03343
44 3244 1.35635
35 3225 1.08527
36 3246 1.10906
36 3259 1.10463
35 3315 1.05581
34 3215 1.05754
36 3253 1.10667
42 3271 1.28401
37 3259 1.13532
39 3309 1.1786
35 3309 1.05772
39 3284 1.18758
36 3261 1.10396
34 3246 1.04744
42 3288 1.27737
33 3270 1.00917
41 3257 1.25883
36 3268 1.10159
40 3234 1.23686
33 3261 1.01196
41 3263 1.25651
33 3234 1.02041
37 3288 1.1253
54 3336 1.61871
35 3340 1.0479
52 3304 1.57385
37 3336 1.10911
40 3321 1.20446
32 3264 0.980392
40 3261 1.22662
33 3272 1.00856
35 3264 1.0723
39 3292 1.18469
36 3310 1.08761
44 3229 1.36265
38 3361 1.13062
39 3279 1.18939
33 3267 1.0101
41 3301 1.24205
33 3231 1.02136
36 3318 1.08499
41 3312 1.23792
37 3332 1.11044
39 3311 1.17789
41 3303 1.2413
38 3254 1.16779
40 3326 1.20265
