acc2d5f1f452e3a1acc7db215908e647f2ed2329d41c186f4b5a310bc54ac5cf 1640334253630 1640334265653 12023
c2dab6b5cd69c5a5fc69e7b98226ce909f8d34dae6153c9d686a195b6fba6e4a 1640334311241 1640334319030 7789
0cbca779927a14fcb880f9168ba7138c7b2cf580985d9e8f98eb2a1667bed97c 1640334388816 1640334394214 5398
c8d6e8bea0c3cec14a937b1466344c76b6affa9aab8774c8bb5ce2c6a440c673 1640334465590 1640334473699 8109
79d9b032b7417428616b8574c825db3ad7e6b94103fe263100ea1e36bc574647 1640334546284 1640334552136 5852
d7d65c033db0d8a60f41b5ce74c529249de04c63f6939ed415be82e997e44a30 1640334623064 1640334629750 6686
cdda51e0aa0d8f2da355a1dd541ef9d9d2927a0c37f239853d486433e0eb4868 1640334695404 1640334702468 7064
19066fae4706ed037207896c401003a5b629e7b965fd64a8cec088386bd1a8a1 1640334773786 1640334781336 7550
935837ad6cf3a380a436fe19e495b97e590f34a71c8317b61dd8c97f69f83583 1640334849607 1640334856216 6609
f9a180c4e4b9d87ceb3da1daaa8a42a9a5507cbdf80cb29a4ca8090b4e1abb9d 1640334928295 1640334937185 8890
832fe721e20ad80eda62c4ba008f400bb6613a2a456a6269cdd2c4de944867f1 1640335007809 1640335015358 7549
6b5d96916e982c36cc57e5a057b538cc52f04857064f7f95726f0d4bda20bec5 1640335084514 1640335093937 9423
6c33897f440f0a20b3c1d481ecccf938ea7bde46c45d2da6e17e54ec8cfdac7b 1640335164600 1640335172787 8187
fcb7d4576ff61b9b71d4d613393c34470f23a7461cfe1c4f7c47e7003ffd0905 1640335251062 1640335258758 7696
55abaec4c0eb6fa4327da2186a04e91480bad5a676883bf0f1b104be5518bf3e 1640335323148 1640335330839 7691
ea77e0e0ffc5ca0f881a4a81bb5f09d26a924c53f76c36315c07ddef0ed65f8a 1640335404530 1640335411313 6783
172f3e7725b52c73a464c49220b0e7c9a73ac12a0849fa3a65c16568eb5589ad 1640335486040 1640335492400 6360
3117d6c2b4c4e1cd8eef08a66e5fd231047ef82459ddffe8e967ce910ed7eae8 1640335565422 1640335574696 9274
e4323376ce0a43552676607b15a73ca4368588143348591f1affc25072a2515e 1640335643650 1640335650592 6942
ac4e47b97bdb2d49a8efa1c7ae0e3b8c7a20eb7a83dfa2668c33b8c1815c09bb 1640335726722 1640335735110 8388
