aae55aa740d506c83f7aaede00ab64449f479e4a1b462670d8e333066c7316f2 1640334253624 1640334258226 4602
3618d78c141dc0ff43a9c995ac3b532cdfa07c4c46b3f9afb7c1e07f5e363a82 1640334311234 1640334313673 2439
fc080043416ebe2694385cbd2ab1d9a92399ec12069c3d097ca2acbdc97c32e3 1640334388809 1640334389814 1005
5860572a33433dd60692c1654d07704f859bda550514d4d14ddce8b6300841c7 1640334465581 1640334467682 2101
17dda8291e547fbe12b7a619e05f8c0c4dc8b17c7ff7e7cb19e22876294fc516 1640334546276 1640334549023 2747
ba34964789d647ce95fb462e795cbb50c984a03c245f193e9403a5497eb08528 1640334623055 1640334624677 1622
14c09f71d5a8f3eeaf177a16dd759f12cf02ae8214b1f76fe5cc9b6b9d94c998 1640334695395 1640334697520 2125
525b142161e6ccf5ce93479d15f487d2834bc6603fe2de197d9e24c525afd6b1 1640334773777 1640334776513 2736
56d108d6e273654fc7141cb9b0097a91b335d82617081367af6cbdd190373dc7 1640334849597 1640334850912 1315
fcd63d0864cebd35377590f9dfcf0703e98acde0ca0d187baaa94d4037a457f2 1640334928286 1640334929334 1048
f18db484b7f9ed8dd7f2a061b5daccdb673e941dc7a467a504b29b5aca19d1c1 1640335007799 1640335010289 2490
0610f90e496ed5fcfd0aa815b85beab6dfca249fdbeeb6b7e829b1876065a1ec 1640335084504 1640335087141 2637
29a6c88cd3a63ede5b9edc4a031dc834f57ea4b180dfd2ee9364b783a2f3d481 1640335164589 1640335166019 1430
ed7a15fd917b663d4038d36bb2b9785048eed8cde740ef25c8e0bbd350866fe1 1640335251049 1640335253215 2166
e7d5f0cc3b7e54d1178933cf94cad53a9e85ca09b9ac7d850d4706b288879620 1640335323136 1640335324410 1274
45b2fc8c989f548cb59b12afbfd65185b0464b5b71a539c3f570bfc86ac24f6a 1640335404520 1640335407313 2793
dda2a3c3aa46ac4d2509bbaa07a0d2feaa92b94440fc6c30b5f9a16d0767a6d6 1640335486029 1640335488629 2600
d90837fff83dffc5f6e18215215eef95f0e87aaf43e7492d94963421b8019011 1640335565411 1640335566282 871
5750f71e4100b12f715a2953bc41eff10b6e80da93246f9e1c7c17701ee442ce 1640335643639 1640335645405 1766
37624433ece9afb43ed8d829ffae8baa10dabd20c995e7b19411ad770f431d02 1640335726708 1640335730030 3322
