58b6f80290a414902d59e6a28a477b2742175869496d746e565dd56c95d95446 1640334253647 1640334263839 10192
02abf5a5e72514e2f8951708d03feab8d870a8a0636fab480906f611b7474d84 1640334311266 1640334331479 20213
4b09d71886460fecd3b121c6c0ff188677fd1c4fe017e87bfb3a614829e985a1 1640334388837 1640334402745 13908
ef0792931f7571b3b22cdc712c593f8fb9934a24e01c8646fe07ba3cec5f4ef2 1640334465615 1640334487000 21385
0e1a1313bdc3023967671bbd3c0276a35c1f05923c80180c8808c250172b59b2 1640334546306 1640334570773 24467
c315c98b7c3788b66ed22ec0d66bf22b452793f282a0215be1444397d4c15695 1640334623090 1640334643301 20211
d80aec705a96633b9beba98d8819533460d19e3eb0e72a331f9f5518160a9c8d 1640334695432 1640334716733 21301
76971fa1849c6a1226031960c77e10ffe45108b285a7ab8a3dd4c3959b36e0e6 1640334773810 1640334794375 20565
31a0f00b6f935092e294d2d751eb333d8c516e248f1f550663629c67eca067f5 1640334849628 1640334867540 17912
291d0eeb5c74ee74b971171fb75b4dbce397f40c2f9127708eb92c677eabcc1e 1640334928321 1640334945329 17008
33f29ca4b68827e696a459e58af50d6f2d974c51acd78a41c1e683c038c8ced5 1640335007839 1640335026631 18792
7db384446e16e6463684cdf9d383ba1f99485acd563ca61fa5c102a7cd872860 1640335084545 1640335105718 21173
9cd597ce152912dfb56d680eb703879ad7f394ef6b7de41713b63047f05957eb 1640335164622 1640335183473 18851
2997ab96fe96c85b50fe6a81eebcc615b1d34a5a601a20ee3995af37ceb51a6e 1640335251090 1640335271100 20010
251ed7b72092f13b2559075427da0b16c77a8a3aae8d482b83142333fb60aa92 1640335323173 1640335340644 17471
1e3a93174c009d1cef7e3d930ff1bde3544eff2507c02c21458919709bb859f6 1640335404555 1640335421842 17287
ee97453173e92a00682b4f28655cfa8156978b6281ed3d81da38426766ab8f38 1640335486065 1640335502558 16493
524e4c5b4178fced189f43d68ed841d013ff73a52f344ceb8094542c64925a26 1640335565452 1640335584794 19342
16dd22e184ec272823618f0c423f1ae4587d1cc29016a5bb61e6aa7506ca64f2 1640335643678 1640335663064 19386
8299cb5cc7f954f37a2c70042269cbdda45149bf069ef65d878cb56e51972743 1640335726744 1640335745845 19101
