b48eb2f2fd1c6dbeef9204beeecc85cbe8a47e9e52d911f18fc54060dccd7194 1640334253669 1640334274953 21284
44ca5796ecb9e104af889ab5ab63212e6adfde81906f5dfc56f4339f9ba602a1 1640334311271 1640334332608 21337
58c3894510e6fb42f33778e3340cacbd702969613af683256966ea6e87b9d34d 1640334388858 1640334450024 61166
7f50dbcab970aec651c530a3cd1818a88d6603a4d52bb69e0b1e6165f83d3b81 1640334465641 1640334489374 23733
1d034faf33d3b60e499f02cfc7305e6661a943521471205fb042dc354457173f 1640334546328 1640334574648 28320
9e168bd0b3ba2778c7b3a0cfe7ed2ec9afef8ba6f3ef2a703955723de1524336 1640334623104 1640334655296 32192
8717f8e5cc511eff3bbcd5992986a2632033eb7f326ad612970da1e271789ca1 1640334695441 1640334718473 23032
aea7559f0f11d53cb3e7c242f27e7de80fc6e1691b25bfb896efffffb18d972e 1640334773824 1640334798608 24784
4f83d622145b3c25c4ebfae62944eb079012ac8b4e0b5b69e8ee6f8dee839bb3 1640334849650 1640334874536 24886
3f1ed8804275320d8c9f1d5cac590b16f06731563cf4f5e08ccdbd9e2201d2ef 1640334928338 1640334951541 23203
b9433d71ea5df099eed504104bb778ea81fbc8e8e3b06502b97e870d02d7009e 1640335007855 1640335051374 43519
33930f193473369a2c5808a139a92ca382f02353358b36d1290ab70f5ca294fe 1640335084564 1640335111241 26677
9cddb0f21b00e4bfed96a277946279ae3e14843f18383ee445adefc110a92273 1640335164645 1640335214186 49541
3a02cb255f79bad3e9e911dd7136b9b4a847e52ca7f9b1b0e5774d905d606409 1640335251107 1640335299057 47950
a32f6ea4e48d81e3a88609dc67f235aa5d0cca97d5715b6c3e5569ccefcb56c9 1640335323197 1640335374232 51035
e6145a767c3fcf81d1fce7475ebb8a6b502f4975c229ded881c9a7b5ac41bd01 1640335404579 1640335432821 28242
9f6990798135f5dbd72444e2ffb3080d4f23fd9fb99228d9e2a45b4ec9683e86 1640335486086 1640335513829 27743
438a2e9de13d00baf71e02d0451d90383b65af95b51c9dd72cefbbcba0ee83cb 1640335565466 1640335589376 23910
c166aff8542784eb3654d5131255465baa0fb4654d83820f474513ca2ebdcd06 1640335643701 1640335701421 57720
8b7ef20a2f756f5f8526dacd88b701ddbcc7c210c56917daf7f06191e45087f2 1640335726768 1640335774381 47613
