3e926c1777ea31f4155103a79bea08fe1a895a46cc46b5b1b9a1fd047e21fd1a 1640334253676 1640334281665 27989
28165b713a0c69d4b26d0de07847a4c85669efb748606a4f7b9abd2f9247cbb4 1640334311289 1640334360147 48858
083078189b372dfbb1ed7beb64174a3737570928365c79fd36091ff7cee95f8d 1640334388870 1640334439717 50847
22cc1fdbaca959087143fecfb9c6ebb610f65c5ddd2897b10091b18a1dd62adb 1640334465651 1640334514759 49108
c7553d5a54809a8f45e1d4889b60e3944304fc802f9f168495c22cca5af2ce33 1640334546347 1640334593170 46823
d9379a1c75cb8835e8bba8fe11ed706121d2284b16d948492ed6bcc3b819ec8b 1640334623118 1640334652582 29464
ecaf54bc967d89cd27376bc8e7b05fbc9097a8d197b1c816985525d52974175e 1640334695453 1640334744184 48731
e67d1ff9fcbf779c4571c04928bc5e0194447d132d25be7a7b5bc781634571e2 1640334773844 1640334825322 51478
16407496468bb5dd3fe96e526f487dba9576b347fd1d70ebc6ea9fa2a3c4fe91 1640334849670 1640334902468 52798
8ce747bb6fced8da6d187e16a5ff20ad6d8c65a80023bdbd880bcc4d908e339e 1640334928361 1640334983258 54897
e7a86a850864fc665b8c3f989cd113dcbdaf25e5d5aab366f82ae21dced0edf3 1640335007878 1640335054389 46511
848c67817d1ab7cfe636b1dfe9278641a068d98878ebe0f47b6c9b144e42f7f0 1640335084586 1640335122843 38257
25335be579a692df4cb91d0150f663eb432e3f465f74196e93a58eed2ad710e1 1640335164653 1640335217289 52636
1fb33217dfe156c6cd29a32638ecbf9d9f897000897894e2c79c563cfe6bd319 1640335251115 1640335279483 28368
e6121e5b58703daa513bb0c5dfc31eb088af071615a308b7a29972ac19bd3b67 1640335323220 1640335376451 53231
a007a23cf4eb56b3b9d8e579ff45d6e4dbc9d52985d85cebf5ad2ca7dd286a9e 1640335404597 1640335473400 68803
132e40466d3744e03736efc4738d5c95e6bd0b533996cb698dc1f9287d6dafe9 1640335486097 1640335539154 53057
da079e4535c9509a3554f48e9c70f102af6186236eb623ae5a25c05fdda2bb2c 1640335565481 1640335605071 39590
73db21d8dfa6e1dd38cb068764656c1f2358c8b95b3af00256ec3eea114aab2b 1640335643713 1640335700954 57241
6a1e1621a0bbd3922a88083769fef4686c5d74218aadb1690e03567ab489817b 1640335726772 1640335775373 48601
