6f2e2305615d5d433299c7e9227a0f5c0e508b33ae2fd499bf9a73e82698e99e 1640334253666 1640334271068 17402
fa901a03f8b92c0ef0c92817c93131ec676fdd69c2153989e34afc0d2177765a 1640334311275 1640334334467 23192
4d5e16c6958eeecd67e072bc4e7100b629cf450932e026ef283d512c40c7a276 1640334388857 1640334443545 54688
befbb75d319b907f66368ab8b3014e16de7a9326c39f22852a4a1bd08bb7145f 1640334465630 1640334487893 22263
e8ebf7486d2dfb4008a3db364aab1b9c1679388467136ff2207e036a03da2e79 1640334546325 1640334569537 23212
eabf1cf4ea77f75b6baf2f3dda82bf136b10739ee01576e9c7a86fafebb439a8 1640334623099 1640334644748 21649
0ffc50e15286b93f184aa76e8a64509238a2213bb507fd3069a8c2a5e6b42435 1640334695443 1640334720798 25355
cc019e21200a682632c17dcb993bb6724f5119bf97b059d1d1e171b68635f223 1640334773824 1640334792459 18635
c9b08f1d51ea17411ac6992aa20c8c59e1bc2c4a0c3489acaf569ca30d93d6f7 1640334849641 1640334871001 21360
d1005685ff1af7ccbed7e681737cb39107fbc12a3df9ebeffdd5ca1f3f109e8c 1640334928333 1640334950968 22635
98f67e16235702bcab76ddb8f0afcd05472a77f1e382ec7defc5db42ce8dc8bd 1640335007850 1640335029564 21714
76fc8cd2d224476897b4324f4cf9b7152e824c69343c815087cdd9dc67dbf968 1640335084552 1640335107538 22986
20d25efd3fe9efa36aaf6d2f360253db9fab17265076e68a8e47a5c50a5bbe55 1640335164638 1640335215228 50590
b67ee4f55071bf924810bc55e0a558ceec1d09e63a0d3a65961af828cd5d1ad1 1640335251103 1640335300435 49332
3b11569a389f20c5767912b6b04fe1c2b167d611c2b64ef66e7c553cedbdb2c6 1640335323202 1640335365292 42090
19eccec0d578401fa9ce7f55582fab467a427e0b7f24898736e831cc953e966a 1640335404579 1640335434976 30397
2c02cbea391cad2efd59abca1a86995766c8c37a00aff04a47165d38ceabb9c3 1640335486077 1640335513205 27128
f2b5faec4a42db4c86235e02a8287a6a9d3c808818748ca57f7fad9117d3ff0f 1640335565459 1640335593417 27958
1731aecc9ae4545950ad14b28fb727f6b4011e801e5a283b9435f1bc5c51188a 1640335643691 1640335667260 23569
34a038d1fe57c38f673d8061ab02b1ba48e264c3b15a23d059f9f77b9a8543c7 1640335726758 1640335749820 23062
