65d6aead0a052c18b68d6719d8884fa332b1422b6793d0a19ad495c594c5f9fa 1640334253634 1640334260614 6980
aed0200dfec67428a19115b92ef52039f3fa5a974891f3a4ea756276a98eba6d 1640334311247 1640334320418 9171
46690a9a5fde82502a92953b9de6b08ebbb8c38b472b0e584cfa0f988a6cda76 1640334388824 1640334402966 14142
9de9e862af7bcb30b4746cdea47768a448ed0667d4653d51cf44180de018f979 1640334465597 1640334475072 9475
7210fc446b98ba1890f0d90a6fe0455e3797e0e4574dee1ca71c31d99dfbf572 1640334546289 1640334554678 8389
6bb46faaf21fefba2ad3ab837d5a511372d24ee623b7bf0e0d2e40f9266545bb 1640334623075 1640334634445 11370
b06d3e0c3e6e3ebea7b1424349ef82ff5b3a6740533e9340b7ec495eba65a5b3 1640334695409 1640334703661 8252
281d3a4e83905bfb6b58757b86ad9f726c6e36bc86520391897aa12dfe9dc9fa 1640334773793 1640334785451 11658
c897f3bae8986f4d154a7c432efc1849e5f33747e09d6a83523b9f930d435ce0 1640334849614 1640334862097 12483
abe7b0380dc485fda629ccdd33e9f90853d88a9b4087c4cf69c63533a7981f25 1640334928304 1640334938821 10517
eb87291d5600a12e7415be52f65fc258a2ad8c9366944d4ce9a40b2f8e7e213e 1640335007814 1640335020698 12884
b284d5303b55be72b9f71056cff520bba5db3c5b0019db735645e14fe5c9636d 1640335084519 1640335095214 10695
5e99349ab7420f70c18ce1fe9e728918b83f0a7216c32ca7977e3c84a1f013e3 1640335164608 1640335175780 11172
6044b9708d87ad7a65547a418aaf0fb0fa1237069bf2275b194d4621aff6fc26 1640335251067 1640335262930 11863
ba325fdbc2cc9ed943da5bff2cfbbb707e7e01cc060dba58ce892be56d4fa480 1640335323153 1640335333037 9884
64c626a2a40275852438745925c0c86a4c95467151a8bbebb8528932f7199c31 1640335404537 1640335416058 11521
0c02828061423a72a138b87b379e281da9ba884c3932e4a446a11d8665f7d1f6 1640335486050 1640335500183 14133
4eecd7640f2603abc97977ce2dfdb6a7538f648feba21a5b4bbc93ebf5e9b10d 1640335565428 1640335574087 8659
d55114be4ce498918a14db9c538c39efffdf66a8a281265195821ff34d0f6290 1640335643655 1640335652990 9335
c8c3a500b8484ba1c4d5869e855bbd9ad40c53302ce7ff2f4a229e8966524d4f 1640335726727 1640335736598 9871
