92a4baa54bfb4c1d57cf8a761af7f6536e01d6d8643bce7ef15c6e4bb16c5526 1640334253625 1640334257035 3410
b9c5d7624a5b4e0ab8bb3b4ab67feaa6c048f3319b566702c9e041eaa76a975c 1640334311235 1640334314486 3251
fd07963c39c0ea38207ba3c7ae9e3d20fe26d935b7f9cbaa073a8363d4e488d6 1640334388810 1640334393278 4468
11e447e9b3b84049bce297fc9fd728b71e02dd9be0c7e568027aedd23671326c 1640334465583 1640334469094 3511
141150c42b224facdedd1ba73fb0e4aa22009d5d805d7f775a84e890c68e8939 1640334546278 1640334554013 7735
1bcbc92bbd1dc95df3674c3cbb4bdd97c069d8e5f1e08a9e7ad07c434611a2e9 1640334623057 1640334625639 2582
b47a52e3c329a07ad414cc5bc8309e9ce3ed87d4b631762456df50f247010cb4 1640334695397 1640334698556 3159
39c80c32c31656b75b9a6e5b4cc25a8c306c9a78bbf1c38f386d0817df074b3c 1640334773779 1640334776675 2896
1dfa5a6ba28f1c737e6991a9b924683b48745b9e8b034468c63d6e34705f9eb8 1640334849599 1640334852192 2593
fe7de26f88e95f86f70eff7ce67144245e9973f978889c324f50526bde05e1f2 1640334928288 1640334931271 2983
94019238734a43d90122d41490973f4d20a17ddb981c470bba80801bf2218f13 1640335007801 1640335013513 5712
061f13449b4d99ba6187b836fba52109f7e60d933fe59d477775efadd2bf1327 1640335084506 1640335090653 6147
7215510938db44c3e254821c509f9f15951bb705f66658bffa1ebca09b84537d 1640335164591 1640335167789 3198
5f18caec36684d3d47a5a1ed832eed520ab40febb6bc0e66b09bbdd5f98a5d34 1640335251051 1640335253998 2947
102db9b9d27016fcd8540ed147bde06ba5efa2a72534c692e91aba1638512cc6 1640335323139 1640335325655 2516
af49b60f3e3e46561383abc59d66384362be0f813bf0c8552b029f61367fb1ea 1640335404522 1640335408496 3974
050646634d3ccdf4dd0359c53f2aa43a08c051124a6f5a7564df1e7244ee01ca 1640335486031 1640335487574 1543
e8b979af6be2ef4f374bdcd2f6f8a338e8f17178f55b804a64cdd395dd1848f6 1640335565413 1640335570580 5167
dffd47090fe4c4a5b6ae34362db46185ba2928b0c0b0bdf4d880d073e19f938f 1640335643641 1640335646091 2450
01cbe93485c039b59a0d60d7ef3bea7bcb451b1b3bfb0fde74342fff40d081b6 1640335726710 1640335729522 2812
