3a5e74d87ae0a5f3ad2c72bdef39a4d0da092c9398e576d6e021c0906b962d82 1640334253669 1640334280279 26610
adf18efa6a82b5be7dcb3c14c1451ca5d25239bfe2b9bb6f38576752d3eff569 1640334311272 1640334333178 21906
eec28e29816e21ce7c5c6692483607fa999daa525f1dd02cff0e60156d925818 1640334388864 1640334450429 61565
e50df62cdd3446bbed8f808a1d10984e1d8bf0adf10d4a4b1ca62a2927bac973 1640334465640 1640334512130 46490
52cdb1dd203678f98fc56982ef50e3a6ff761afbc45f0d71221216100d1d74ce 1640334546320 1640334565375 19055
fcd7127904aefff418cf4282dc14e6c49c263451be22a3f9fce1dfb24f8a0d75 1640334623104 1640334649249 26145
8ea70429dda221002d80069312a415bce589bd91b9ac68a2c312b0247cb24746 1640334695442 1640334715474 20032
27d92224992d74876e7d8ed0a788b790891c3428c862e32c17e27a4e5fdd9950 1640334773828 1640334791894 18066
f20f5cff6471e0ef65982e99f650a8a84e8e296ee12f9f422278c8698f131d54 1640334849646 1640334911461 61815
0b9f73fd3bb620bc1f6dbbbb903a65dab08d1b9f2c3cebbe8ca302facb1de7b0 1640334928339 1640334952567 24228
57acd900fee6b6e3380c7bccca8d376bb0bfcfd96b30fed30470a5a7fe1bc9b0 1640335007876 1640335056197 48321
9dfca56de9d8fcee55fe8e9323053530eea42da7b07c3cbdf3804844e624ff04 1640335084564 1640335110428 25864
e1d78eb58e7383d71ba08112e64be4b189c28e3d79ac2d683f47ab4f1c53d453 1640335164652 1640335225924 61272
16085e3ee9890749c465398594527981e55ffd63e1d4a461f9f2560ae928a718 1640335251104 1640335275055 23951
89d534144a1a49b0b5b6ba416c87531717bda270c5305b33e72315be73c0f2b4 1640335323195 1640335385178 61983
ecb9cfc996bc6f2e26e2bf0cf18988d774e30693e8784880e402f62ca01cce1e 1640335404578 1640335431499 26921
bb220240e0dba7e42fd723f8a236cdb04380669090f467b28aab876c7aa7a19e 1640335486087 1640335511803 25716
019af43392bef4ddd17a0d16590425e17aae15920f317c9bee0b52e38bc21bcc 1640335565467 1640335591726 26259
36e192a22d88e6fc91decf41c67b05200ecc8b1262c97897577fe8011ac21c45 1640335643698 1640335693407 49709
5f6fdac4f1995819f4f52af41fc63170750d60b6ea28bf32bac34fdc1aa083e2 1640335726761 1640335753041 26280
