95aa9b18b90a694fb1c0be6b226fadf41fb6a0a9a0b17fd82975930d34d209a1 1640334253637 1640334267502 13865
1ba98f522a37cda2d31cbee1d55a334babc6670af8ce561a42f3e99ad7d21319 1640334311251 1640334323985 12734
0965ef95e3e6b4955f0470fba44ed0654f9a2cd92dc713afa3a1242e34efb140 1640334388827 1640334406791 17964
5ec03df9ab8540546ec7efde675dc82a87872975a2586061406c745c5fc2bc12 1640334465600 1640334476324 10724
0dfadaba53db4cf12dbc897d960c67ef55a2c7494cbb4b081f0cdd81d6b296fd 1640334546293 1640334557265 10972
451fd72a6b0b954542dd8d6ace21196819cdcd4860052b0dfe48468c8bb95542 1640334623076 1640334633385 10309
1ace1888665a56e5e64d5e1cbc22457cb91d360b37102de99554a7c07b03103b 1640334695414 1640334705887 10473
bb223e167b69981898b906fc465aba0c59a2ab7eba56946f8c4445cbec668806 1640334773795 1640334784297 10502
9c19e66598622c023f18e09b126318e674dbc1a5ac6fb23ee1e318033818fe2c 1640334849614 1640334859741 10127
53756e69964ddf1e0b8f685e079aed1fa273a1eb85d11fa01fc676fe8447f396 1640334928303 1640334936898 8595
4c55cadaa3763e28e3702b3f2b5a7ed68cf2c6e3fef3fa3fa95590e1293c3de4 1640335007822 1640335023930 16108
d6370311acc0401b149641a14b73f0825146f8987a614e4191f69e5b25c7f69b 1640335084523 1640335096456 11933
792b855f73838628c41f82f1f8b5c4347e3dc2a69a7895106872ef0a48cb5e53 1640335164609 1640335175513 10904
9d4de3cb809264e01bb6e3d2b4f718f7b9701a4247db8904fe961e902d83833b 1640335251070 1640335261777 10707
3c16195253c4259281cc49338e0bc5c2d7624b39c90525254bcfceebe8a5ebd5 1640335323157 1640335337582 14425
5abb22e94164276358f617185e7eafdf3861d1716b324cbe69fee2bc94f47edb 1640335404544 1640335417853 13309
2d2a26ba220011b65ee353b2374d9d2ab0e754ac19f32e849c6bb67dc9df1860 1640335486050 1640335495771 9721
49dccccc7e650bff8793a0fa11b6ebf9ef34b92f4901894e4dac9926702665c3 1640335565431 1640335575986 10555
9c4236b4011cc6cce9a2541f26d9a245b03b9855f971659aa5e1ceef1b7027fc 1640335643662 1640335655483 11821
a221da0833378d9dbf5bc4cf6e8d9f02237f0d0f4b5547fe655d272eb46c6010 1640335726730 1640335737376 10646
