818a2bd1c38358589490e4ae108ffa3bf3d3e49686c9ce19d7be24ebb06c7274 1640334253674 1640334283553 29879
2a0a38e9b3cad33fc9f47a499eafcef0cf92b9d31d9a1039ceee5fbb52aff6ac 1640334311291 1640334355222 43931
6568b3cbdca7b5f0e998d6df4b78dcf35d2fd6ea49a08002960e80c39a1187b8 1640334388866 1640334441396 52530
5644226866b4a3b8eeeb021ce87d11bc023aebe9b0fde0df300b311668471378 1640334465653 1640334513469 47816
1979d710c923ada0867c1bdb66e07b54f6d12d6b6e0e513f9b17cd774c2208ca 1640334546333 1640334591244 44911
f1e2c02a871b1d3a405562e0f7c0b6163db7cfa64719efdd46eb148d700bfc5e 1640334623129 1640334673977 50848
c5ccbcd0d8c4ddf536212305e0ddb7f51cf84b51edd31da4d88a5365f15b7e83 1640334695458 1640334740525 45067
5cbeef671e3d0eb618d83e295c3ec07d80308e5b4ba6218d1468e5983944f290 1640334773843 1640334820622 46779
2823adec58c98fa91cf6da7706102205f294e4bf3615acc5ae61d39ab17ca1b3 1640334849675 1640334906220 56545
c370448261f2fe41631fdbb69d58ecbf280be9e0c3c303d5bfd48ae9d98f6455 1640334928354 1640334975069 46715
f09bb7b6ab45bd76c282aa501d7bdd88fbe1eedfe536c6d3b818844c0ca2b8e2 1640335007876 1640335070202 62326
8dd3aaf8f36293f44f21d0daef5de4c9e2b630f3ede5dce029d525184ebc38d2 1640335084574 1640335113801 29227
77704a1790fcc3d0d20e8852699f4151883edab23f98236ff3b31baedb6d1e95 1640335164654 1640335213597 48943
f8b4b1f74840b1ba1b4067ef3ffc6c02ec3dd65f1026972875c7eea5ffb12ca2 1640335251121 1640335305412 54291
4bf0b6bf856a726a8475af42f94e38d875c3e5b67572b01a025e9339144785d9 1640335323214 1640335374739 51525
fa71a63e72cf40efe2d9098ffae898cc71da7c05696796f9ea6790da5fce4c79 1640335404601 1640335454546 49945
1d1a50b999b7fea5ef2d092ca7a1e793f933ae12f262ce781c3a185f223ef299 1640335486107 1640335541934 55827
e5c0ca57824274e0e1d04ab25568e7a14a08a736587dbf5f5e00012d5a135a04 1640335565502 1640335608382 42880
0fc14909ba1612e1578a5fcaf177a446935a73edb41d64a91b83788c842fdbb3 1640335643716 1640335715381 71665
3b506394558117c1b993c5c1888fed48832b5d0d7170d6f799144dbe4410cb00 1640335726778 1640335778920 52142
