edbde80506d9cd5d3f41676d0a648a913702cd08248d31a1e262a968990f73ef 1640332877513 1640332886187 8674
ff80adf632e2fb9687b9ca543dde7a29ac149ce8855511108a4fb71a865a5433 1640332893728 1640332912256 18528
012b7fea2efc4af9dc96913e07caf6131c2be661e2a5fae2400627a35956c70c 1640332915973 1640332934049 18076
fbf5918e3b5a0c4500a5ddc1a84a248eb8073c410573bfa51e4d5cb64a979938 1640332938121 1640332950976 12855
f8afeba04eb11704c45cb8caf22364f3bffa953cfd1401fcc7dafca0f32223d5 1640332965268 1640332977289 12021
9b88c5f9d6ab0dda5d4dd3fd57b9c530394dbd2ec9e99618526490a1b5772664 1640332981946 1640333000704 18758
d6d83d731ae8d4ea350f94babffedd00cbabd4f24cd194c7d3b467bad3b77749 1640333003202 1640333015065 11863
af6729d36353a03732edced86000486f416c833390be68a87b8fbb3d94fffbed 1640333024661 1640333037320 12659
f52b42c601e2ab8dd185ed5f548b73ee0325116bae35d809146bc6c65a5e6d01 1640333047441 1640333060373 12932
d643666ebe4e6b78e5dd4a8a7f7ab41df4e4ba61854709dbc27baf77d662f245 1640333069025 1640333078674 9649
64ca39b557d664067f583246264e2b632d2071cd80d8bf2efbdc39d6ef33ad28 1640333091240 1640333108904 17664
e45be73404e2789055190316315e989c4aa79ee6569a48916620a7366554bb65 1640333114925 1640333126733 11808
fc6b3a7a0aec46b90d1337b2fb45a6a76f619538e4d21584c5fd03f8a4c3cd56 1640333135928 1640333145647 9719
fec7c8bf3235a7addf9b5864034740f40ecbc7c0f9ceae80c847bdce890e56c8 1640333157185 1640333175836 18651
bea432de31ec4150e7921b2d4bc4f861dbc0c5300815bd1bc9d3a181aefaa3bb 1640333180316 1640333192667 12351
aabbc98f42e5cec6c179db05395d93992e25028a1b3acaa6ffc8b1159dbc16bb 1640333201397 1640333211276 9879
facbe1d445aa287ee7e43a8170dce90af056694838c862e81a1e578b2f4a861e 1640333223182 1640333235466 12284
c465807f21ecffad9a903d4e17535d8c4050892c8f56bb9431ea630efcc1640d 1640333245467 1640333255592 10125
c687426deba0f898f4b3cd80912129665b3e5da01625608b5958ef420763e7e7 1640333267735 1640333280217 12482
a58df05ff3bdd649ddad6932e0f64b4feca9f7e3ab7bef5c13446e5da1237deb 1640333289534 1640333309292 19758
