ec6d17f62d8c1612deabc5a0500600b110f893662fd14307f21d2e988180ecac 1640332877498 1640332882845 5347
b8f9174c2e670ab315fe2781f977633265313551c8964f4e1bd1076806d5678e 1640332893711 1640332895796 2085
416decd364c0423e1accf6a4f9401df137dfc631df5dd3ccb522835a97627caa 1640332915952 1640332919274 3322
f4a379d0c0dba2258276b16147531950b24dee7e93aabf39faa45cecb950b64b 1640332938102 1640332941137 3035
152ffe134bc070681362fe17a05d5119f03046a565a7eeec82fb1c519104a93f 1640332965246 1640332968022 2776
bda324fa4da66adc24861545fbe3448a4e8f8e6b9632ced81f308e1be4ef71ba 1640332981930 1640332986969 5039
b74f198250c94d9f004727424d7f49894d21f688c93b3b5ce11fd753392c3487 1640333003184 1640333007320 4136
2df9f8c45234a892452922bff33c17ffe4a6f6e1d407db7e525162c2172d256f 1640333024643 1640333027742 3099
50faf4cc248fc02f26c1e8a1e8e7019d09e1df3f0772f84e501dcfbb3d10c9f4 1640333047423 1640333050708 3285
adbe73a452502885ffed133a8cf06ea6799b01b6614f502930922dd6946f4928 1640333069009 1640333073591 4582
d38eef0d035fd3e5e53de47a6cd51097dd1f00fa8f999b51834fb05291f8b781 1640333091221 1640333093807 2586
56bcbf56b707020062125c90b880fcac077018ad6f3cc32961e593469fb9ce3f 1640333114908 1640333119299 4391
19e7474aca9be57b2fe5aacd240b89b8635b9bdfec10fdb7623f1fe5035c945f 1640333135910 1640333138778 2868
de8215044db945800d324bccf2812681ff5d487267a7014fb8c7240143a26a32 1640333157164 1640333159471 2307
1631bb8028487f0ea93ff4d60fea86a9a754a6e37c9542864f456ccb5fce9fdd 1640333180296 1640333183422 3126
326343508f7863a655047fbb1166de2404c55e15a1d9ab272534cea4cdd1c9ec 1640333201378 1640333204287 2909
d3361e99f83887ab1bb85caa0f9b8e360acf9a680800dd18227553ec82884b6c 1640333223162 1640333228050 4888
ca85241783208e2588fff3f8a7bc6e7812f6959f6591a3ac2be56ea5fc8e2283 1640333245448 1640333248383 2935
44a5b7a8e745c7f93bf6b74d9351248465d1696824219b44ec927fb412856a35 1640333267716 1640333271305 3589
a0031b1b01bea9d948d5e48b6ca5d2c9727c1d2a200d452f61e7549f1864cfdf 1640333289515 1640333291870 2355
