956a76be0c1114de1333c0323031360b7e246a82e527725ed40fb906b6954c1b 1640332877511 1640332888291 10780
5a3e51e291caee30a2cb6c6acfed1375f4428bbab1e32b291662ea07a0d121d1 1640332893721 1640332901832 8111
8199651f015ec600e2dbc59a082601944a29329ed536a4ace1398c352b417542 1640332915963 1640332922956 6993
50cda13e2b1d748bdc859dfd52f9ee634ca5e6f5dfc196760e750d79354ad792 1640332938113 1640332948526 10413
98444f89554d0f1acfb0d2b1ad675c0067108c3d2cd39c4977a591cbbd359524 1640332965258 1640332974413 9155
194a20e036545122c832b675a5f371c01c1905a2c957f6b50bf85697dfcc97ff 1640332981940 1640332989351 7411
0d83f9b7a23b095795ea1376cd22de9c1c4979e7f823d498225f309bbf7057af 1640333003197 1640333013772 10575
1b1e047edbbf32884c649f52bc91439ce99ea45356918dd36251ad5948462ba3 1640333024656 1640333034914 10258
b1472b8685e1bed912931cb14d42c3ae9fd9e8c5d231a2e25d9ff4ef5af5b806 1640333047436 1640333057626 10190
c6ad6c52a4d9870313e960dcbf58fdce328b61baa153407d659ebe457e1bf0e7 1640333069020 1640333079730 10710
975816a1b70f5c64956dfaad39b203dd9294b482c25ccc02051ac90d4f790036 1640333091236 1640333100078 8842
961c1b0a0967b98d379bf826728dd78fb5e5f5edf21701d764d6c21673f25a19 1640333114920 1640333126721 11801
4a688e474be2cf1002d142eecde84e8e924d1bf875871b407f18e09005af5716 1640333135923 1640333144706 8783
6a81af1054a4f228ba2690782920acd828e2da5d06bbc28123fd6b7a15260b5e 1640333157180 1640333166774 9594
e8200802859727e6ca089538eae27cdc269ae758e2ecd2e725d485607f978d01 1640333180308 1640333190879 10571
0f7b141c61c5961ab99c8a98a5801258f517b4aa149c859b6d8500d8e0d79209 1640333201393 1640333214120 12727
3c8c47268bed1a7e52274b81e43c09f495718193907fd5fc27788ee95bf5e910 1640333223176 1640333232396 9220
32ddb5f955bfdcb40c134a9cf7468ba1666005f64d564c4f708747884f3d5f02 1640333245464 1640333254364 8900
ef07113161e4e0c99161b1704191aa86284e319a0b7bf1e357473720eb50491a 1640333267727 1640333277902 10175
6d70a720a3327757b2a2040059c6451f7a9294243da124df234ddb679bb40a2e 1640333289528 1640333299460 9932
