5e561758744307ec04f6f44ea3fd8884172d58fc264fdbb90728607f775d9cc0 1640332877512 1640332887664 10152
0c0318cb6f1d3850efaea8b71818902a00ef8bca2e62ec2d5b05dbc0714cd2d6 1640332893729 1640332911044 17315
bede76c98c02d122867f9da265a71e8c34bea4d5066033e94bb4162a44de22d1 1640332915967 1640332933832 17865
afc9d57a7b72f2f6c39e2ef271ede4a8bb8bf64dd0802e53031f6566f379cc49 1640332938120 1640332951291 13171
c3faa0c396bd8b7816b09034c5c62f2bc3ba66961c5c2d4d959744c7d401e1ac 1640332965268 1640332978755 13487
3e0c92a3f01e296ad21413cdb9d4489083ba5e18ed5a9e7bb79276adf60fa8f2 1640332981951 1640332994851 12900
39474e6f835e25cd51d552b0f64e3de440c52c889c46a8f99a2a0ef1acb3c082 1640333003202 1640333015123 11921
5a412ff1ac7505fb630798ac99da27a5bd470c008173c6774e78fefa93f2010b 1640333024659 1640333036307 11648
a12a7b8313f930277bc3e48855f22029641ead8f6df952113e97c50507e018fc 1640333047443 1640333060907 13464
76711c54ab722ff0ce43a4a307f8665477351180582987dfa74feb20dd834c97 1640333069024 1640333081893 12869
7467dab3103a5b941de3cb561c30c6c52ec7fe16cf02cf9b51fdaa943f9092fe 1640333091246 1640333110782 19536
56480e0fb38b6b879b12ebc2d5503c59aee86bec961ed31594728a9a00d486eb 1640333114926 1640333128469 13543
14760866ee4959da90bdb9aa7b024346a79367c032f18330e2049e2e95588820 1640333135926 1640333145877 9951
6e1488c48304ef1d57284a4f3c9046c41b7885eb2f7c44e0348cfc6aca0cd20d 1640333157187 1640333176646 19459
1e6c7b86e9ebcdb8ccf14c91f3b24a95ef341b65543290d2f4fdc724c98b7096 1640333180320 1640333193658 13338
e054bb72eb2c8a42473703f0c7df03b7ea74a4badb3fdc65c3cd6a4e5195674f 1640333201396 1640333212298 10902
8178a535433515807155ef5bf89655762a90ac31c3af3795d3cdb90892100af3 1640333223180 1640333235446 12266
e6c4d5948dfad51052fd370fce8790c4c263ced227f177f98f631bd585ea8bac 1640333245468 1640333258463 12995
4b76bd9d0f8167501f1bf51e129568420df178501e636f02cbe3e075fc16ef65 1640333267736 1640333280409 12673
88bef39e2f98ba8885823d8459f8b4478e42c901262ac4df277d20167544b818 1640333289534 1640333300502 10968
