2b5e376b98a465558b46c193b5e4f5c762c07c958d97b8cd730b70c18fc2eee5 1640376999380 1640377004140 4760
930c9927f9c8818b84253d0eebc88e3abc386e588a6b00feea13f6994d79d29c 1640377014885 1640377019583 4698
0f597a025bdf9b1ee7b5b3be0ec6fb65e5289c5aecb2dfbe23fdc69d488814da 1640377031369 1640377033200 1831
8235f003259d7e0893e9a3f9739dba9b2756af4ee8e567c09517135793224af4 1640377047627 1640377050898 3271
fe7d2b757a9e18fd7062e19334660efd80b149c58e7984fe12c6241ad546707b 1640377063924 1640377070006 6082
3504a4e55681719066aee606658572cecce4cd3800543a78df2f38b42eac3df3 1640377080104 1640377084779 4675
ea95bdb884204366a87c72309153c3323cebd7b9d88be3c2d513f591c8c4c05c 1640377096414 1640377098334 1920
2bc6ebd968f4f8407acef6865eada47f351f0ae4ab4a81c99b553e36f8955264 1640377112677 1640377121695 9018
f95204be961d5665fd2ce077c5c94257df34dcf69e903cd9c88226b77f0a5112 1640377129035 1640377132326 3291
002b1b1f780ed64718ddae4651d79305960382df5004690b63a47b2352c3dd3b 1640377145237 1640377152771 7534
65cff0aefde9859add2af71cb167029839e17d453aef093cd1077ad1835cee22 1640377161699 1640377169340 7641
1cc1cac16f68af303b1943159571566e37e1e55d5594d6d4cfb42a90a5bf2fd0 1640377178276 1640377190160 11884
9e33a86e9a8ce380309a326fcb00302120fe69b9533025382452b5e4402da879 1640377194719 1640377196552 1833
a6be0620c476a16897a332ccfa072527c73feb32c454d275b0e46a3a012a2f34 1640377211255 1640377220217 8962
63b5fc9dd0ae95db60452f910dbc537a0dd94de55e962d61939d420d7b13d03a 1640377227547 1640377233689 6142
c56cf133a6feac6653db610b7eee8fee5306108c42b50cc1d6aba18bae9b706a 1640377244126 1640377250301 6175
1d49d7e0688cd5376021c2ee3eb9fcaa37060b6345f32ebcd995e1a925fc2174 1640377260717 1640377265473 4756
2a6cb7ba17f8a6c8950c4f65c8036ba532e4778c0a7c24665eaf04ba780e1fa8 1640377277218 1640377280422 3204
582d3b0d1cd3e40caf4b6b3e119aeddfc047807e4e8e657eb41eb40a4f6be12d 1640377293461 1640377305230 11769
c5abb9ac4ebc41d831d1e5465736907d734cc442144516c71d71ab64e6cee8f1 1640377309869 1640377318808 8939
