342a7bf8be737b5f67c673d32f6898c4be5346020bd7eb74382035b589aa00c5 1652085961438 1652085962174 736
3df2026f41d17e67b60437c68834fbc05cf56bd6552db8da0405293fe9cd046c 1652085970051 1652085970820 769
174af530d41eb6547a1084169f42bc4a5a062a9c10ef41450f102c77d22b4351 1652085978691 1652085979468 777
1df4696619226be550118ba1501b29d490316066809c95c43355471b50f3423d 1652085987679 1652085988427 748
9c0076636b6c1c5f4b30da2d9f8541e02f1382f1a15c17a955eab84dd1b6b973 1652085996166 1652085996825 659
e555ae3ea8bcd47410d0b96bd48dc46e2b00c4cf67354a386b26aa7038d28925 1652086005091 1652086005769 678
7cd30475ea1d173f5c2c059ee815d4665a2f975f62264561f920e4ed55ba95f3 1652086014289 1652086014985 696
f2ce8604e18f2ca6c74d80e699328d2166c1f5c7aa501804e75d8f9a74d4d570 1652086023076 1652086023765 689
3d22547cfa34b04fbf68423e0a30adff03e5812f49571dd51cec36427e4edc7d 1652086031835 1652086032523 688
8bb207cea6e39deb8fe72ce719908c0e7bcca6e597fa2f2739baa05edfb3af84 1652086040452 1652086041240 788
