783772cf0522a8477700b1827a27a7be68551727d599a17eb05649556811d9ce 1652085961453 1652085962161 708
af0b5196b32e4020db15422cd2fad1f5536b38667423334602bff37db8f470d5 1652085970070 1652085970836 766
3845b825dc781be55f8a2bb7648de0b6edd55521a6b147b318aa579ff79974db 1652085978704 1652085979464 760
7ba0a24964af7af93fd4df1eda8bf8b262ed36dc1a5ef33cb900d667857a7e30 1652085987694 1652085988435 741
b2139cc8afadb931b551ea6d653c0f5af2d79d2c34d3518ecf793fd6899bfd9b 1652085996188 1652085996880 692
a6c73efc51a8a6dcff016d036815bb386ac41b4e97b97fa6a622bd297c462dea 1652086005106 1652086005834 728
74349f18b1d39ae575ce1847efa5082681221f10f39f8c4cd968f4a12ee694b8 1652086014305 1652086015081 776
009739044d0e8ec11dbf5bd958491adf98a35f980dd7f868b099f01e3e01a013 1652086023098 1652086023884 786
658eb734af8b082beba72d6d405c4c6ba7b5f64dec1c0ffb4666a51419d54cce 1652086031853 1652086032605 752
a5b6548e392e254a491db960be2f12fd13717304a14bb4eeb3a4402715569f60 1652086040468 1652086041253 785
