f6ac7407449f111dfd4727c301737291bcfadbd729acbaa2168eacdc07f15822 1652085961441 1652085962169 728
40bd3a405834b1fa8170c834af6010f68f6ace0988f1c56749411a2d53a9e9db 1652085970054 1652085970754 700
c18acbbe2165545ef1fb26c23f0704c46d09306f98707d778281c52964b9bb51 1652085978694 1652085979454 760
d6f3bcce507169f2008b924dbbf67cdae568597e90a5b686bd11817198eeb8ac 1652085987682 1652085988451 769
370f5871a61dc09be4821e7e81577b61d4f048a32e02462f9e528aaed2280a4f 1652085996169 1652085996926 757
792effa0c3b58e4869edd85c98b3dd4a50f506cb76a57a69c5b603bb5d0b18ee 1652086005094 1652086005857 763
4715a19db0433555119aacc643d3b59305fb42f8cad7b7ae3ec79744a66acb83 1652086014293 1652086015092 799
50ba16b1b0c08fbeebb1e3c0b80c6e58300896a12f7410270647d74956d96b0e 1652086023080 1652086023878 798
8f699d9d77e7433994e7ae28a53cf46c70a9b2a466b3d4ad5cf37b498ab62161 1652086031839 1652086032582 743
47ac4d1ecd20cbd33d1b5e2a1228e5a37eddfe9ef7d58d6b08198919d3f5cc0d 1652086040455 1652086041246 791
