bd056c60952e3227fe0e27935e8a8586a7afce9469979d2da4e6af1a6ab78eca 1652085961447 1652085962177 730
d51c6624ec20fd53ee8dd3f6457a7fb229bb1c444fc55f939f029491d8b505df 1652085970063 1652085970773 710
b03a266291fa7d023930c373867f61796195df5fd3c90b5127817e5483dfecbc 1652085978699 1652085979468 769
c28e64aa4c2cba73bd09e40bc57c339ed75167722373972b05c714cb978b1c82 1652085987688 1652085988374 686
a7a3ded2dff3e8c652ec7dec95f61a308624207068ea6245b858dbcc181c6b40 1652085996176 1652085996896 720
a2cb885cd37ed34a989bbdaaa32173f83a6c0687d34c9d138db263abb34e1514 1652086005099 1652086005852 753
4d828779802799ebaafb43a9e334e727f6f3e640bbfa4ce129e31bd3873aaaa2 1652086014297 1652086015080 783
544b79034b706dc030a07c69556e92c7d391bdacfd03c0f8a67cab6ce0e1a3d2 1652086023085 1652086023864 779
a3384781395b53c27b740a6cd49ffbef9c0688dee0a382a267221491da811167 1652086031845 1652086032610 765
5c7e044b690aab5cde020db97176daf3b0da99ee7ffdf1cde591cafeef738463 1652086040460 1652086041158 698
