2ff34b5e4dd8970d2c62e3d34d1334fea1fff24fa45dd2bc118a157db226e2da 1652085961445 1652085962056 611
95ca5af93a497bd9a9df7a4606823ddbc86f04e77197065e2e0939c4d2abe1aa 1652085970063 1652085970742 679
775d2259e7b491738b1bd4e073c518ddc34f7f45776219f7aeac8b7171985c42 1652085978697 1652085979431 734
4e7996b57c13c0c1951d1ba82213bb81bf1ed5cffaff908d8b0dd90952e399de 1652085987686 1652085988437 751
9a93117bd0a667a805c7226590057e11dd7e1ed18f90980f1a9759a8f870c827 1652085996175 1652085996905 730
d8922013460c7d222286354ee6e0a2d1991bb3a4ddacc0da95b6543ccb71f747 1652086005098 1652086005840 742
a93c23fd2eeb11b537922959b6a9b14856086c709a36590b0fc30615b2191c39 1652086014296 1652086015058 762
95b9b8ce2fc9c54096ed678552cc14d47e73f82d704c9973c0ac576346131088 1652086023085 1652086023881 796
0e8ca3b3f9fc558ca9b577f2bea59cfd6c7a0eb1ef31628a0745ed9d7c9b32ee 1652086031843 1652086032576 733
c065e1958f56be7b7f644963160cab10da65eeff20c297c37818a94a4d3aa5d8 1652086040459 1652086041246 787
