c7708b8759a4ad87aaf9ac331d17012d024aff4b5c3387d5e73d313c14afe31b 1640703745226 1640703746777 1551
e6d5b8844638b4d961d5234ed6b76c00149af76653a12a9452ddf586cad4037f 1640703873813 1640703874940 1127
1aaa1307d933d5bf371238a58c2410aca1a61e0db046b3df3efb7627b80567fc 1640704002947 1640704003624 677
999137508faba271fe49367c72f392d9b78056bd378a4a22d5b7bd3f1e1ec421 1640704131880 1640704134281 2401
a77bf2411ea821e5d865e03fccd9f3a17cfb7d39f355d400e23e2fbbeebc55ea 1640704260174 1640704261416 1242
3a513e004aac831b30386834244c594c09ba58477c1dff776f83399d309f85d9 1640704388427 1640704389378 951
d00108b771e6aca63c19104bd0f1b45b5be860ba2e25dac229877fc040c9646b 1640704516882 1640704517967 1085
1f6cc616b5aed8e939741ea3c6c0e2448cc79f0d03da91ee7387e4c1c6f0f2ff 1640704645637 1640704647495 1858
a84ef0b6ebbf752c901cff6ba59d8db21b4e4ddc69aa43a2af1765906c1f9137 1640704773990 1640704775097 1107
e94e8c5a147d5215d50885688ff6b32924a82bb488b02ae2ba91ef92646fd72c 1640704902424 1640704903635 1211
f4071b3ee94c18fe875bdc2841c8eaaa485294bbe71993d3e98c822050153113 1640705031614 1640705033053 1439
76ed8391c311312a36058366a55ee621f3454d81f50f3b2225876f0963a8120b 1640705160981 1640705162603 1622
157e682870a4224ed6f32733a6b0103a1bacf77b013f1a9a8637ead441134bd6 1640705290202 1640705291517 1315
719869ae96063c365148c1db56c7f3dece74995bb6ba479acc04298d7fdce4cc 1640705418443 1640705419190 747
27a5fd29408c3331d1bbbe6252a491bdc9de24e0afb32a83d15b9ce9b90fa17a 1640705546740 1640705547629 889
6378b4d60c93bd4d98c612adbf94c748a630292ec6e085c1d83a019ada8b5f45 1640705674747 1640705675986 1239
14f348a394a86b67b52b2c5aa99cd9a14167e170ecacd9b29f94f77b9b3ff3e0 1640705804080 1640705805229 1149
5c5fccf9ce45cfd3233b10504a6d19812964c8e8ff6f9051f45a31c21ffcd1d5 1640705933296 1640705934590 1294
5490ddb67f883674d38327dd357e49f3d908f59f17b7f72c483247fa0bccb566 1640706061174 1640706062248 1074
735aed88205ddc371b2b4eb894cd1a32758ebf151b70d4893a20d63bc929a4c9 1640706189851 1640706190998 1147
