5883666b7b19c5778a08f7422fce58efbb776088258dd1489d58fabc851ed5e1 1640703745284 1640703753613 8329
96299f89dad2973f6e9b40ce29000a3f48b1b0e629005ee8417d6b118ecafd99 1640703873880 1640703881912 8032
4537ff12bf864b535ba7ce9026068edad16f95ddd87143b3e5169920618c277d 1640704003024 1640704010881 7857
7a07bd29522ddc9dfe138c3e1e695b120e4e7b9d6572fcc31b6a5e03512e4f7e 1640704131942 1640704138344 6402
4f5985f186a5ed3e08756247d8239cc61d8010b13fa9f60939d3f78d4d9f0e74 1640704260245 1640704263415 3170
4949c83e73bc0b97e949cc984d29ed7781254bc45a174b1a989e6014355857f5 1640704388500 1640704395670 7170
b35a6b536f776ca2d8132c8a2f0adaa4e45fbaf621d43a968452501088f6e8c1 1640704516954 1640704524388 7434
613fc06f212ae6d4c25241e2464b1081ed8ea3c12114fd50c10370fb1a08b119 1640704645715 1640704653366 7651
9cae8df44b371580e78294f60807e84a3a6288738b837106b6db79d61b2eee26 1640704774073 1640704780692 6619
3571b8e69cd1b2d3f0b8523000dab28fac5286e5c2519c51337cc320388653f8 1640704902521 1640704910103 7582
06023820730c20010bbeb2784c4de05cc14ff9073ae11c68cff87d647f47ceaf 1640705031706 1640705039467 7761
4262ccea121d98e44e7df633aab4cfeb6c25564820b3ff72ed31d748cb109c76 1640705161075 1640705169142 8067
2cff256210b0431c8387e2f18078e099b3af5e1c7da9495350ef933f413372b0 1640705290285 1640705297357 7072
08c1bdbb557eba793c19c94211a2781710994094c78d367374922b1d0cc9a2c1 1640705418526 1640705423520 4994
e3cf10226e072452288c468ac30d74a9da5de2a5809897442138e4223fb454d9 1640705546848 1640705554331 7483
d51ca75f3db47fce0be4db0a48b66bc9cfa41f16b0d1b96613868f248bfd6ce5 1640705674844 1640705682436 7592
948f99c0b22f51bcb8de04abdc8815a3a241952435964d33e8ef3dc0eece8cd4 1640705804229 1640705812310 8081
cb2a140b057a094874503e1023bb2325239dfe1bf3e61e0798fae8fe7570d48e 1640705933419 1640705940435 7016
2a19416c580f8ebbd5f789dce1278145062a8a3e17a69e3bd3a29bf9e691329e 1640706061298 1640706068849 7551
8b5f67e29e66064d91377f8010ffb655566e0f7613a236df9c30569cc3b08cad 1640706189952 1640706197154 7202
