24befadd6606a2357359a863b71a7c2a0fbe313bc4c7fd5171939ea98dccb122 1640703745249 1640703750199 4950
607077177ddccb2e4f0ad13b063b54eb8dfb81724ef4a02a99464a5e0c388ded 1640703873839 1640703880501 6662
7f144ee27073d2b6b3466a98bccf3f4fb83e9a2330fa94144241cfd6df0c1d2c 1640704002978 1640704008139 5161
0939b5aea29bce0608756f6f3c5831a8e693a21abb042debe41ac70aa10a76de 1640704131908 1640704137033 5125
530ff1e1d080e66d7266599570fca39ade37828f333e7dfde2c745054c2ca0dd 1640704260202 1640704263976 3774
59a67ca1b15b3d0680fe185bab95a78b4ffe7e113269900ffa054a77407f21d4 1640704388457 1640704391514 3057
03f3157aedc150f031afeb46d34ddb744aabfdda34cbadeea1be587e29855667 1640704516911 1640704522743 5832
91e77fe59f0524fad17104501b6e7018ac0fcad051de6bde1ff605337fe02ab8 1640704645667 1640704651176 5509
fc0457556ca1ade258d6abd42009809bba56c2f558244a27dcd394969512e32c 1640704774024 1640704779115 5091
4a1e395fd7b1908c2894ab101f33a59fdd1cbacb82a23cc7ce870959c5f93bfc 1640704902458 1640704907152 4694
d713857408ca0d3e09a9c470c764fa24be4cbddbca583190449c90414774aa96 1640705031650 1640705037255 5605
33f1ae60477fe8845a2aeebd6bb184e3982b9f11f319d2ec9b988a827abb683c 1640705161019 1640705166443 5424
844957bccf04dcdc2a95d9105c394f8f3d4aca428a40b9c5884ec2e9b424aa05 1640705290236 1640705295278 5042
cb0a6cf51883c34b28214f8ef70f2fdd1d30f80fc41dd54c4ae1656527072b74 1640705418476 1640705422766 4290
5fba1e5252ef6a9e9620034760504f51a41392d14c9673745235a798c561dc1d 1640705546776 1640705551381 4605
965cbc9bc0570175462428dd75e7935d5ba6127e56def93a5768842584f8f21a 1640705674783 1640705679872 5089
75db4385f4e1528fc1e1fa3b6ee6ea7153061c70417b0296af4b5e0c0e2e5d79 1640705804121 1640705810952 6831
fa09ba39432b5a57a6115b4ebba599d09c02550b5dde3b341978c69228d61cb3 1640705933336 1640705939289 5953
b32f9cd8aedcc72a8d25d5cde21308e6ead9ae205d36568eca2bd29d9b21f2f2 1640706061217 1640706065827 4610
ebc8b74a8f3e620f9a5ae233c42a781dc4cbbb5b610657dd8b949a2fe1cc2c51 1640706189889 1640706195232 5343
