fbe1aec2c4c9402744951f3bf4b0c70234fdf7cb2faf5ec16fa3096e7a59d1be 1640703745280 1640703752919 7639
1e86bc237e29dda49489ad27b58fd308221adf8e526f45fcd18f3bf95b83034b 1640703873877 1640703875781 1904
d8c115eb4bcd98b89717c4756cd9d17241eccd9f6694db36b8f3fe110839b79f 1640704003021 1640704011111 8090
9a1538262bc64e4b6327bb55a619db774ee2215caac28045ae9e846dc793c1eb 1640704131941 1640704139071 7130
51c68d81983b6c87e02e6b0d7dd391af2cb8f7cdc40f82684b5b505a8ee4e87f 1640704260242 1640704267110 6868
b99e241a8d85e2a733363b421b3ddf08b5bb9b8471dea992b437e0bf54a7cdfa 1640704388502 1640704395848 7346
203002bdd7163c79fe01fecb16f381e5e4a6e56be4f039db8edbf75b1d5d88af 1640704516951 1640704524229 7278
818bd73543851433927497cfcaa74d8e7ae02cf100e4f54fd2b31cf19d23e38f 1640704645708 1640704652744 7036
4e8af30f0870ec83a9fb6da522dc07933f35ab2cc5a454cbe9af0983678c4eb1 1640704774068 1640704778829 4761
c326c9ba6d392c8224424a295fefc90a849a7c7ecdee0a674e398e451b0f71b9 1640704902515 1640704910741 8226
26e7799daa9b6aa0b4ddfe46ab495c97db7530cdbc6423e72c4823c13e06d71f 1640705031697 1640705040099 8402
11c16a7a612310fc9950a95361e9e88326b9cc6825969c2e1807e433cccf1b4e 1640705161063 1640705168699 7636
30a0f199818275508f6c7509a71a6f4f9d92b0fff04cff5a5fe0e8cacdfa02ba 1640705290280 1640705297237 6957
755cbe45d42b914d6b8f02883bc8eaa2dc55587771213b23c60fda807c136572 1640705418525 1640705425037 6512
fbab685d034a92a28b0d985ccb79ad5a2a58e5e9837a75d19b3bb6ae6ce852a3 1640705546830 1640705554013 7183
d4c86b2ea892830dc30fe68cfb4144c9344cb6913b937bcc9c1f7f1364fb0000 1640705674837 1640705682075 7238
934b3180d5740ea0880c704ef3ebf2caffd6be8d0d8054f340a6fdbc8cd7d9fc 1640705804212 1640705812232 8020
834124967b11ddc47d9cafcc82a98943b94a891ecb9875f09af48e9901d50c12 1640705933393 1640705940435 7042
3fe09aad3c39feaad64f34cce68112802a8bd562de327ad79ac8461dea8cde20 1640706061292 1640706069023 7731
bceb7f0aba20dad16f78e5ac78602c75c47c9f848e3df20d5faa29fac92b6bbb 1640706189944 1640706197130 7186
