5011fadd7302b55beb38e911e71a7655831cc8dab82d0de984432981ddb78db5 1640703745292 1640703753639 8347
9bb132f51fc3c1da2bb288d8b7510da3279284a3d1966d51be9fe0df23c2be98 1640703873893 1640703881731 7838
a0d0c10737f854b084b50810f71d5d8f4e849312ce2e3dd57ac64f25d9b91ef5 1640704003030 1640704011151 8121
2b1cefb241a9c55d582f68f2dd3dba2211b88b84b131b477dc92287620a35e96 1640704131953 1640704138805 6852
4181d7f25404c0baf99531ba112f8de65cc36c2c6053a82ce70ddd8386ce3fb4 1640704260249 1640704267550 7301
7c8ecf0a6debb919713812a0595f278bf632e04dd60953fa669bc851b0938303 1640704388509 1640704395742 7233
bc449010b9a008dccf4e1c597e87c47edea6e855d562da2c97aec3f9056adb08 1640704516965 1640704524441 7476
4963ad0f8066cba4c2ca276bec9167a3566699bf72d4418ef8f4b6d21840d360 1640704645726 1640704652620 6894
f5d00fb22f0d4e8e3b082a6e9a155fe228c8b5ee09cbd875a3aefb70f283ca64 1640704774088 1640704781651 7563
b8fd89798d739a939d181f6605a5493325d0bf832bee142303f8d4098d1b992d 1640704902547 1640704910435 7888
2d46763121fb03e5f1964f4b31408246c5fac8f6bb7fd7f202f95c785c05656f 1640705031721 1640705039496 7775
adf0edc24550c56c4c3565f61da9aefe6a65057eab22524000b0bc47a0ea878b 1640705161070 1640705168536 7466
704e25f04a1a0da204819da04f408cb399977522b3637abce10ad2be17730b8e 1640705290291 1640705297442 7151
c25088ff5d7870e66c3f5300bfaef3ee6501005f5c6cb4ac15922db88d94a495 1640705418536 1640705425169 6633
73c17098a0551accb6a38c6eaeb4ccae068e55f30813567c5c6967a9763b3e3a 1640705546886 1640705554394 7508
e77fe80e4bb77190a5d73939c5966d093b0f3469c3b9dba599178450e0a37d9c 1640705674873 1640705682062 7189
dd8f5d321b54375bc90b8a9e68747d068ea02bf8aa30f7e3077006b7e3d3cfc9 1640705804248 1640705812309 8061
d5fef1c9e4d32226e83c1b4160ac5a53b7bff5178a6b7c4719917503e6c2a738 1640705933441 1640705940289 6848
b421a1c5de0ff30b208822c55bf124078320efce5789065f1ad5a4af3baca8a8 1640706061316 1640706069118 7802
94a5c0f2b31e47e82a54f96db2be096f85e84084d8cef0e43a7957fcde88ad73 1640706190002 1640706197499 7497
