dfbd769d48d1a08e0f0521a1b42796466ebecb99eb72c1a287883c96d4d8fac2 1640703745236 1640703748119 2883
0a640f699bccd882bd908dbd6ae269117db18b259d815c6224e3b5ae04e219e5 1640703873821 1640703876159 2338
71549132df2c7776e299c9b0b5eb494afd1bbecc2539ca6009dfe3fde69fb16f 1640704002958 1640704005335 2377
6d690c693f7fdf5adc42fc95b332662c7de55fcdf4efd5c049cb6d5c65e99ac8 1640704131891 1640704134315 2424
b4453823b7e4458ab6297d48a0f2c5a39f19f1251a4b0ed375b46472a7b6905e 1640704260184 1640704262786 2602
f76f77050162419d45b3edb0bfd1a59d2c7bdd1cc22c3989a6d7d4caa3fa49e6 1640704388439 1640704393962 5523
a36c8da04326ed863c380e0efea15ffd8e75ffd1429fce7b1704e8c1ac425258 1640704516894 1640704519978 3084
8e207b0c5429bf26513cd5bf7849eea7e936f4d8e7ebff561d844b33183f766c 1640704645648 1640704648014 2366
6dfdb3e986e4725f7ad1fab1c68434d69e22e1686979e056a3291a21500a2d02 1640704774004 1640704776349 2345
9fa1b75e512fdce38ce9b7c088c87d2d6fa408ad18473153cc4d4ec5dd6412c2 1640704902437 1640704904824 2387
3ad962ae8481a7cd09586d2023a91aa829fb0fa2ff1d1561cd8ca54f5dfb2310 1640705031626 1640705034775 3149
e61853df083c2255a378303bb42accfd8745f697ca07005ed92953b487fcbc09 1640705160992 1640705164684 3692
e8899a0d8759f6212b417e7f305be5e0eb633a23767fa03023141951b5d66c6d 1640705290213 1640705292988 2775
fbbf0cee8ea6ca392de8f939cc6302d1d395dc871352f7f1912abe4c5456263e 1640705418456 1640705420945 2489
05506819f4432410ca46e490dd900c8e841dbf75368242520c844dd3c40a7cc0 1640705546754 1640705549053 2299
ae8f3992f817c74d25d05154c46ea39c3e62846fdc9e631b993ed8d80f875505 1640705674761 1640705677366 2605
33c59a6558e12c2ca941a083fed0be92e3d98ed9ecc68e7b7fc82d05cbba1d50 1640705804095 1640705805896 1801
687bc5acc3ff15883feaff567a7382d5c5d071da0763c41129b3659000ca79e7 1640705933310 1640705935603 2293
e7c70beddf51b8ebd526d04b638b9822ac0bf4fde9606bebc4d2f386afc97db9 1640706061191 1640706063379 2188
c832cf4eb55dec5d805f78dbaa28cca7626010e738e8a5b5a5276fd626d2af88 1640706189866 1640706192575 2709
