d8a8f57af05b83af75d85aa2664590870cc3c48acfebc0386f7e52d3f5db9ff8 1640703745285 1640703752603 7318
ce662b67368f643f65d17b1dbf924ec2294ea7e803462a507467f3c535f19952 1640703873881 1640703881548 7667
65618bbc43a3e87c5dcf55b018574235bc2f57534275b7b4ecc4c3c4aa10158b 1640704003024 1640704011054 8030
2ac8382f5f36b24b11743695d9aa1fc1d66fec69945c7a632ad1cdcc11153466 1640704131944 1640704138592 6648
ca99bb026329d555e85673bc4624f2baa1bcb9544899572af140b220728fe0bb 1640704260246 1640704267488 7242
4da587de13393a2100d5639b5e924356b4c087d5d055a6514f7060b65d2c3e92 1640704388500 1640704395878 7378
ca616a31141cd13d22e84c53bc185a7767a9a60df5b7fb0b6bf504fe2c98612f 1640704516955 1640704524789 7834
42d641b75454f802d14ce4cffbf64f3a37657b39f08a48fe3bad3882caaa7a87 1640704645715 1640704652818 7103
1660c92fe8db3cc18df1d75ecfe3f0ac90d57db93af2b2eced1cb8dced0eb37a 1640704774073 1640704780814 6741
c427168783b8da62c2588054161639382b8aa953ea8f6559efb7dc1fba12d21d 1640704902522 1640704910352 7830
cf0affe6d88beb74395895f5a1b941c27eccf22634d5f6b3bcb623e56bfb27e0 1640705031707 1640705039694 7987
a8e82b5de00cb1d4da4aa8d79ed5315a25c26c41b280c1e1410b34b3909c8c9f 1640705161064 1640705168618 7554
ac32aa949775c0bc4111ad821a743d870146d3904843d1f0e38ba0610ab86741 1640705290286 1640705297285 6999
331e413e4e076204f9bc8fb3f5616e505d0309d81b56eccc60ffc343c38dd912 1640705418526 1640705425101 6575
8037e4e2cc352aca7a52905043334226b8377b9168d2fb7987430c5745f5173b 1640705546856 1640705553810 6954
bb5ea567e53202f5523585f1a3e5bd6dc52fb3c7456b75be592ba101a9769b4b 1640705674839 1640705681903 7064
604cbf01ecec9417cf4e19d7427768aa9d81e27b1e9dccb49f0d7b0cae878c7c 1640705804222 1640705811679 7457
2bd14375ec9e6d66ade617ce5a5c35c440996b76850b6f824fe88637cd77f00c 1640705933425 1640705940398 6973
ed474f5cf11efa41c0404cd0a6112e8c6669cd984993983e7c952b17d15c93e3 1640706061300 1640706068892 7592
242892599a4882bac5032d8a29316ac8b158ecb117970b8d077efbdff63471e5 1640706189954 1640706197197 7243
