bf738bddccaa28e4877e81e49bd6e4166f09fa5c6e1dc7e0bd94af3123058058 1640703745253 1640703750146 4893
ae0c90f435e418f5bf4f06cd25813e6ac5fc545bec17d0b8970250f28a3ebf5e 1640703873843 1640703878135 4292
532a7d7f1ee99c827cb55b70b26efa73a82d57e27111da9044d6b6365778d0aa 1640704002980 1640704008433 5453
4c89ca437c2de52caeb64bc22d249de78194e32a2b4ee0878f02f8aa25b10f05 1640704131913 1640704138002 6089
cc1a20e92cfa588301bccf32207ce20f20c5c989deb8da96b40be105e0b26ccf 1640704260208 1640704262922 2714
0e1a46379b97a5f0ebbf210c6a63c9c4c936a696476640e16daaed494833a669 1640704388463 1640704392049 3586
1963a3e8ebd31688f49480fcf3a7b8c908def7ed7dfcafbb4419253a76f14334 1640704516917 1640704522627 5710
852bdc3ac10b7ac45b41746b123cd5922a38953086fd2e48f92ad48759388c59 1640704645672 1640704651194 5522
96ce7863cfc7974145c399b0602094bb936ec1bd47052eb47b4955b4c188237c 1640704774031 1640704778781 4750
105919bd189657e90e7d7687b5f704774cef1476543350e0a3d8d3cdacd8117a 1640704902467 1640704907570 5103
5d6fc0f34c7055c669032b4640919419b436ee512becb3b4934a416b61def949 1640705031663 1640705037621 5958
a53ce30549110cc9745739feb197bb03e18463ada71f0dc9f441abee4a5efbd9 1640705161021 1640705166618 5597
ad32fca97bfa5a6aff8c2628009049a8c2261038ea8b460dc2e27e449531fc81 1640705290245 1640705295652 5407
f380d67fc933efef1c3b066410770f6d3498942ce81b989d2e8fff675e9ddc48 1640705418483 1640705423496 5013
0b3abf3a1e2a69287b797781b019cdaadd6bf16411e57f178ae83716107baca9 1640705546783 1640705551038 4255
f514b2e8302645d9eaba31e8a91a04dcc19dec3e0d84cbb30f476187b75f75ed 1640705674790 1640705680374 5584
1cd8403d10ff689b99170565e076b95c7aedcca051516cec476876e9c241ab80 1640705804131 1640705809230 5099
fab9b50bf726f66b3728bb55626e2ab8d40a090e7152489533beaf2b7d47378b 1640705933345 1640705940402 7057
d1a82da45a790f490d8a6cc421b563eff30c2f22fc31a30392b2bda61c5ba124 1640706061225 1640706066509 5284
9b787a97692ae852d406c78061b255c0571d7fdbce52f8e4ee3810f10bcccddf 1640706189897 1640706195105 5208
