576807722785d4efa4f5a663e9af1c41fcf214f88deaf728e6389f42d55f9934 1640703745242 1640703749075 3833
37ab2ff2299af6d660cab424dd7c9c8585ea31df9fdab7e0eed067a2a18b38e6 1640703873829 1640703877828 3999
d25b301d506da205bf0ff1b73c030e936c48323f928ab4dee5352f8ab6a0be61 1640704002966 1640704007099 4133
1bbadcc008b7fd29ea21c1204a12b5aa6a9012ebc5807177dcb5ae738929326c 1640704131898 1640704136316 4418
024ac902e7e11b29c39900e80ef8153b81f7b612c4964ee3358c0f86ce4694b1 1640704260192 1640704262452 2260
9d26572c75a9388e3114a926b68efd38379b06fedb7c52da197eae34d522951e 1640704388447 1640704393424 4977
465d1bc4c3b1ab5e7a38621f72b4969f343764f53f31907ad307f6a3e9bb6ca1 1640704516901 1640704521028 4127
9f43263ff659fd7605f080099206e2a3278edd2c14ec648dd32add1ae4b21fc7 1640704645656 1640704649600 3944
34f59a47c6898d98f7f5e8031cc38e8ca8045ab116229102a7ef1bf270e8a201 1640704774012 1640704777940 3928
edc335ec6027e52fb6a3744c4eafbfa4b9473c97812f6b33acfa593e2eaf2d1c 1640704902448 1640704907159 4711
fbdce215d68b3ae47b8779af85d22c911cae96859ca8b92c23fb4a47b1c96b8c 1640705031638 1640705035246 3608
0995038cbcfee08d285078085ece93c2c06848e38d687598098b8b8e4b70fed9 1640705161007 1640705164130 3123
9a952a7b9e772c3b5b33730c898df2d3ed283584fad0ca1a3c630250d9c6948f 1640705290225 1640705294444 4219
1c21e3e49013b38cf525fd2bec9b9531ae11d115744a1dfabb232f56a25060ec 1640705418465 1640705423621 5156
e6e478b816d709c52abf280ccd1d1eb32b22b9191cdc9f6e2b37a0d879e0f405 1640705546764 1640705549704 2940
c32ba756a0064903a42b02346afaa66de5db742790001b11c3905ea580414e23 1640705674771 1640705678946 4175
bcf294c724c26a0dc4c0e5489f5bd5b7ff5f90a7c3375d89b1b042dccab17709 1640705804107 1640705807328 3221
c9e8245cab5436b3897b9c4355d8d689bb9f6c19291025eddc26d4ee2c5da1b1 1640705933321 1640705936744 3423
771ce97ff878f12691293fc2161a5de751c10a5342e1c7feadcb67c3f2db4a7f 1640706061203 1640706064664 3461
e7da3fbd3d339b1f161ee8f4d43465689fb0494ff1a4699ba7c13985e11ef571 1640706189877 1640706193505 3628
