5d1be1999219c6fb88d3959ee9ae4c0ffaf7aa7394d8b37c1c40ded0fa7b6eb4 1640703745292 1640703753212 7920
02a23796452c1f9819c91708518f178b37a651515f94a1c54625f30f0d53ef0e 1640703873893 1640703881635 7742
9d87d95e1558362df2646bcc87b11f4667554d15bbcdbe0a8bc927e4cfa88666 1640704003031 1640704010833 7802
cf99de3df09e1543984919d0e68677f4716288eddf4226ab5e597545cbd00eff 1640704131953 1640704139190 7237
8e3181b8e8a38cfbac08f7c817bed60b47b7c4f8055ac749cadc0681e247e82d 1640704260250 1640704267449 7199
9a7ce29ba87a3875eae3a4b0555fd863ad0366613ca9ff88159b0ecde0538b60 1640704388508 1640704396210 7702
b64d218778ffb04c8892b90ea5bea91dfdb76bc7fe9e27da2ff9899092f15f23 1640704516957 1640704525233 8276
5709877b82d79aeee11e0324c709467f8ea0d076ed09d23093748f54df9fed15 1640704645719 1640704652731 7012
aaecd72c2e56ca729f82cf037f818fb67f3e24816d970f04f8a8ef964035206d 1640704774090 1640704781347 7257
6b998b7ffc6464cf920aad1bb1b1c05a06f8b588f0e59607eb3c7407646a0401 1640704902547 1640704909517 6970
ce721abf0000dbcee06ce5848cd07663a040cab52b53e42533210bf7d2c8c078 1640705031715 1640705039504 7789
77ae3661ffadd2657c70a0bfc344e9d12f75687fcc7463b826e456b8e29daa2a 1640705161071 1640705169258 8187
4cd86f2c0cce44089b46324810ab3e3d7fc09df6dfc04c99509d097e7fa9de0b 1640705290292 1640705297039 6747
f1bc73d5ab646269321831b5c4caab941f23802fac80883694a97a1462c17ac4 1640705418534 1640705424929 6395
5a273fa887fc9bdd361903d4495f273d834490dfb7d2daf3af436a8dd481f226 1640705546886 1640705554090 7204
201814ad6073cd6b5b40f621f4a981bc85fbb2f9308d4ad58a0d71751f88a145 1640705674870 1640705681996 7126
fb0dcf0d4d3d4061b2774e135417e148434dabbc92cd75cdfc0adb96f1f62e0b 1640705804248 1640705812121 7873
05c2180726486e46282d0c369c16ad4e2fd7cf5c5a1c33a528998e241f5dd8be 1640705933441 1640705940289 6848
90c7d39ff9911732a785162159942b955a7ced1c250696966738524ff5e66a67 1640706061316 1640706069013 7697
0519f56582d42d3451e152da12bb22d5a220a80dda5a808eeee2f4909f8677a9 1640706190001 1640706197211 7210
