40d3d3b962c70f75da563d989d8623bcc88dd8921c4b55525a71338d605fe482 1640783740821 1640783743469 2648
8538fafe10fcc6048b2a6c93373d4674b8a09086c3b56e9c5702683b93ccad80 1640783771255 1640783774062 2807
d45c431a427be8cae34869ed389bec51ed73bc4b651c5f496cfecb206bc67a73 1640783802240 1640783804667 2427
69b2f1d32ca588fcaf8f74fee648426e0a5c39cd0aa43b68fd0df443db1810eb 1640783833188 1640783834868 1680
9ea405692eba1968ca9e743badf4038552e23d64af614de2232015334be1aa7a 1640783864230 1640783866442 2212
a53114fd90b4c3614fa06fec041819e56f6bec868eac2ccd0366b506ec34e1fb 1640783895136 1640783897922 2786
9c8876b63f0365c89059f38d5fe338940b10359bbbcb42406a3789a04c04d681 1640783926214 1640783929002 2788
b6731e72e730f357bebd3d8feb19ac52f6c01ac8fe296933bbca8a31958035f9 1640783956944 1640783959359 2415
dbe0e321d01464578679c0e03e2be2466bc77f64effa3ad9d2c2a0378a9c7956 1640783988015 1640783989830 1815
3b5fd96205388c6b8ce9fa58e38fbc8d13db601687cefe8c2651a481054898e3 1640784018846 1640784021666 2820
77ea4df28a2ace224e41445e862c4d61fc32740b85d370b820763dd888fdd7f8 1640784050077 1640784052514 2437
38b71d046bf7877109ebabd05c3465a4d36d8c4005553bcfd7d1540ea0c10ab9 1640784081059 1640784083481 2422
86ccff52215f9372e148b8cf1b6e67e8ec2fde3b79b537a8ea9ba72e5a53ec91 1640784112307 1640784114528 2221
4fbd9d6ad9fb4705fd7c3551d740de2cb98a76a01ae8778d01e1020179e5faca 1640784142830 1640784145614 2784
ae27a4638325cc4b39ca38c7daa9d81eaf2eb748ae86aec7792c8ff4b1f7c92d 1640784173932 1640784176447 2515
7e37f6301b4f90d6a66f571ca248027aae5f60951261ce9de9e466c92172ed0c 1640784204381 1640784206629 2248
8c81fd63a6f2b847d565013e290033e90c080ccf75cdea0002ae213b73e6e741 1640784235351 1640784237590 2239
c1ee0a531365e3245d6e0587ce32043524d15db4d08f6e3cc475c4b705e83c48 1640784265852 1640784268145 2293
18e418ffc51dfbe9917de7c843a084c8209a7e3c1f5b87aa10deb58dc7086f8a 1640784296765 1640784299072 2307
829eac3c7c99066910d8bedd19d3417bd8c7ea82cc3ef0aca315c6c92369182d 1640784327570 1640784330407 2837
