54c57aa7385dc32d558ee4ab9e5d7aba526feabe2c726decd25be863df6595c7 1640783740789 1640783743044 2255
2a1ea479fc2a5f4e3974891ec731b64075b8cf6e12d836b5a83846d64f165f8b 1640783771234 1640783774063 2829
c01e74d4d418851157e8aa4ad1382f92c70b58db0791f9687bf074dcd06e58ea 1640783802213 1640783804640 2427
e07aa2d0f600b11d67d750605e38340139edc51a8ec9a651eaba1c8a5a380ade 1640783833155 1640783834805 1650
7e3b83422d7e4dbe8ab144a828029f0c66ddd28cbff32b8a1ab5ccdb9d083d3d 1640783864205 1640783866479 2274
98a68485e084c45ac1493f6b3a6b8ac98bba0b10d2d603d971b32fc04ebf5263 1640783895103 1640783897443 2340
e53d1641654bde73a4740b7c15a9bd9db296c574b58677f6801308612f8edb02 1640783926188 1640783929069 2881
e3b099f841554821fdfbcf0df55c5253b797cc1cca8d64ab7a1d79c1658ff87a 1640783956914 1640783958687 1773
5a7530a9467474c72a0a6b1fdbe9d9817c3d053c6f507faefb9cfeafe891a61c 1640783987982 1640783990196 2214
c95537c6093a57f722c17f610ffbf23cc6a8c7494e6cf2960d233a6db3da5672 1640784018813 1640784021667 2854
4211703c7d692356f47fac2b6bb1563d11578ac31f205c41c1344948e382d963 1640784050047 1640784051960 1913
35bd30f6576adbc3fe9867f233da385cfe39f0ead8185a54125c064267b662da 1640784081026 1640784083486 2460
b7c0b6c89853302a74e1e888e87a341b44a147abf242845546e99085562f3080 1640784112265 1640784114615 2350
f47f86c17b7598a3317a9ee417a5e0252525032c40a57cb9cde99264329d56cb 1640784142796 1640784144611 1815
766b4e3ed13b939ae7124136043338197a66835c307c33d4776e0748b9c899fc 1640784173888 1640784176436 2548
2c51c1b695a5b6940aa49df128ba385dfd374c223a6fd036cc5ebe947fd9bb12 1640784204346 1640784206646 2300
1cc1c30f0ec523a76e31502786332cd6886c3143f9a10a10bd35e3d421179bc8 1640784235309 1640784237973 2664
9c47e61f0d971e34f2dca49f027d7ca3ce00a135522ca7ad7791bb3ceb3bff03 1640784265815 1640784267529 1714
3f4a21b0f37ad8f6e8f79545a3493ff1726909497e80a5cb4811ba8243463eed 1640784296721 1640784298510 1789
5a64bb602a1afdf5fea40a76e90961394523adb3cfb37c03a8ed16f882555778 1640784327530 1640784330409 2879
