e30c45f6acd2d6336af559170f19188816324912e14dbbebfff9d1eb715fb325 1640783740786 1640783743020 2234
fc2afe1386c1e441689e34275662d1ace6a253adbc879291804506a64bab2664 1640783771228 1640783774051 2823
be60aaa5026742b1bf5db20be88642eb7caec6ccb289d6e7759464682c986650 1640783802213 1640783805185 2972
41b615df249e6282ad575771b5a90872eda73529fe6d2066b44c751375ba6ec2 1640783833151 1640783834907 1756
4010528083337ad0a008116301d2aabe820cb800f96c2cbba9f7deff09ad4ae4 1640783864201 1640783867049 2848
67f19054b33473dec110d8d9847507b5a10865ea35ddbfe4f43a85b212bae8cd 1640783895101 1640783896886 1785
a19505dcbfc5f520d92349a61a2226920b99f00801fae43c569d9947ae48f865 1640783926183 1640783929062 2879
f8d55f2b12db4ad4482c17221d7fe704a882eed6e5363199fc3534fc8ab180e5 1640783956910 1640783959330 2420
ad463a2976efbee6c98091fc064cd66f2039b11a54e3a37b5cc0d42e429213e6 1640783987980 1640783990287 2307
320237dabfa8e5df99794f39718a77db3012b063d91806611617840119d2bce9 1640784018809 1640784021153 2344
344f848f517a665758456baa341bf75eebaddd56ca5b85c97ee961d096bc5766 1640784050041 1640784053010 2969
e996af9cc5ec35d2c6e45864525585ed2d092ca3e1b62d884cbdb667b1620710 1640784081024 1640784083500 2476
f5ca0fd0e00677348e2dce4bfec90c4339f222fa50c9f9894d99f017a2a1da7b 1640784112261 1640784114545 2284
9a91b58a5606f1037fb8b9c49d454c7120933c3c80066ef9600307d80ea3484c 1640784142791 1640784145179 2388
b150516f2599282cf5368294406985b8f1ed0f6e327b5c4ea33fb56a1bd4ed3e 1640784173883 1640784176458 2575
2429ff6c957de5e59e7da8e5296714107f5138dbf7697a5ec8e2c96c02f1327b 1640784204341 1640784206627 2286
f47c526ea8414c5d3a95ce5e5732ca884e880471aef34a18459ad637ef1104d2 1640784235302 1640784237055 1753
cbec122b07ed574e1d80c2b261c4503ac9f3a7f936224576f6178ab77264e1e7 1640784265809 1640784267460 1651
7c8efa8e3b16666915ebc07a8bede7b91ee45c3a01f4d6aff2b4fb1a92122b5d 1640784296715 1640784299418 2703
384c66fecc4bb5c7c40a5953a5fa06a737f321a667c0d5f069bb34c7ccc5d741 1640784327523 1640784329963 2440
