df777033f7621df1336a1a80e484f5337180c14a5cfcaaa6233547563ed47e73 1640783740830 1640783743472 2642
3a0fc990419ff89536b79bd2629e031506ce513408da84bf587868247a1388e0 1640783771270 1640783773605 2335
d3f0c98d77862618bd667a47882d2d6eecfa0ef9087cec1a9d231e2642a5735a 1640783802254 1640783804016 1762
0d8fb4e97f0a28f6e7688143730b2f47ce5ce4b402353062777aec800a0d0eb2 1640783833201 1640783835457 2256
30b42d142b57cc179fdc0c379d5131b1b1f0b55a2b4f5b753c566757458d5148 1640783864241 1640783867048 2807
a239751c39e9091a23bafeca9aa888066f3cc995a3086d4fa6edfbbff999bf97 1640783895149 1640783897934 2785
ca43477efa5cd949d6ad354a9420883b1e756bd61a8d5a734631dc3dade61342 1640783926236 1640783929001 2765
345b466d65ddb2968e75f85511a1fc966151638e059597d6a5ebec52d67004a1 1640783956962 1640783959793 2831
4e8427cb6ef42649ee300d199a87eb5a1a5f6a055aa8f08585a00e236a328415 1640783988026 1640783990716 2690
9a5193404732b9840cd0be1e4d928deeebe9096668fccbc83fdcdb2985be655a 1640784018862 1640784021114 2252
e657c3d795830a3715504c9674c736590f2e5180334cc7bfcfeda118b28384a0 1640784050101 1640784052430 2329
c82cea29b60dc8cae357f2a12521667675f3e50616c18d4278ca9c42880e5e56 1640784081077 1640784083957 2880
786f44e7fac8d06c73fe0a9cb81def938f2e05c3c5b39da115d77dcd90953c2e 1640784112324 1640784114660 2336
1a6dcfe72c653d6f7c64dbd24d66a0e1cf7b9a014843cf525bf3e1f5cdca5522 1640784142857 1640784145157 2300
0e16b632b7c7cf17c1aa8379d951edf4846a0774ebad21ff2112522d6c62755b 1640784173952 1640784176454 2502
8f614344f15b0121ac643e7a54086545a0afb8959327ca1ae96737cd13cd4faa 1640784204399 1640784206145 1746
ea0319bc6717971e56c92f811b811dc11c288e73a40b42ca0a2bec8a34f14aab 1640784235367 1640784237575 2208
25d4c1cbc8d7c9107f3e187023ddd3e2668898ad0b617333342863389ee9d21b 1640784265868 1640784268146 2278
6ab6c169926f6d07f0787f0cdf330016551d0dabbb63614abc67b6cdc89e2091 1640784296791 1640784299006 2215
6024c96c3bb81cd06247301de64de99951ec6169708e34b145133af7f254918e 1640784327593 1640784329939 2346
