5796fb1d6f1a12ca433134322859ea47107f8180b46a1ad161a1a021aa5ca028 1640783740761 1640783742539 1778
873fb658946530228a803864b64ca9b3c2099a9f282cd8598b19aa49ee7abd87 1640783771203 1640783772945 1742
dfc658675f03d4fe73a01f2b4522d31b62e07ff6521fb8cdf2afcf20e8c2b110 1640783802185 1640783804113 1928
2987fb8044593abdb4b57acea2ee9a97685373dba58dd738eceb39606ed598a7 1640783833118 1640783835459 2341
89e306c0b2a29da41b0ac4eb936a3ef5713979836f7e121dbf37fba11ef1f9f4 1640783864173 1640783867049 2876
d861280f6ae1902899bb9141804cd54bf6c9b06512b416559ff735312de7a0ce 1640783895068 1640783897442 2374
dfe1ad44ee3c7ccb0bee4b194eb745ef95453b0b1a59f7c1574010910a0a6e45 1640783926151 1640783929004 2853
63fa94a03e1323398db49cc402bbe60edd44a490d8425099fdeb0a1f120cb091 1640783956881 1640783958452 1571
feed3a93572f9a97892e39695cc0de9adf106462c97d3eec34adbe077f496fa2 1640783987946 1640783989499 1553
95261161959033dc25a930bcf377b5bbfc6973764d46d0d48489b4fa7dd78b9c 1640784018781 1640784021671 2890
6cd0a408f811f81694c2fd58a26713dfbd6bbb578cd749553b7b0aea2586b69e 1640784050008 1640784051973 1965
addc998eb87e8a0868a7a4429fb24154d4c3cb334a9ae41e59df7cbde7bdcfa8 1640784080992 1640784083951 2959
2a4af6a4c8c73f13049ed8fad6fe910b05161167acc6ad3364a4e0333f484de0 1640784112228 1640784112866 638
5886c3a07612c2d1b5fb4ce9ceacfaf5c67e133d9b25bb9622c51b2de61e9f98 1640784142754 1640784145605 2851
ecf31bf91e61cdfe442efab828dc946f6fdf751431c3c4e4476e1089978d735a 1640784173852 1640784176436 2584
18e5fb1815aa9b334451984483ac180c5becdced49d2b33610498c6e7c1046cd 1640784204303 1640784207125 2822
0a190f4321a98c51a4129a934f47679709e88b60440eddcd82f519953762d5c4 1640784235266 1640784235846 580
0f4be43f5135f5f46f25504447f753e14b646e748b313478ed36469080c78cc9 1640784265770 1640784268141 2371
230f1f0203228a033c1abe3fd3b6d5f969d58aaa2542c521e9d94f5157dcfd13 1640784296678 1640784297103 425
4adbdf4a264b0bd39af3cd343622ffc183dec9cf1dd65533d66d891d59bc6495 1640784327480 1640784329340 1860
