c0b1834f998e23557e3fb165e0a0368aaf3418454ea1dda92dffffb2d323607b 1640783740783 1640783743052 2269
39ebd7360751241301c77e6d874b170dda9e6eaa02a723c7b228d840088f1693 1640783771226 1640783772937 1711
5bcfec94681f77f9ce1439d98cf83dfe4e22dc96e918d168b1f166eba67e11f6 1640783802207 1640783804118 1911
69485f6744ad7de168b873bb4f523d945e2c4d5624c3d12fcdc80b063e19e916 1640783833147 1640783834924 1777
05f54cbef43015fe571421b44ecfe40b642ac7bde860cee5980c36073945fa7f 1640783864198 1640783867049 2851
15159bbebd85dfe633d3647f445077e9dce74976f918bcad7ee17d924f8a4911 1640783895097 1640783897458 2361
80dd6f187d426041938fe0c2eefa36baa423c2d1956c2ae1a0710e483c84ffdb 1640783926179 1640783928103 1924
8c90959b2fa4b69432ab2349b88839b59245bfb4ca59379a24a02b503de2e9bd 1640783956906 1640783959347 2441
c802f0d438ae68db9dcf89507cdb12ed17201c555842073e690389e98b02b684 1640783987973 1640783989869 1896
9bec9cfe47c0de6c01f6f95244686069f4e6f3e269870431661837435358a07d 1640784018806 1640784021144 2338
9ce09782d34777cd24d40b52b2f819f54c162ff6bebf61fbc785ed77632d41e1 1640784050037 1640784052998 2961
9d72a43fade6658376e5c42be2a18f42cdf72c25f163b21b94ffb6e83953830d 1640784081020 1640784083960 2940
d1fe88c9caa536694941353607258f88250009af345693db6fea4cc795f0424e 1640784112256 1640784114582 2326
c5752cd67e49e9dc2251c0b1939367dbb152422bbd4d88d4090a09f38462d6bc 1640784142787 1640784145105 2318
ea60b32ede5db6d076fdd2926ee5bab789a19eab83d30d886e0c9f9a80ab845d 1640784173881 1640784176439 2558
c443c58a210be26fe632f370bb3bddbaf596f677045c4f3d92c64376856c3866 1640784204336 1640784205970 1634
1c2caa89de5757e684e43db16e13070a3535938efde88a079a5a2519074ace06 1640784235299 1640784237587 2288
c5314b3ee4e4807953dfb80de68cb9c9c0fe8aaf956c70d56cb107d225e6e1bd 1640784265805 1640784268641 2836
72b3a512dbbc73b0cd49fb4851779bc25f98389aaca011fd309eddf8576db974 1640784296712 1640784299413 2701
8ae46e5c7dba3cd77270b783b2ed71442025b54baa8bcc4e05d4e8c568c4398b 1640784327518 1640784329456 1938
