c14bc79fdcd2f3f6cc5d183a3c5222b4cd8276e7a5d20420ae9ff574ba46078f 1640783740810 1640783743469 2659
e3f13c85744b377f9b2826f898bbccbf66e72382f9f52c54ab8984bddb36cf46 1640783771249 1640783774055 2806
3ccb0042183a388b948a7d3a0b1cc1189016a997a8a679c0594d3275011014bf 1640783802234 1640783804683 2449
0ec99ed50672af7e5d698972378de6fb3426589edde361f141e281fbcc06302f 1640783833181 1640783836038 2857
29ffff430fd795924ea281ad2afd56d53a62c70eb91ae4f1b955bade420fd6ce 1640783864222 1640783866562 2340
6f9a344c9e5ddc7e5801700fd2583203b2cfeb2d7cd47dc5e20ad9f37d2f1219 1640783895129 1640783897469 2340
1d0b8884c86744b42a2b69a8210cfb3540dc12cdca14d62b761416a0e63d3a2d 1640783926209 1640783929070 2861
e79ece3ac978af6234f41cd4776d2a06d6c2454ef8935b77d787cf2188d012ba 1640783956941 1640783959336 2395
890e713023bc94ecc034eb9b09409cf9f2837c59226f76348fce3b6d1ebb9c05 1640783988009 1640783990291 2282
372e324d6d09ad6b19e4478586dbcbfe58cf349ec493d248c28ff80906eccac9 1640784018839 1640784021652 2813
f20b6d2c6fc156ebecb443a341697d25d50a03f0e7eae86807e0c7cd7d894939 1640784050073 1640784052428 2355
54281d3d603499c2a6b60ce0b835c89a66a6ec5528fe872b5b7c2768e7286e28 1640784081053 1640784083952 2899
1f33cc1072a1440b6e64fff71aa44c4b75ead3c1225174b630213ec2dc5274bc 1640784112300 1640784114567 2267
ec09046a3949015e7101d4d6367b4751357ec6bdd95add3d39653cb8585bbbe2 1640784142825 1640784145162 2337
c1ad1d72cf2c904eccf2e8c81c24c6054fa2e8689fa884ac10065bcd8803d6ae 1640784173925 1640784176462 2537
b1fa815d2c87c648a71a06ceee51a9968396aaef34b96e6c87ba6abf4e6cb5c1 1640784204375 1640784207123 2748
b95558f129237d780171ce0a7c7d87601056d34b024b0a06c3660485d359b438 1640784235340 1640784237507 2167
bb6e6c28c1cf5dd534a8e8f8a78ab29ad96f308e184c8470e74bf565c1558835 1640784265839 1640784268184 2345
edf064829559b5ada86f9e2a3e8d2b1d0dfce3f9b3c34665e77ad730a843502e 1640784296756 1640784299401 2645
5127644ebdf5f24bef95555cedac1b68af826056a4ab54684361f33def3a2b9b 1640784327559 1640784329965 2406
