4b8f40e55b9734c676892b1763b2f8fbd73f8ea57b927a57727dcaac96e366c7 1640783740794 1640783743047 2253
b01291b1c73b3c54df8eaaa2547e961a2fad20d9fb1e31d5675cbe968b667710 1640783771234 1640783773617 2383
ea7b6ec1e1dabfb0a5d311b476bde5674d527c2645771a31b58a1604278881ce 1640783802223 1640783805184 2961
2bbecdd261fe7ed916d8b6979fb88357e6b8784d56dd9750c93cafe46fb73f24 1640783833160 1640783836024 2864
cdbaecfb964ff16dccb32adffdd9ee48c99823a6b8e335eb7f6b51ff4259872c 1640783864208 1640783867035 2827
e156d981919e67430258bd782420d0b2a65f855e1ffa8d42b26bc1714f19d40f 1640783895108 1640783897447 2339
e4b1513e8a3bafdd67e4c1f488f280175aa2b8d7d67650c9eb80eeb1f0b8dd9e 1640783926189 1640783929073 2884
2a8d225ee4cd39c07e3b02e8aa94dd24939a431a00c0bb6bc3108c57b8ea7475 1640783956919 1640783958613 1694
65fcd88b96b606e05affebc3b520d0815d03df3216566b10128d9e79ab958c21 1640783987989 1640783990285 2296
565e8a4ccfbe48cbb6fdd7e166d1531b008a57615283e1a1e4b2574fde31742d 1640784018820 1640784020689 1869
dbb9baa039277d2682ee709d620bf346811c15334cd821c26491a29e320b100e 1640784050050 1640784052479 2429
d441bbb8e67eb5715693f4ba973f67a4816567e58d4808970445341d32ec658c 1640784081034 1640784083964 2930
b2ec23b98406dff037d76a491ebea0eb00531ea4e21339e5b994bdee39989395 1640784112271 1640784114661 2390
43e6bce0eab7dd074574e8cf10d50a0e1f7be611401a47fc3f9e845755adbc34 1640784142803 1640784144487 1684
1f74b80797f56fd00a86a872398b2fe79067db21a330cc6dcf2d7f61e40f7d41 1640784173896 1640784176442 2546
c4faa61ddb9445ab96bd3f0f2fd3cfc7af24257c763df11df4e4bd9a9ba120f7 1640784204352 1640784206636 2284
9d9839203516a610bec7a381961ce4aba254edd6009d9e6b40fcee8a5886180b 1640784235314 1640784237524 2210
49cdac8e0fba49c3306e6e8e474300c0a1c71744a148a8cf9385abb417a2e916 1640784265819 1640784268145 2326
ac4151fc9e2320120eb4b61ef844f2fa4f3529821767a4957a6feefcb49f0f2f 1640784296728 1640784299080 2352
97d903a8b7b95917577fda73b493cae33cfab4328a49dc4d75c58c6734947d36 1640784327537 1640784330405 2868
