c447d8b815ae6cab9b10dc0bb54595364b29f8258097939b11aba65a174ed0eb 1640783740824 1640783743037 2213
60b3dd792592359522f0199de930cabdaf4342fca43bed982c7aa1c981b9d507 1640783771262 1640783774065 2803
2a6968ca8c7565400243480ff548001f47905db52a0b729349a8242306fbd761 1640783802243 1640783803951 1708
70c92641186af5261a611c68f88b6469f8f0ff7aeb632de00f887a4697b5289a 1640783833191 1640783835471 2280
f1c33ee416ecd403b8fc5c009a7c805e854ae53359584d42edf381b8c41d8589 1640783864234 1640783866386 2152
8b8daeb30d97bc4e9f09ab0239f7a7e58824460e873e240aa9664835f95f6603 1640783895142 1640783897932 2790
d91b9b5397e51c41b6d6941a6ac388d83371a73b0e1f4924ae9c73dd273e87ff 1640783926220 1640783929072 2852
8c6b45e95badff2e0a6ed95f5a22bf1d19a9db73a84e577e04b88b428bc23259 1640783956951 1640783959342 2391
1b044ab8a95bc4e93f289776eb1a89356f713490b93c174aa95bcf9685689774 1640783988021 1640783990727 2706
276fb0c840dee4d5f6bbb0bbbf9aca48db6aa31f5ee4419edf9f60713e5dfbd3 1640784018851 1640784021671 2820
926e37cc88b1132d3f019560948957a8dd298210a87556f89e23fffb4aec9a62 1640784050086 1640784052994 2908
5da64f9352591dfa682c9556a6d2b301010e74280d53fcc3cca2597bf22f1147 1640784081064 1640784083964 2900
baccd67a4f57bc293a94c84af725baa0e2f200cd078c21ab2ebb87c95bfc41f5 1640784112314 1640784114972 2658
9a10397066fd7487c77064c5585b138af5eb727cfa8dcf78edfda82269a1077e 1640784142842 1640784145180 2338
60f56ea168daeab9603d347696ced771f127cc0b588d244cbe9859f0a999aa5d 1640784173942 1640784176456 2514
4308f8eb48f4f113dcbb3b4ecd872b6db852aef6a774dab3a18e28bb052ba769 1640784204386 1640784206643 2257
6d84c3c3681b7f87b1a655997a75363e4d5de2270f697a901b42b0212e551ad3 1640784235358 1640784237534 2176
7c42cf0e1a09defbd04d982686e0df41b28b2e1397637b1314a98c4c35229a29 1640784265858 1640784268154 2296
5b6d4ff1e42d85a8dd2a65400ba6bcd12e55927f7d1f112eec8142d6a446824b 1640784296778 1640784299418 2640
deeec362a40a42a45207319f148175e4a068b584120a06e567835e22a8ef4607 1640784327578 1640784329914 2336
