1e796ecda171acd268ccdfbf986a8a7c3a2b27ee6eef79bd1fe24f34e218be35 1640783740764 1640783743052 2288
71f5a0a1b7b1d22fce7013eac676ad6a551deb980778e81979741139f592ea1c 1640783771205 1640783773603 2398
2936b0e9d64b81c196f122600f7db8da39599946add1c99e0784a57eee680213 1640783802187 1640783804685 2498
29abcb160d75332bbc4ea21f081f6b271eaaccbba8279e036e0a9df23779ef7a 1640783833122 1640783834856 1734
6c46e846c59bba5b817840615765d4c4b75b1ed38172942ccd837d10a1b9e2fe 1640783864175 1640783866578 2403
b2b8a73a163c79b8232be2a2424beaa292b4925f0a2ba7b8e89a5e8f63d7022a 1640783895070 1640783897454 2384
296d94e0d6591edfa7c31c3538dab646ebd4d3489e42a2cabd82d70ed0fff9d4 1640783926154 1640783929064 2910
356500fccac86929b43acfc8c173886e1d324fb724367ba3635f49be7f49af7e 1640783956884 1640783959795 2911
920b6c27da8f38224e9963fac43f1527b2b0bd8493ecb3ef03bb0131319f2f39 1640783987947 1640783989491 1544
d55a4a52801bc438a38325878ae47b2ebbb249c78acd9aaa9e58f5d341ceb82e 1640784018782 1640784021155 2373
cc5a792592ee9a4da5d4530e41dda144f5d61753d04e62ab961550f7760fffc3 1640784050011 1640784052551 2540
764c54d79b931ff2c1ed4b788b65ffdfd24cc59c10873af778b89a395a775b31 1640784080994 1640784083963 2969
145766a92bfeec5aae3dc1a73be53faff46a3ef17b97af8d704c157f3922787a 1640784112231 1640784112848 617
f1075664d4a9bff151823dce078dcd4bafaf59227a4409c1dacf43d61e6c62a9 1640784142757 1640784143303 546
40f584c49d278e55ad15db657878ef13fa1b857f0675033e054972a57a24c6b3 1640784173855 1640784176453 2598
60a67821f3dcc10974789da421aaa9e6a0aff403525a5d623a3733fac0ab60da 1640784204307 1640784206642 2335
c34caf86523b4ba16ad988a4da2d7e14d4aad8c374523ab18593099afcf21105 1640784235269 1640784235826 557
998194bf25eaa9585807acd9af75a342edd5d4aef9d18f88aef27875876163d5 1640784265773 1640784267542 1769
20c18820586a2a309a3bd9981c9f51023cb879f27121a042f7609aeeae5d9acd 1640784296681 1640784297682 1001
8c16a0784a38cee000bc1368f38e346208ecbfcc3675dfbe501bcce5d702083e 1640784327485 1640784329306 1821
