1ee8db915c3da9e620eba33af7969ab6aa4bf3cca2e31d5e88e0d1c3450d3a7e 1640783740827 1640783743058 2231
6e48a6689c9547bd936190efd628126f150d4c06305d75cfba74b7e7bbe236b7 1640783771264 1640783772936 1672
b6d2d6b968635cc9aab2f14219fbae511d1ad483e7322ce439f9d519a88718dd 1640783802246 1640783804066 1820
03e45e0fdcc1bd5c2e233ac220b4e795a1ef70b0766219b5e46b9d783a2f4545 1640783833194 1640783835404 2210
d37cedf5d79000f34e6f8f4df76715bcc821dff126f9bfa32f8b7a65a4bd0ae0 1640783864236 1640783867048 2812
7664c70775c38d91b30c9bcb4b48f561667b230877bf4da9226e58c09850917f 1640783895142 1640783897929 2787
71c5c02c898b1c220276cab30a6379fdfd547eaf2068fd72248b83a460c7faa9 1640783926222 1640783929070 2848
0900b2f922eeb0288361039db41dd123f4c1044c8c25152a4e19ee5f853e0779 1640783956953 1640783959335 2382
647a0519456cf5df52ee3276f93e4c136d65bcea1a4336d6c0c9f43c936f2a39 1640783988020 1640783990237 2217
7e895cbff25b3208ffbbac7bf84550ebeec3deabb763b93d5aa5c11f08c4be12 1640784018852 1640784021670 2818
49f2e0bf47b1c9efcf9d660de794dfa60a87074482005719183e4dc999334dc5 1640784050090 1640784052994 2904
f687fa070d899448905486d841732a203f4dfb3425921a91a129406124787342 1640784081066 1640784083498 2432
98d9d29430f2a58e1f59dce7e38bdd12dc95be039ddb72fb1d3acf73af4ef0be 1640784112316 1640784114577 2261
042a19670ab2c8cece9d8c6f04916ec3b3ac743a95a99a9de38bb991050c3211 1640784142843 1640784145635 2792
531ce9b6fac55aca9914d51865d601bd5f859323dd1cadf260475a2818ff27be 1640784173942 1640784176417 2475
af2664d3297ee559e1a79b198161eb0d415079bd99122e7305a4a7c4228e042e 1640784204388 1640784207121 2733
ca2e8b7735b9c167f94e9bec5019ecaf7bffc53b3b77bbd067915494f8ff06e1 1640784235359 1640784237528 2169
5e19a3202d793c9985e3103557a2f2b562de6d415f2b406a6d14df318f282fec 1640784265860 1640784268151 2291
57d9d4067e20642eb358891fc7d65f71ff2c94dc0cf6074e2e486296eb0792d2 1640784296778 1640784299417 2639
027e132d7ce169c501707d15540ab79f868b1a4de41c6253514d3455dba4c031 1640784327585 1640784330410 2825
