bf8055afb247aa1ce656aad1403cbd8a8ee222cd947da99059f023813fc36010 1640783740782 1640783743046 2264
a5167471c13604f493c6449813b2494362981746cbea54ffed025b6751ff3252 1640783771224 1640783773614 2390
5ba3afeee6376b43d46ce434137e5ebad18dd6e5a7fc80a6211b6bd9ab246fb8 1640783802203 1640783804657 2454
b265dd72e5cafd06701dc076350b3db3f5296ded3c9f681f883f6d94243cf35f 1640783833144 1640783836043 2899
8cef66f21c4b324a13d2f0a46b2e0d74cf4ffd66148d710e4b7bebe1ed40e9cc 1640783864193 1640783866562 2369
53441595ee55d3c2823647540c85dabbb7b976fee848e8414fd95bf634d24da4 1640783895092 1640783897472 2380
475d569d69c7ad4d0be0f57a7df17002fe38829fbb2dda5dc3b335a084093583 1640783926174 1640783928109 1935
42ea3b561870ad6bcb2fb4154d27a352379013b5cbd08ca584b9a5de30c60bcd 1640783956903 1640783959312 2409
fa20bd0e8b3e5bd473e69cbcb36247b39e98ce1507fb05c62795274f9ba1071d 1640783987970 1640783990727 2757
4b9c4d39f2a3c05fd229b3b3862cf6b06a570c2da94eec429fed5bcde884bb31 1640784018803 1640784021136 2333
1b9e7ab9fcac7672fae9e20df34cc05b1adb75fe5e777a6d96a6951f0f75bc58 1640784050034 1640784052555 2521
519511288770475b588d690a0524dd96679fd289f041065d1bd14aabd32f9f6d 1640784081017 1640784083965 2948
293d25f022fedf972fde3f7ee1332ed6776ba3f910189d3095504918a2833f68 1640784112255 1640784114505 2250
235fea374774a22e6cf7fce8859a7fa3cc3f008d56a94bd919aa8763d389d9ef 1640784142783 1640784144605 1822
cbb1b4a11d26ee2dd5ec7bee6f7735cd065bb9107ddda2a83d04bcb5380bf5da 1640784173877 1640784176437 2560
ba31dc0647ff6ffe375d62306f09869f0c3fb1cdf8f34b277fe4ee4598d4f044 1640784204334 1640784206125 1791
5991b7c2e9599e7dbf1c70f52c8b7a678e56aa12def730331389541d274d4dde 1640784235297 1640784236968 1671
79914ed8d945573ba1f7a231ccd962ee783f645016ae5317de306475400d4de9 1640784265801 1640784268140 2339
d0b5863a7a6dd7c2f5b84e095306d2e6e42da2c5f8887cf0c8706439197f724c 1640784296707 1640784299090 2383
a37b7590bed3e369f1630b5db122dc72cb3168b8d9a77e587a8d217d6b3b7ec3 1640784327513 1640784329955 2442
