c5d4d7fdb652adeff88168fec8d8b178291e03be6eadd9333eb65412c27326ec 1640783740817 1640783743470 2653
3fb2fb5b79698adf0f153df513d2dd89a0336a46ab50de78f2b70feaec6d300a 1640783771252 1640783773559 2307
455b9a01255975501a7aa2300cdeb16e2261619781f3d9bccaa6529c3a357558 1640783802237 1640783804653 2416
19558b2c23534cf353ad01d1c5467bb83946d7b4ee5450f1023186916d47e8a3 1640783833184 1640783834856 1672
c42e949277813a4376e1c9e4d13ce52a6a2b980883f8e9499da1d0fe7dd3092f 1640783864226 1640783867033 2807
7efdf49349c8a69786554c2d7b66cec9b5b281e199e8ce8309c7000690e122da 1640783895132 1640783897447 2315
1feb630e29421fab715f00c242d48e479b88a2557f7d66340b16418da84d482e 1640783926211 1640783929062 2851
efe06e32d5b4f251eb6c0a3d9d1ed3e7ef04a2a05d8d2e2caedf1b982974dc98 1640783956943 1640783958672 1729
d7220806fa36937ec03a90b81d43c0e2fbb1333253486c973024f88d9d5cb8ae 1640783988011 1640783990269 2258
2720d8e5a991d19a192b0fed76af04ded3eaa152d28a22b447261151880b3705 1640784018842 1640784021156 2314
7c5c8301250622cdfb5d8e82aa1feaf59c5adec411ef9c6cabe364bf7b94a655 1640784050075 1640784052525 2450
a8d59c7518cd1eff89174942ada1632beeea7d4269ceaab195f787c8fc8e7e78 1640784081056 1640784083496 2440
415444141a1e2071e7bf465b45f023c1d4b0c43c3ac7615c2216348bf2b20351 1640784112303 1640784114972 2669
9ad564e0e82b9aeb2cb5bb3fa941ea37ded504a3f19b191d99fb114b4c88ea06 1640784142827 1640784145635 2808
2f4894873ca687f5fe5b166a0b7b90dda45f5a44f80a984bed07f2cc967ef325 1640784173928 1640784176455 2527
b350b5199c5361516420c24c4b80e2eefc8a0f37fad81a025cb77ec7f50b6987 1640784204377 1640784207126 2749
ff8282c7548413275a2c83d52c12d19b8a687d87155a06c643330af6864e0f39 1640784235346 1640784236984 1638
925e2bc5cdc44b333aab1314b3db6a86f78d7666e1e8feba6bc0310ef8008a17 1640784265843 1640784268142 2299
e8072ae6796a7caeeb48328a721528f7c8fd693f0ca222d1533b86dc5ef4dccc 1640784296761 1640784299417 2656
e8ca363024cc98fd113f2739b6f303e3c15a342bed5231476824d50783f05c19 1640784327564 1640784330410 2846
