830133af358336b281aa36644f021633c1a53a669e0d8c05728fed99c04a38cc 1640783740756 1640783742282 1526
3bb2c5bf0363a6d971b194b2d7f06bd7ac05e43baea4cf55523b81474647465d 1640783771196 1640783772690 1494
cd433bbc30fd1e74b23755dd8934e945a6db686ee3dc3912febf9f7e071c2090 1640783802177 1640783804648 2471
8b129503122f62611e1ca2452051e969a819899624d66d6429ad58959d6b1e59 1640783833112 1640783834632 1520
068f6e705712465737cd2cfc46beb7fa51d959b63956348dc3f064fab510104c 1640783864163 1640783865933 1770
e480107e27ffea40b35f69ec9b883d64dadad4ddc8e0d501f9ca7d28071072cc 1640783895061 1640783895746 685
fc7f49409d822e95184c69afbef006836223a22dc758b0aae016d40ed0c8c47b 1640783926142 1640783927660 1518
0cae2c4a2ca5303442025b289dedc516e58c4811b9644d72906c100bf1de917f 1640783956872 1640783958412 1540
45b653cb5dfa3a83b70ed32cb42db170ee9a62591be45f2a77ff217f106f8b65 1640783987934 1640783988387 453
2698aa79b5f09b42cc72dc92330bbd2974f91e25d2ef68cc7827c040f3a86f3a 1640784018770 1640784020301 1531
8f7fc81e72084f25d5f6aaa17bb2c30a714aa85623e158880c8fdb3c87561f1b 1640784050000 1640784052521 2521
81c6ffe4581bf1c059e216b3676facf0fc186ec104c1dc69c716b0ede489c96b 1640784080982 1640784082507 1525
96592dd7084ea6ed202e9340178ff41d2c3692a2b8b33e8cba98b79e0bad0291 1640784112219 1640784112810 591
01bef2200e441d7e4f4be0c39e4abb37929e545a750dfac119fa70ee98bf75d1 1640784142745 1640784143300 555
d945e4724132d5f5736032ddff4f7dbacb4285f1eaa82db4e5ffa98facf5e347 1640784173841 1640784174459 618
87e3ca54016222b949b18385fc9d5f96b1839d0ba678909f5db42be1e4a89a32 1640784204291 1640784204837 546
7e7ecaee9f92b6f6c96e96ce58d669a7360d4223860e155ea8ffe6f88311cca0 1640784235258 1640784235841 583
6c062950bf346866e3d4625d9156197f134b33a7a69c64a93dd3407aea7f7e4a 1640784265758 1640784266388 630
1990d38df7eb5d2232ef9bb0b2aef606ebaff34076469fb3699de4ca20252dbb 1640784296669 1640784298123 1454
bb737f85154e21de3855878096d7a1bd38a5b9d2508836d8731e1779c3912f26 1640784327468 1640784328005 537
