f3c157a37da75c408bd30fdc372de72f410d2956bb74a826fa50cb722353ca5b 1640783740804 1640783743463 2659
1ecab2a78a642f6702ca78508953aa1705affb7bfa1cdd493368d2cb73cbaf44 1640783771243 1640783774064 2821
3cc0f49316e180060136e33ae3f2ace012162cad3705929dc9f45d09ef486bce 1640783802231 1640783804610 2379
d7cd4c90ef0a282e2b0f30b7f5933d3892b25920fb29e3447df4c7364dfb7789 1640783833177 1640783834931 1754
abecc94db17882ab0c97bd9f2c3f56e82d525204a99717972bdd7070659cfba7 1640783864217 1640783866599 2382
8d78a55bcca77c11de8122586635b81d0f0d40cca73fa55a6c1bbf0bc331bd2a 1640783895125 1640783897451 2326
10bd3e7433b42320af9068216f47556795b48c28f344f07389f73e028cc3b40b 1640783926200 1640783929071 2871
b4021c5425e3de8156782d651279af0b6610c0b231b5093e225f19bde635f5f7 1640783956930 1640783959329 2399
1c0202be6299bb3c16dd7400718e40c7fe056fa3435348f84573ab9cc6a657c0 1640783988002 1640783990723 2721
4557903a5f398723f9d972b440b7700d9e5171a552cb7370197ef06e56825ae4 1640784018833 1640784020686 1853
b7258fcb4de7d32d9a86dabf3d5293515dd3dfcc389daae3275eb676f0eebc34 1640784050063 1640784053011 2948
dd8eeae78d978f5e44042c7e4914f13480a67e891989f6be09dfb6085eca700c 1640784081048 1640784083383 2335
d317b70b0bf5bcc28e4c3f12e027ac93d027a5d90f456b5ff4ac9d80d6d9d0d8 1640784112288 1640784114629 2341
69f8c223123df2db85d46fdf96bbca731e6fa6b1c8e1f3dfd5de260c22f48f1a 1640784142816 1640784145180 2364
96f92477a94ffcb7f24fdf4a16d40c6e2d744abc1cb2c662468391594ca018fa 1640784173915 1640784176446 2531
d224bc2fa0c91379ba05301fe79486791dddb1d7e4d32793190053226675de88 1640784204366 1640784206126 1760
b6ad66b1a650460cce61fac8a14e8319f5df33e222e7d19cd1b2993ceb754ac9 1640784235332 1640784237505 2173
4922f6d33883e19000866237633b94ff1f376de16c2a2178f70bc67421100bdc 1640784265830 1640784268626 2796
4f1a2741ad48d018b4520046c311326711cd730563d42599ccf2cc3e4f4e537f 1640784296748 1640784299079 2331
5194ed631ae7e9e532023721671a501dc803ff3c60ad6fd66426f4e5a19fbc3e 1640784327553 1640784330398 2845
