28e2a208f7a9fb11851f4d76c25a56ef5996fa939a1c63a1af3302bd7ad6755c 1640783740783 1640783742431 1648
2d4a11516011c4a5ab96c38415543ebd35cf0876d9a680386d561cb7e79ced68 1640783771223 1640783773632 2409
26ae531d3765903f9c594e4437206d53ac4a4a3f970a2708558087d4848e8fdd 1640783802201 1640783804073 1872
7836de63d6a5fe9d4a3ee73b2ee0dc79f66016e413a79d7d373e5acb60acedb5 1640783833141 1640783835634 2493
5ed6872eb3e0944024b66dfefb62ce9a581eac7eef8bb8cc7b75a1719af6182e 1640783864192 1640783867047 2855
bbce9d8504ee6cddcfb2f9ac00d95cd7c06f79ee750b4c43a14033d264745abd 1640783895088 1640783897926 2838
3aa38a086eb8840f7d5cb5faf39bb008421d064235dd31af9951c2a8fcba1717 1640783926170 1640783929004 2834
15f89312c1471bd4ba411ce0791aa9d81c3002a1423dc343ccc2bfae86b70c4a 1640783956900 1640783959308 2408
c7291d565714d98bc9c7901c538e0d71670b0b5d398cdddbd4276408ed5f5c6f 1640783987967 1640783990275 2308
06ad8abbb5a20e7975c31a69f66a69133e3db2d9fb0042292ce12c5c3180c03f 1640784018799 1640784021148 2349
e5558ecb92096a0dac731ea933864bd2535536adf63d99a58e2b9fbe470ade11 1640784050031 1640784052557 2526
08eb415ffa55a943493b97e6f9d10b3f658aa2509defee0ace7a2ca7bd2c6b54 1640784081013 1640784083960 2947
65b74a8584c0757eb52276e7e0d6eb5805a935076597f4f0d3414870dd3bddae 1640784112250 1640784114662 2412
e686b405b4e32faae23b7608e25e27cb40d84bca4416d5af4a8b49c1f8bc8fa0 1640784142778 1640784144651 1873
15cd78bbe69d5c1586680ca1b6092a9121f5f27c4f01e561c5661b4ec9c4c003 1640784173873 1640784176453 2580
dfb82ae362102b8493f87f54b38df778177be571fc1c6113dabfd6fd4d65e3bc 1640784204327 1640784206640 2313
3558cc7c4b9742d5548515c186f0e969446075e33463fcee3f7f64e277325a8c 1640784235292 1640784237983 2691
6aad67258102c7c3542325130b9f0f9b7cf0bfe7477c922b682f1a279d85c05b 1640784265797 1640784267527 1730
1eabcedf43e70f8d8ad229eff7ac20a95fea04f9d74af0ea6e261ca784fd2d34 1640784296703 1640784299077 2374
455b62943da657ff9ae6f81fce966fa74ea2f66c5dab1f04aad81753678b5584 1640784327508 1640784329950 2442
