cad253a7e79db2929e9ca1cf6b090acc953cf22b52d59b2a5f46491ca1c7596b 1640700100130 1640700101474 1344
ef986d01316748b1f6db66cc8e27508a3faa6d1ca2b8ed07065f226d968809bc 1640700129371 1640700130608 1237
48c9f0e07921115f5dc12940e136e77f310c9007fcd9001a558a7e0b5dbfe5cc 1640700158372 1640700159487 1115
e64b6c45bb5d50581851efbbe0c33b522c1af1345627ea5c8718a4839373d948 1640700187201 1640700188293 1092
7d281861a5742047e0dc34240a8c098d0e4823d60a54f3ee369601a8b82b5002 1640700216294 1640700217519 1225
ca921dc39a81cdf0b69ce3adedd95d61078e2e079a8b0ed8174c51687b00c47b 1640700245612 1640700246855 1243
919f17e9cb438f9b47efda92ee584af49948d22a666a4eb1f73b3c30346d67e9 1640700274593 1640700275768 1175
f8f7672ea96276898625653e95de5fd7d5ba43412a73fb7b4f89578186cea004 1640700303674 1640700305239 1565
0e3e0b4434f4f26a2db675562a0322b4e50460f9574e3d5c464f165b1c2beea5 1640700332935 1640700333987 1052
0453b3d75e22add350cb1561822f7a18ccccf69b65b5e9d33cfbc15860f2ec07 1640700361867 1640700363033 1166
74bf24572d3b7b3e33224402e27bc06db9ce1bb2c8ffaa8a0b9f3e035e33fe25 1640700391067 1640700392372 1305
c50af8b1b88e0369c5544ad6a2f5335054d596eceec8e43045e91b5a6202a5c1 1640700419797 1640700421233 1436
3c0e6d6d05d274a0d3578ed03ed6b1c588128123683f71baa815e4ff2013db03 1640700449025 1640700450003 978
21c7aca96aa2e73583935cf453b0ddaee78f331770c23ccf9b73ebabf93f933c 1640700478429 1640700479849 1420
4c984a8f0af8a0eab65def558d613c812d0576fa49ca03d6543bfc4eef770b58 1640700507497 1640700508765 1268
12d39e843c4dee88d053b991d80581293efc5b598cd24bb14d2e6b80fe1f191f 1640700536454 1640700537402 948
dd252befba1cefb0e9d0904114aa25e9c91ec8a950eb41851bc3c68f3b900fdb 1640700565152 1640700566673 1521
104d3d7c94ca3fc1e7a5db00933013652155a129f38569f5ab608bca29b3b814 1640700594242 1640700595336 1094
71c9f725f5196f1579c379663b1de3cfcd5725fa11aaa5677922faff468659d3 1640700623466 1640700624740 1274
d87a28efbdbd207b2b7d93960481a6d2e99e2670194fc3caab27581afcefab47 1640700652959 1640700654095 1136
