0338748b8c48e7d79d73554f35439e6dbb9e3894623ca54e147e25fe30c67454 1640700100134 1640700101360 1226
c8d938da55dd25f0678f283f2931909922403efd116f148015cfc8a7a387e8a0 1640700129375 1640700130665 1290
39e6e56998681122f2bdce0e4acc05fb14415a6d24539c0d2555eefe2b7bfce2 1640700158377 1640700159560 1183
51c1ac390e03ee4c6b8acd1078d96eb58fdefaec1f0d36ef0baa5664d5259e69 1640700187204 1640700188454 1250
6e17fde75e809e464163790e0ee01551b02794db558434e6b95e8637f15af233 1640700216300 1640700217636 1336
46095a7a824e829a70375c06301a9fa46737de532f0c74c80f1b3589724089c3 1640700245617 1640700246800 1183
f36b98cd77c2180136648b0b22e5bbc1397cfae4b6b2a9de5718e2ad1ed097c0 1640700274595 1640700275635 1040
119407e050031d8b7e58de22f0ab876a6b504a7be00d78b2ae106540df03fadb 1640700303681 1640700305084 1403
f31b587f594dda71159b961aa8e7d27476b5d3e67c4ca46c8cbf5d986b72fdec 1640700332941 1640700334149 1208
259417fadab85d375547cf288b591f3b1d79bdfef88c46d3a136cf99b4786e29 1640700361872 1640700363136 1264
cc1cbd9fcedc2c2dcd20cb51cb7a2b90f974ead0f78d7458ca5d9b3fbf3b5e30 1640700391070 1640700392287 1217
65f23e1f5fd386f33ce2000be49d72abb1a4c0ba8c8e33795c7eecafe46338db 1640700419802 1640700421229 1427
b1db6be44dd0a6e7e7a98d0e124a8909459c89ff23ba909113f948773ae8349b 1640700449029 1640700450480 1451
a191949a7ce94e7ed4dfdd0231e2c7491e53012eb6ea39b7404a156323e12097 1640700478433 1640700479691 1258
d65e0c85eda73f1d945d911b98e44152fa4070e02224e6e7885f41f4e8d176d1 1640700507501 1640700508579 1078
43f2d4b39c5f62b92c356ff84b024528a1835ba0d04bb386171dc2bf3011b646 1640700536456 1640700537539 1083
1dd5c95c0937eecd87e0500fe87bc77a7ddd8e66a578efae8b55bfdf358c929b 1640700565156 1640700566449 1293
d25b7d361c4701fabb77992c49a06a801e7776352c1623bbb444c3ec4e6f9f71 1640700594247 1640700595648 1401
4d0cbe68f786bfa911eff6afbb0a4cb6b509331b3e021cf4a97d67a7fb2daf36 1640700623471 1640700624740 1269
743f2438fdf6bdaac7f17c9d1438f37d79fb2621bad1f37a67530179686a1e3a 1640700652963 1640700654173 1210
