97c9aa7f94648d6678651c81e2348d860b5ca06ffacd809e36362a9ba6eacddf 1640700100136 1640700101476 1340
1d8324a5b998d3e2f81457f56ab11acac4f6c291eb86ed94ffcdabb40bbd08be 1640700129376 1640700130755 1379
44ef83d04f9248ce7262c1366018825698b8e1d66b9cb1155edc1827e3aae2a4 1640700158378 1640700159649 1271
af427e6cdfc0c9408f54b064ee147a05c8cb24b0aed5a13d23d02364daf76c73 1640700187206 1640700188425 1219
7f79280ca7ba86360fd02ee84d2cc02d9b0e7c05c7220e408d083db6eaf7fdd6 1640700216300 1640700217026 726
b869efa935d336688858677173b2ee9e61b4645924004027c42cf75ab4da2944 1640700245617 1640700246854 1237
69dc92fdbe871188cc0925a05993f794407dd6df103d4d7f7411120ed408739e 1640700274595 1640700275760 1165
3a24970ecb79848e6f7164e7521df67b21b2ed6cf0d23134fbaa528e61ea97c5 1640700303681 1640700305081 1400
91c1f385e4f606f12156f7a3899429a2068303ad2e15619f5d47be6946d685fa 1640700332941 1640700334180 1239
ebe87070365e45517d9255d6292e7b778307d743862f4fc5c7df7b63dfbf7668 1640700361873 1640700363137 1264
c5da8056d81a1216120ba4cc280ca1084b1a42542aeb77f40df0b5bc7a587fdb 1640700391070 1640700392295 1225
6c9417d422f60b13a1572191001024ccae1d44f0185acc1abb06635aded9f91f 1640700419801 1640700421230 1429
50922ae17f47e783b4bb3dbc67fbc84b5994f23876ad3b22b13caf18f7ea66c1 1640700449029 1640700450489 1460
f57b2a1dc335db74cc6e87b8cf1d62fcdbef2b34f2341b7a1782c3a256b7f63a 1640700478434 1640700479781 1347
a66644432d1d03c7aa7e190646125dfe771aef173161fdffc786d0303e09bace 1640700507502 1640700508703 1201
88a419e72246ee4516551847d8f7bb6f6df25ffd10d57166cb4bcb0c059e97ad 1640700536457 1640700537502 1045
59af86df16029c498b3bdaf80d6ee5728fc2aea4a45b51a59fbfc6404723e9d5 1640700565158 1640700566737 1579
324f8c35ca1ab1e9ef5da95d79b80c77ce251edcab5f181eb948bd69a73c129d 1640700594246 1640700595597 1351
0ffbf9b2129404f095f8ba2b8f755363974df09392036273e6f67dcf9a4a6475 1640700623471 1640700624823 1352
2fbc94e4281c745a39b516c3e8eeefa448a16f6dc342b3db9bd3f1c964781acd 1640700652965 1640700654229 1264
