3e4262ee503c0879da37886fd08f5cfa5a32ce4be2057592670f6e8ceaf1a4dd 1640700100126 1640700101237 1111
a85aff0afff68e7b528f731e6a18e2adcd107966302f6f478b221dad06335bb0 1640700129366 1640700130483 1117
8895a2df3f96b59725db18e8e62fd95144e30b9ffa343272e4a6021f6910a437 1640700158367 1640700159430 1063
8cddf771890b91498e3697a1c42e8d17b379324b95cc9ac45fbf410490289f1d 1640700187197 1640700188277 1080
49a10d485e982ae95124bc0c17eff156b4cb9bbec99e9e3d2e7c70e63abe3299 1640700216284 1640700217481 1197
79d1d8857e275a42125cd5bad791e27029582b5aee3f9f1e837a2cb7eae37691 1640700245607 1640700246663 1056
6608581ec8c7bcdd2c84922df6b9090fd2f9bfd4813734016948d8047bb0e62b 1640700274586 1640700275387 801
9db9bdf0432a6a7059cdc5fd03019f88d3ce5d0f83e5510484d527be27a19a85 1640700303669 1640700304924 1255
a31cfe96ba1ee1d90bb941eafac94719745bd91c88db702fd413a5783b30e28e 1640700332930 1640700333997 1067
875c91bf3c6dfb7c1e57a1df8ddc12ae441534bea1a78aa69f775d048bb1a962 1640700361861 1640700362866 1005
0170ca0246b59aa2475954a211b1ef27e16832eef4ecd1e9b2c6207709f1ae4e 1640700391061 1640700392117 1056
d4f2427b91a77f41ecf3142176c1cadfe847ed0ae8ce9b1cbdc6fcdec318a5f2 1640700419791 1640700420931 1140
49c09247264864c20493e81cb6882892c36cb296f0b818a3506bb3e31494fa59 1640700449019 1640700450288 1269
267df07a3ad0f9300d3937a98115bd91d70849f2c3109d15105242fb209ad2aa 1640700478425 1640700479594 1169
3f88a64c6bee0e5828c2657deee0be50074cd3fe0af6a3f3004940208b585763 1640700507492 1640700508311 819
ab24306b8e2858dc710b73f19ebaa6a14bec7089158f5392904515f5fcef51b5 1640700536448 1640700537189 741
78502a3ffe6d65e416fbcf6519eaaf75e3ebc2415a94d078f30e31b132503916 1640700565147 1640700566520 1373
853c89b010d089f4e1d7276d30b5c04b38dfc19c2daf3cd827a94d6c75f5ebb1 1640700594237 1640700595437 1200
711ee1bb553d4e264c49f4c0ca0f04ee43921d24fbd934cd0337c8f57933f01d 1640700623461 1640700624458 997
66ec2109d038f6f5acba5c97761cd45acd3cc4d95db0e509d62266f32c81b96a 1640700652952 1640700653888 936
