eb553b40f55186a9a93513db4013c620995d55daf9a1c1080db738682e8ab89f 1640700100133 1640700101351 1218
c6c1feedb69d605cb07288deac25e91c6b37245ef39df9dd5f9e1a131efcb4d9 1640700129374 1640700130665 1291
f14e7c20a95b47c12af1579eeb66339c9870c9edfa8bf36700a55903483cfa87 1640700158377 1640700159673 1296
05a2c0a97725a9db6a180d3e34b5851de6df93d17f054abd2bd149400dd5fdd8 1640700187205 1640700188398 1193
bbc19f7b3bbedc5ca6dd7796f82f6465767d5ca045f79d1b68b88a40d2de7160 1640700216300 1640700217480 1180
9453d00c6e1b78713ca4f83574a51f9e395a7f25fb494e39865e8f94403d54ab 1640700245616 1640700246556 940
d7eb9bff35d8b5294238b5a733b95a61253780826860e4c37d7a7292392d1b7b 1640700274595 1640700275657 1062
13ae8d7e6bc5936c4576dc32bf7163d2d7b264799fc4d321a90bdfeb23410da4 1640700303679 1640700305256 1577
797563320825d5954e93507c3b7233634d41832446654c1f5b76dce2e6702db2 1640700332939 1640700334144 1205
d9500650b0769fe65b2edcf6cbf0371ef10c87828a8ddc349631145d0e82e6b6 1640700361871 1640700363139 1268
fbff7ec19edba1135387ebe2ed92590c4421b8aef1fb2e254dc9e39c0cb613b7 1640700391069 1640700392219 1150
20ee2dc698df59e589b8b1d3d99baf6526913567fe8604cb942c4b75da4374f6 1640700419800 1640700421024 1224
7601f9fa3f5f18fb8f7475b610b2e0929349efa0a5821d67e5d15ef1a286a194 1640700449028 1640700450366 1338
1a7e6017049972d9fa9c92e001eb03a2aa36354b7b36be9270f8d503f3c1ff9f 1640700478433 1640700479683 1250
b890a9949ea1d3c687ed69b9ec83179e4e584a69e064b2cf90c9a85c5fb77c19 1640700507500 1640700508753 1253
1fcfd483cfee1eb4573a63c34ae95aac6bccf1100494a17d5c9a9c81239aa41c 1640700536456 1640700537497 1041
ac7efe682a3e1b5291702afbb857589c6793ce755e3b7258195e323b271339e2 1640700565155 1640700566504 1349
ba4a8c96f6be126ad8079694001a4a7754b5c8ee978c1e9f8fef0b76f219f47e 1640700594246 1640700595556 1310
766ebef5e30256384ca9fd916496179fd2e2724c9b08f0088915b9a2fa064763 1640700623469 1640700624740 1271
62e27ffb003ecd201402bd9205b069128a38e0bf23c79b207e3ebf1be8a31d4e 1640700652962 1640700654189 1227
