d2d74dcfa07cb2c219339a5d26e7f726d09e09b945607aa3e9fa09fa8344116f 1640784379744 1640784380344 600
9d956009ff1062ae04aac54f102e04769c35cf3914505e1ce5e26b5eb7b5fb95 1640784387039 1640784387640 601
7be24afe75b99621e1a522f8006707a3202bcde6a1fd402a33b6b1992b61ade9 1640784394506 1640784395081 575
dccd6fc061f7167d0b5558d82e3baae4786e4305e8fd628085256224eecdaa0c 1640784401910 1640784402533 623
dcc2f00b5576bc81a8f6a4ff1fafeb7e8518369d188460dcf640f21e02248202 1640784409594 1640784410201 607
d855189799c12b8c3f5b204de4ce61c17637b8f2a71b0daada83d472da1a6d57 1640784417000 1640784417625 625
65658f42064fb7005765df7d9597f42401200dc74137722851b1ab10d29c9746 1640784424452 1640784425025 573
48f8e354230143462b9e40974d89c389c9926bc57efe6c45323d96d25d0ceb3b 1640784431769 1640784432378 609
f20915a8420ddf8fa4a66277505ad9f0609cb1669ddb251786a0d043b8aee98b 1640784439164 1640784439775 611
122b50c9b4302587f429db10cb6eb0054e2d68445e32da63437387298c32841a 1640784446554 1640784447167 613
cdf70ce67cf81666ef665576a8f215bf44170d0e80ea47608f64b551bc1f4d98 1640784454009 1640784454643 634
2f1bac9d0e387d8299f51b12eac3528f174054eac7750908892d146c0bcaa8cc 1640784461385 1640784462036 651
4c95333d69179b449d0079f636171b814242fa76ed3e3cf45a1dc8d2b0a2d666 1640784468901 1640784469501 600
1ebe146e8d833321bd0caf134aa74954505316d0aede8b53eb6cf089087d403e 1640784476169 1640784476723 554
0e6420e80fc15a3c54b1fdefde115e800049f1a01fcdcd90f65d7f4c531e802c 1640784483316 1640784483944 628
acbb7883f77895595023875296f1e5593d6c58cc2ffd752c30303460ad5a9893 1640784490639 1640784491238 599
24180c97cd3371e68157d78bee08a1c4cc0c6bd1824b4d12efb516952262152b 1640784498121 1640784498702 581
12e7132bcf6396e3949019e8f15e51915e695b30d73f70cc9b42bba5779cac17 1640784505345 1640784505996 651
0c9dd6c1faa3ddefa5815e4efd2185446773bedd7232f2351a7a984659be0bb2 1640784512664 1640784513275 611
1fe49bd371f6ba010c87a476ec2be04a3ca76f635d6bfe7cab43cd73f28194d6 1640784520059 1640784520585 526
