ec9455fa0bb95bad0355d49c72f2dcde57dc76ea084c07ded47c02db45e34139 1640787941062 1640787942143 1081
b446494f86b1094ec08f0b05c777df707bbe9fa00b718dbe0df790558a0fc1d4 1640787953004 1640787954379 1375
ed2854815a4677d70b3c813ad8130b9cf6360a6904f5f549a9bc6a3a0d930836 1640787964496 1640787965910 1414
f23536d89b4ad5b3c84c7e574d86186b4d2e795043737936631f759d27414371 1640787976146 1640787977271 1125
69fbc37f572dc6c5fae3cfbce26a6afdf363be65e91deb69238a1ebb4e1df25f 1640787987584 1640787989043 1459
06bd523cb887adf733912e6271cc0493c8a118413e2c65ef770913feac626af8 1640787999216 1640788000696 1480
33a3308f1b3b018bea34ae7ab2ed4fc94568c8ad2c7a8cb278a8cd80a50c7688 1640788010833 1640788012266 1433
1c0d0b8d6630defb75ceb04bca13d4f986372462cf46559ae926813b48e1cf47 1640788022286 1640788023688 1402
ef5f72389662c22cf295ed2693a4025ad607c2215fadc6af9288932ef70983df 1640788033860 1640788034936 1076
433d664a1f2d8132be387b9d38eeebe9ce9ec90a5dbac7f9928357976f299f48 1640788045324 1640788046764 1440
9e4afb99c6ffe5c53128695bf37afc8b8965be39786bf95805acfbf882d19af7 1640788056908 1640788058349 1441
3540f8fb3fdc7e256145def37d02c71d1f74755db917edcdbb0273f8ee2b850a 1640788068631 1640788070059 1428
28211b893922b858f6433c21d2b4b83095d48bd56844c5f6d3692f6823f7cc5b 1640788080083 1640788081474 1391
d60bf959bca8d5859eceabe3d0c8a765c799920b764906562c254141ff17607f 1640788091499 1640788092904 1405
da5d3c44022dd1f4defd2fb3398676f43dbe527739c47111fd3aa3109cceee20 1640788102969 1640788104375 1406
62a23fccf06715e3557f0b036cb94675e3a0dbd3ca444536113427786435e761 1640788114424 1640788115852 1428
5a145e2e5cab0226a57cb8cae73f7c2fbb248def56ad9744a5b1b7e09549e448 1640788125981 1640788127371 1390
f9bec3f98ce55e6ed1b214c0e1d57bd0096ecee1011f6be92da80943642b1918 1640788137387 1640788138821 1434
8c9b2285f223c5db6be43e4506baf7c2eb6fbb52e8311fec6ff3b4c044f93f3b 1640788148790 1640788150176 1386
5aa6fc44bfd5ea7d224cd8889d4be0cc81d1ae2155fdb7e9eea59198f255799d 1640788160309 1640788161644 1335
