17ba29d7877acb52ad8387b48189d3834f98e193ea026ba6f332f32499fa840a 1640787941068 1640787942505 1437
2357f54701850ca482e2d099cfd79326ab758c97b09088cda138bf06b156b129 1640787953007 1640787954089 1082
9803987c09d7f9ae33dfb0ccde45373bfcc20080acbeab49478ec460b953e7e2 1640787964501 1640787965880 1379
529884c64973a06285a8517d51b39a21b933975ca829d5258b98a8f137758fa7 1640787976150 1640787977561 1411
d9d283e2e23c9c8dbcf8f7eb2f6a0cc240d7ca340b3d787098914b5ec047a59c 1640787987589 1640787988993 1404
3b6a5d9e7e6b5e233bc09db0020a766f78e22b9c31f2a4963c1037401aab0cad 1640787999221 1640788000693 1472
60f894c1445a7a7b77d5573ced48332260d4963671cbfe3d99c12d23b2750b0b 1640788010838 1640788012250 1412
2eede39bd1109b45d92101b981f7a46b8ea25685a9cd8694657fddc03fb7ed18 1640788022291 1640788023675 1384
c8e360ffe2eed5744fd3ff9c5c0d3aa0bfc1c8b4deeb73c8f55f8686059744e7 1640788033865 1640788035225 1360
49a927c0091f71a1c58cd155d3474ef6f341d935d35162bd29d6284cee7fafbd 1640788045330 1640788046750 1420
25349242520170483cafa1bc7c2c91c24440d14ba3c36c94918e02d81dabc3bd 1640788056912 1640788058330 1418
548fe08c4727b8aae0fa1a949e567a62d59ae7fb3d806ce14ca154b1b4232082 1640788068636 1640788070041 1405
0124016ce653ba1120a7343b56067c4e6817a007c42fbc9199bfaa4e6387583b 1640788080088 1640788081398 1310
350e0b7025d9c17fb4a83a42d72f3a01f19e330abf2d757232338087a4e6eb37 1640788091503 1640788092716 1213
58806e1eb59e2d3831adc36d88bf8949039804e61b2d92a9d801555e2bb3d872 1640788102975 1640788104290 1315
692cd96d81ee807df0e903f2efe0abd2862450807b8eb4b3f260b21bbdd58a1a 1640788114429 1640788115788 1359
839cc4c5dc2b408313a9295f39bdd106b0efef787a8377437a20f51fade13527 1640788125990 1640788127395 1405
c2b640b6e36d90af7beed0c5354f96578b27acba1d63ebf2cf4646971360072d 1640788137393 1640788138821 1428
8b12997fde16f1d58a573007aa16a7ea5b81fd0bb0c182610d05bc15a7bb06cc 1640788148795 1640788150171 1376
332ea75679a3ba550f2f1febee8332252e538d2cd4e011b82cd39b235b9446d8 1640788160314 1640788161616 1302
