8da9c84186c98a3d29aae07ab8bf50321526731373fbdccd2b1aa4c9b395fa33 1640787941056 1640787942522 1466
c9f4aaa568a97ecdc7dce29d53bd5566f1975948aa7066559e2654828b2e8901 1640787952997 1640787954188 1191
6691f1f04f87f081cd7d7402b921a86cf22824f5c298a8abfe1b36e80e6f4b99 1640787964488 1640787965930 1442
6b98926d8a7206881e94cdcd24e906a1a1cf624aa1aeeb240db2f5330115b7cb 1640787976138 1640787977562 1424
2d2e9507ea90045e75f643d2c60134d94168f1fd01b61dc5ef3ffa7a56bc0da6 1640787987568 1640787988700 1132
85b5daca8f21fd3f186a288e76f339aeff023d9e5e58c2094b62e706a2345c3b 1640787999200 1640788000715 1515
155bd259b4bf2dc80c3ce5b651e4cea5d1308fab20620f00fb3d7adfb34753fa 1640788010826 1640788012259 1433
2d64c02eebed617ce6c16d891317239d56aefcc4bbf78234406e108b4e0b73b5 1640788022277 1640788023680 1403
e2f5c39d40cf48ce140347ab0d41d9bacad93747c9f664733d518dc75a3bae64 1640788033852 1640788035207 1355
901b546a72b56335794252e456a1eae6213f469f602c3ba3bd54c683df5cf39c 1640788045316 1640788046764 1448
01065bbf0aa2482cccaa951d6166da538ad15dc91ba24e02c7a7b11fa1060076 1640788056901 1640788058304 1403
4e6bcaf8440499db11ec63479d137ac32829c7757bca32751e07a155077180ed 1640788068622 1640788070013 1391
189eca905a9187819124d7b804c10f4e2e5c8778b51ee582fb7f61e3aa888332 1640788080075 1640788081506 1431
44dbaea514a9cf36678b4cb4f20f9bd2402351a90bf69188c70461eda2a5396c 1640788091492 1640788092898 1406
3e0e3901498b58e94d5fafd9f6665eec26827c2b6d44687f4721531f5fe4a965 1640788102961 1640788104407 1446
ad35d0fd43c87293f1be91d31d93f2286c48c82ea5529d25ff115fc0b488b8c6 1640788114416 1640788115860 1444
9a7a466a0a37a6e9b59d46559d2a0ca41ed94493abbe476bfa3848bc06bd4e96 1640788125969 1640788127449 1480
9804f9f1fd5b8f1dee7002e5538d5469ee187cf942d6532aa1bdc42987625d68 1640788137380 1640788138712 1332
12c1e5daa1084be761d6c22b9178a331cf428123baadde400ecf5bb0b9e4bef4 1640788148782 1640788150125 1343
ea67a5d8ea88695e05b500fe7cf65cd73d81f550acb7234fc1dc35b1959ad22e 1640788160300 1640788161644 1344
