b9bf1ffc2b94395868ebeaa657f8f93f6f3450bc694a416a799488f758263ebc 1640787941061 1640787942505 1444
4ab58ff7cd0e84ab39d39f43fbd88ea4c7135ed0220c301cc1b355bca93d1eb7 1640787953003 1640787954088 1085
eb2dbcca4ece39c1c41ddafbaf1b1f335c352ad55247e411ed1d400f13c51858 1640787964495 1640787965904 1409
bf72b59ba6409a5d3d600eaca012c9e1ec38ea6cca31e91cfa8e2d502e842991 1640787976145 1640787977270 1125
3e631c3fc5c38fe8c31231170d9df37c954b2dcdd63808c18c299228277fcbb7 1640787987581 1640787988994 1413
6d99915d488d7decfb048f74ff4537a80c18c78040f2190fa99205cd80ce2dfd 1640787999221 1640788000696 1475
cdb481793dbf2ed58f8a4189b8aee99bd5801e51260a7b2b1d7fce790424ef54 1640788010832 1640788012251 1419
fb22c8ff31074d121d2f1b95a4a24ff25859cbd4b33881b211dc8e9e619ceef7 1640788022286 1640788023347 1061
23130855cdb72a0c4717b70b3882803fee4ad450b8c8e58e8d075638e528e437 1640788033859 1640788035141 1282
a2194e87857b7d13cb230a1ea4697f2baddd92ad86a138ad36b957bb60058feb 1640788045323 1640788046469 1146
f8c159de6607539d6d8390e2a4731a94b5b5a292f24474b29d2de737316bae71 1640788056908 1640788058346 1438
a5e4969ee93af361c6be0bcf812a63bd18df0b26ba15cea577b085b0950dfa92 1640788068630 1640788070058 1428
9e08f9963028b82476a529bba7d32446b1171ca43ca06bbb7adbfb1b5c107f85 1640788080082 1640788081210 1128
bf93067a430141591a0402c2e457abc56a45e1a0f337160598d4b8010619bbe8 1640788091498 1640788092814 1316
a00e18a4a999cc8d76ccc4c58cb2f1ac64c421bbd1b099a50e0da17969a612fb 1640788102969 1640788104407 1438
c301fa337e7b468821e9fc94b40eb56ccc0c85c32310740afb224b853566031b 1640788114423 1640788115792 1369
69b776c4b021fd3dd1baed633146c4b9a91dfd7df9c47a370c9606884f685b55 1640788125986 1640788127449 1463
54f6f6f5cedc674bb79d7bbc201e565659f86a57194eade100f4cda2da2500c6 1640788137387 1640788138820 1433
5a02f61e3bb0829dc598cfeef8b93c8dd8d97cb5267c10e836c32331fd6a66de 1640788148790 1640788150141 1351
8eb1c8a8d762c7d8bc82d8fa4d166bc146cb000328be57659cbde9426c749338 1640788160308 1640788161677 1369
