64ee0ae08317ef1d270c0039315a2fa284472f42894b0ac2b90a0d1e62df5b64 1640337616644 1640337662217 45573
7fcb1c16fced892e7585a6152748786031ce0e7c628b2042f81cef9ffd575cd6 1640337698448 1640337737042 38594
7dc3bf18236ef929823a4c9604a98438b9ce218a3310d12ed887a71b7bb8fd83 1640337797271 1640337873351 76080
712cdad31ecd9b81ac6583da1c794a6d9cdcb0a4a259932c9110624a45367a4b 1640337908206 1640337951708 43502
137945808914309cc31787100df8befc10368019862f2977dd9364c3e201a34d 1640337996200 1640338074986 78786
5206cf30aba1e70219a3eda610d5f47cf040bf66394c0752e60ecf6643f0a26c 1640338099605 1640338155490 55885
039f78f5aa540621411d0d7f4520a5f6973bd107e12382e8524bf086fb5df09e 1640338206675 1640338273639 66964
95f825ca3a3dd440bacd9b1364d337998a18f589222bc8a403c9d025fcfe8618 1640338306312 1640338369800 63488
6eb0f490ff863b39c319f4fb02f8006e260617b7c86100d61e911d34435e00a1 1640338415013 1640338470339 55326
0a161ffbf79deaa8880940ce4368de1527105cf484620e79236c7d146cd7ed86 1640338515589 1640338564858 49269
92a8e23aec954a2f83b4d6bbb7faac5499fe6e53a5cfac6444ad78c929735351 1640338623802 1640338684479 60677
efa4d9ff9533f74d376d9f1238ce6aec7406dbf8668e89773a7716b7359af013 1640338724868 1640338804929 80061
cc6624bbc003891a70dd4067e3e1c90947c2ec96fe54e3540682ec548436d905 1640338840231 1640338898758 58527
ea92a5b98cb481c42d33dee2a774027645907cbd23b32890ec3404741907bd5f 1640338924960 1640339011775 86815
dc7b252a5e42cdc1dec3dd93a98e88672878289fb16a734935aa30594a727c21 1640339034582 1640339122434 87852
618e0f3cb6dcf7c8749acf8af74c10d41d3d4fc93046735ab3fdd5ce40dc86ba 1640339138912 1640339192383 53471
6360407bc9386dfbeedcf9152004987fd9b43dd98560d85335b5c1ac4ecc9d99 1640339242967 1640339314159 71192
1190d8e7bfcbacf753df41e39a48d2034c444f8ca10391cfa154aeb1de008d31 1640339358515 1640339431904 73389
234db67eff98bd8e07914f61ab7f10fb4691390579ba738b1619b5a367b5962b 1640339454601 1640339508699 54098
b6a705a8e8e34b30dee74f911f96dfe69e88c5c96d1f03adfde3806b191d8805 1640339565055 1640339639460 74405
