28803f9a87ccb5d2c4f86e2cc86b17d50f63f790b33693fb48dfe90ebd245b9f 1640337616584 1640337617121 537
14ecf715f425b696c68197663468e3ff84cd0533425084bba3d86141212aa9a3 1640337698382 1640337701174 2792
4e0b8a04f2dd184a41578128ef9a5d931345227c8b50fabeb277c657d31925cc 1640337797204 1640337799253 2049
93835288654ca7311764e9cc554e5d446b5195a31f83483911718a2a000ae2ec 1640337908141 1640337909658 1517
1308ea7f599dbe2d3c386745e60fdfdbc88576d4d0b9d3bd2e02eefa675bdc7b 1640337996118 1640337997481 1363
d3991e3f2e7f293446f61f53243e687ca1b3d786f7e7b202a18a62d3a12759cf 1640338099515 1640338103106 3591
adc3330f5cc7fee70874fc3815ecf496d803d75e5b10d5b14edc77764008b2b2 1640338206584 1640338207121 537
a208e97e1e9166360750f24c47b630b9873dc2c87d8c2347f82068cb5422a92d 1640338306231 1640338307084 853
22c75b1c14fb77185a7985319da0f752b5569ab8ff0357a81e80d1e48bad60d2 1640338414929 1640338419802 4873
505b388d56a654bf31a967fc852175842d99ac4f4f985296175967bfe7e467bc 1640338515493 1640338519660 4167
7a60cd0271ed4dae9ede7106885188edd332cbcda88a530f0cb5046668157c6e 1640338623725 1640338625074 1349
8d576d1b8fa4c8ee7e6491ce7920ab380b2a43d88e61e94d7c502877c3b1e10f 1640338724779 1640338726418 1639
76469a507f19557a591650a6eba29fc46ea5597c1336bba7b89917555274633e 1640338840154 1640338841861 1707
2799693ea61ec83fdadb558bc78c09723ad39042f381a36b529111f89b4bb98f 1640338924874 1640338925748 874
7456f4103e58223d4e5a685c82d8a0997c8e3b2948cd8aca787cde1a5363d0a5 1640339034501 1640339035622 1121
c677b121c5380d25fccf01b8e3d3ee6656294d942dfd2f13de88b64422ad57c4 1640339138831 1640339141451 2620
3623b6febfd76f79bf98ed012b387eb088f49a11a6bc1ac4be46e01c41663dc3 1640339242867 1640339245021 2154
468912a22ed0e22dd275b89b61a7bad48ee16a45e2c9ac7748b00937105e7640 1640339358416 1640339361188 2772
7aaa27c0269f358dfb93b8665e9204c3e11e80987c4c1546e2253f299a6a5cd3 1640339454504 1640339456845 2341
5292b2655337632548eefede31336e6211f7bddc2418892ce953516c730b66b1 1640339564971 1640339565724 753
