91f5bcd1e8f372bb6a26bf80ef350435150a8e760259b9452bdab3deca9a7fb2 1640337616639 1640337652411 35772
dedcd892ec4d3c8d850f30a96301f8cb04e67e89f2c7b814313fe31d4e612595 1640337698459 1640337779610 81151
a17c86da50309ab82ba9512353993bbea5c161c4d48e3a99a188fee0021db0f8 1640337797268 1640337840618 43350
3a5aadfd44077383bf5169783f693b5fb46a4ae2a634d19a2d104504ddff4233 1640337908201 1640337949417 41216
fb25296837d394e29472e68be1742e0323f510861c24141f898962747bbfffd2 1640337996190 1640338066042 69852
8dde07ee805df571c9f381109c9016702296771ce53855270fbd6c8524b1bc14 1640338099594 1640338145961 46367
477fdf98b40c35f127576e7e4e32b394d6c3aaeddd4c81d07adc8b9dde5faf75 1640338206648 1640338273080 66432
99b97e16f97d214060e3cbea06c1a5223d80446b62ea058a6678769271c253ad 1640338306296 1640338365830 59534
cd272e6bf4c69fdd2f08463ba3cd1ad1272758dfa665b67e5fbd7f29b0c669e9 1640338414991 1640338464048 49057
099fd9a10a0d1ffd0527791e3ed06f5f1dde9c5fab450df213bd824096854a3a 1640338515586 1640338560702 45116
088b66cded2aab1fa75251f0004717f748dc4e70dc37aafd9d2b1b1b7eb6bf57 1640338623791 1640338667224 43433
ebad3402c7b645d55e4e7828202dd9371dcafbc347edb8e15dc22d81de009225 1640338724858 1640338782554 57696
5f00767febe532bcae4bb0d94d88ca24a142dcdd96d90069a5f4c1548af32ece 1640338840237 1640338902257 62020
e9324482a223f6aaf5084afad7b42f8db992a158d69fe5bb4e9b19ef0986a36b 1640338924951 1640338969317 44366
d2de9ec7e33e75dd724fc7f2e9672f490a8c6aaeb5290f1bb6141fc99923ca86 1640339034569 1640339075219 40650
90eb27da1625c5a841b1cec121f7f23492cb7467d33904f4943f71b5f2fffcba 1640339138902 1640339191975 53073
a7eaad11fdfda33f5f238898f3cef11bff83775bbaa6a7abd4a8a2625d9d40c7 1640339242941 1640339283421 40480
06fc11fb848a09853ea3b3c01a024ab76d042170509924c29e17dd8c868a9cec 1640339358491 1640339401026 42535
478e8a4f846f4f9d05c4b7aef8283bcdf2d84435b2f3216811546a9cb827c447 1640339454584 1640339500158 45574
fd396fa60dac1780ab6a2fc431c851cd2b3313bed22b13a4a43ddac47a88ae4c 1640339565040 1640339640067 75027
