2071d36faf501829b3fbf7f4385b84d226d9b0905ccd8990cfbd734f197f19ad 1640337616585 1640337620465 3880
8776bf72afdd530c770a210171c35b9939214945c0c6904576059573c705e242 1640337698383 1640337702780 4397
e0bd5dfecd24b5f9314f225ffa361de24692621134370635e708187f7146f44c 1640337797205 1640337800084 2879
969a965316eabe978422b6fc804e7478f85bc1fc48a576566d99e2bf00517f89 1640337908142 1640337916815 8673
281e996394c31c0a5240ad6eca33ff3041119f19a5f6279292417423504aa4fb 1640337996119 1640338000993 4874
170bb6481f3d92a64fef1939b1c01feffac6cab7eaa1a9c7fa823b9ab2b39a63 1640338099516 1640338104173 4657
550b6cc0d885a151f5ff928b45363a759f5fe7490673a8e1b3d98cdc6590101d 1640338206586 1640338209008 2422
d44829bc37287705d4513cd6e79eb093de417d1ae6bef9d11badf512ff423f45 1640338306232 1640338310335 4103
7a1bc25bbae2e9b98a1d0994fb646d85112dce5e08534fcbc7e14e95dbb86bc1 1640338414930 1640338419992 5062
2492cff47d25b6bbbb46f486a8a6c2d2c52c2c7ff2ba4dc47356b539a1a5ae5f 1640338515495 1640338518071 2576
43a88e7875ed24c28f8c4b4883a69ebf3b1e4f33df566e137aaa6e1115be6625 1640338623726 1640338627427 3701
4b4cc282799e0df7e23ba8298335fe34680f2118a3d07b858e3116ccde1fe4a7 1640338724781 1640338728111 3330
d271c3caf358608fbf2ab6ab46250852c6ccc09d37cccd2e0fd7a875b3ea8e89 1640338840156 1640338841874 1718
153ee1dd36d1265058b329084f4a5307b5389de80a3ed090443517471252e9ab 1640338924876 1640338927993 3117
bc04c488d4c970e23bc86639d1454fc1179225c138f891a0b8ffbcfef4947b72 1640339034503 1640339036722 2219
c032570ebd9f6f7f0db2c5bbc46203c19f63da5deb159ea6a5672388e91d0ee2 1640339138832 1640339142742 3910
f85ffa71089ee2c46fa98818541f1da155c475258ea113dce790036af12a1bce 1640339242868 1640339245448 2580
e1ebc343551a5f3687ba3f52bf2248db8b08740b1024d0f3eaa0c6100fb8070c 1640339358417 1640339361759 3342
9523cc36843cdb2d61885c0ec8169e3446f128a44a5c66c92db9a74702fe0dab 1640339454506 1640339457796 3290
12702cf43c3db9773dd5bd2b04eea9002b2d5ae44107d6811870bbb00b21f9a4 1640339564973 1640339566762 1789
