ed1e04cd1d7a15f7af091e024ed3f6598f562aa6b70c0bfe434068424813cf11 1640337616607 1640337633698 17091
2aa01ae03c3e36d641a515b617d42017e36be0d8545869fd78f61622378358ce 1640337698406 1640337718588 20182
fe252db8526463d01e24b585f25e012a5fac634310a1f2b8e135c6a18ea7277c 1640337797226 1640337817297 20071
af88fe0c9f1d46d072f8529967c30a22180c2b450caeae2b8800475290e5d472 1640337908166 1640337933893 25727
8eabf43a8e4aa10608c1ae6b123fe8f7082b3da7033633aa12c5908fe51e5c17 1640337996146 1640338011501 15355
b414ce8d60eade808ad44bc972447885a22212fa6017c75216b4e9dafe76a7cd 1640338099539 1640338115853 16314
bca02cebaa9c3552d4d2f5edd088b851eb06fb057820f9cd74ee6a08bc7cec09 1640338206608 1640338220746 14138
bb25ea38b0a4cb60480c0f36ab811260eab34df14f4a69d29c20b61ad8793d53 1640338306257 1640338323659 17402
05fd36023ba6d243cf2328553cbf47ef206d4a86418af0acaad0344966374625 1640338414955 1640338433122 18167
e1534d751b9e69ff6602ae2ce2b5e5794ebe25bc029f25b08410f81787c35bfe 1640338515518 1640338531545 16027
c7c1a86c476c3e7de38db495415b1edd995f3453ed534fdda0d6a202880bc1b1 1640338623754 1640338644126 20372
3f969c249dcbbcaa4cf255d707d14a6db17f9f56c9e144931378dd361fd465c0 1640338724810 1640338743836 19026
4a7c187bb0c1a22451fa492185106d284e9cc6d1191193230fec7d74d4288470 1640338840181 1640338855913 15732
4d39ac12b851ae0aa668a705b228b203f8c8c63b3310bbf669058f5bbcadc86e 1640338924904 1640338944600 19696
9127b33b669e5d761878f33aebb2a4d9d9ead55546fed5041b9adebc58824974 1640339034534 1640339055626 21092
7cf327c482b736080fcd96dd6a89957cbfd3153c02f6de789df90af5e4c3a0f3 1640339138860 1640339159251 20391
149d93d60881baef743fef9f5c94ff39de3f9fdd6ed22f0e401e5ff804be495c 1640339242899 1640339262299 19400
5dfbcc9fb99fc916a572d7314404ec9f36a24f5cac594d579670e7bd61d81ac9 1640339358444 1640339373154 14710
94462c88d4a5bad3674459b65a44fd092f5ac424269f08c30468d69dde8d9a54 1640339454537 1640339472955 18418
8fec748a0799d74e4df122fc9246d8801beb31769c3a93b5049739a09d82d872 1640339564999 1640339582064 17065
