3ced6fb89e6fb7fde5c91d46d5b5937b15563a26b9cb23e5bc86d19d7925cbd2 1640337616643 1640337667073 50430
9019f90e8af9a5ac6526e7529f8a54fb1430073d14c6fcb251acd31ac7927b71 1640337698458 1640337780524 82066
8cf330814cbc9db4391d2928ce849b17da0f0f3ea2d41dfd0f62884eeb25a778 1640337797278 1640337871914 74636
0c3d052aef925edab04469a1e396d596ee72f6c3f6c3b431ebddf465e5cf3e02 1640337908221 1640337958315 50094
38e6b39f0740a2985f93fc29a2603e4e7fae8358d816aeabb7b12ed7145025e8 1640337996206 1640338081856 85650
156a15539d67b587c5ea8245b3bada0f23521476813768f6d67ca89896b920d2 1640338099604 1640338159160 59556
77fe0480ebf2424cf31ad0a63fb28624333605b175c6f2dc22efd83718712f13 1640338206677 1640338289940 83263
71f56d7cceb7e7681ddbfacd0dbca63a29d994f2f29a37970780e8f7e4ac7b35 1640338306317 1640338399445 93128
54c4f3528740582b071ef61fc1ef3407126566abf3cd783f2f39034594ee88ba 1640338415009 1640338460705 45696
dc8ba933b33852de9a4f3accfbbac805e25271e2c51cf20cb1b4958b7fd2bafe 1640338515607 1640338599735 84128
67dc8618def2a61ab3ebf254247b8b8fae09bb55da3aa02cb4c6455e2eff628c 1640338623810 1640338685285 61475
a2a00ca3405abbcf930bfb6f614557d0390246b10960a96b3aacf16f2c727431 1640338724894 1640338810632 85738
5fad0ad4527ac1cb3dab670a991728a96bcdb955dfc829fc5239680eff115a78 1640338840241 1640338882029 41788
44b0ba1600bdee12b57314651c48b36259ca0cf832943f99e4fca4fa03e1c7b0 1640338924977 1640339018643 93666
c7d9b8e64ae7e39a80a683c3c8d4a89532bf1f5536636e8286652c5fa1fd5e8c 1640339034586 1640339123744 89158
c732f110f1ae25e62c7dc0fd6ee51ebd6216e17fb5f2fcee661c8b8b1c82937f 1640339138915 1640339207947 69032
cf8044be56b722527a9f98d2ab99913d924d8f153b17548150afc6d1e1002299 1640339242976 1640339330956 87980
7902455fdc6ae5ffc154fbdb1e3b923ce31f28515ce01a0166c5a0551e2d3842 1640339358512 1640339432529 74017
be7279345403c9e8a78eb3428d89919a1587b688c54e08422f28d4bd38214543 1640339454619 1640339548356 93737
7456a2680d4dde5b42ea266ddbca7a68937e5552e2760f8b46d4eec4d365f734 1640339565065 1640339635563 70498
