50662df4199345b1ca812a9e8778bf11372a7e56e343b3c5f9d2d4bf4335383e 1640337616629 1640337650120 33491
4d96c567aea368604aa64a4c7313b93e87269987d20acb8600d6f39e307bc3b5 1640337698435 1640337771551 73116
a43c029ee67087a967cec9ba49828d63c532a7d89a4bb6d9d6f69bc0aeaecff5 1640337797258 1640337837228 39970
678bb8fd853df3f8fa9037942477cbbbb30c18e35e1330cc57414730d93c1708 1640337908195 1640337930971 22776
fd3faa0da1d6d2ce0353e7e5ccaeda3aae50b73842421139df606f8adf55af4c 1640337996185 1640338052182 55997
8826535c1e3e240a440f7af865213e564defd55ecc08510fa0cddde33e3c931b 1640338099583 1640338148338 48755
8898c63a8c0ec43b72cb39d85f7bc8c4b16d9077d3b42958410ec6704f97aa9b 1640338206645 1640338244126 37481
2523286181cf374f8c9921ebf870a5b14a9352db437377e85f895a211c9a0d76 1640338306296 1640338353558 47262
d57b5f4e2597a98036b64c54591d75596e877c461e794896e2b266915498d5ce 1640338414991 1640338456542 41551
41666d00ef539e68262722b0e0bd2b9d4f5b71d5009743673656e33d02c5a9ac 1640338515578 1640338553208 37630
074f3e084ea8f00676f9f923b8634c7d529638325d353eb6cf15d5754e0a8c51 1640338623785 1640338663801 40016
d4a94260e67828ceb6c1fa84394f704eb14b25f4e6cff8f58bca013b3b3ecb43 1640338724849 1640338806632 81783
e36edb28df539e0ca358094f5e8970c1292cc99588eaca40122eac21c9a56160 1640338840229 1640338898457 58228
ffb491f39f081ac7e3b9cf067039b1ebb994fe2164ec3301cbe65ee0d1980590 1640338924946 1640338973286 48340
0fb8adda96ea6f4c31821b93990dcb2c2e33b49b73e4a39419ee9e0e18130846 1640339034564 1640339081249 46685
325a382ee92993d3664b3ce52af00ce7b7c3e8f88ab8046e16522f9166c724d6 1640339138896 1640339187834 48938
aa81e3064f47f540c17a4ec8b5dfa9df75c297777deddfbb299c859e07d09cc1 1640339242933 1640339281196 38263
44e01c3442ffac3e1d0527da571fb5c3a35fb293eda4312e47db195493a237aa 1640339358483 1640339402921 44438
1538112c7453c1da6e6f1d58b7e7ec85e5baca490e0ac374bfd3da9eece5f8c1 1640339454574 1640339491700 37126
04a13920f924f6c483929a977bb8568ecc325264c5e70c8c50bfee52b8c28423 1640339565038 1640339628157 63119
