570bb87e68083e65ca0d73e93a5559540c9a86e334be12d1e344cf45d4b51f1d 1640337616611 1640337635892 19281
5fc8d7159cecdbd46cd090dd66410ee61280e8ff04242b6c88d1c2abaebb0bc0 1640337698410 1640337714008 15598
b46f7f75cd43331e1d8fce82a37f1438cc360ac4aed9595736107d55df241520 1640337797230 1640337817239 20009
1a37bb7323ab4dc6dcb30668fc9c33dd68670b0c099ee3dfcec884cc9bf98bbf 1640337908168 1640337929410 21242
d912031e1f4fec280daa979f97072a0ec4994a2126b81c513110ebda0ac3782a 1640337996158 1640338023451 27293
c05be7b9e12916fc528ca064f07dc614e635bc1ee47440d09a3d32563f01865b 1640338099545 1640338120228 20683
f80b393f37af33ced442ca1470ae7c13dc3315dbb099781729c0eb5a501ec684 1640338206616 1640338232406 25790
36ebd9c9c9323cdaab492c4db11708c0edf3b5ea9f501fb7508e7db2244b2072 1640338306261 1640338325121 18860
0f865b2eab3a9d91dc35ae9469727e942643e12fa265390844064dee508dc88a 1640338414961 1640338435185 20224
fbb561a3c78a259ab39a806cec2be796bc889232485ee7761b5c4903832f1172 1640338515522 1640338546356 30834
74906a34dd709eeed0c653ce9efbcccc6ce7f755aca54924a21ff33e17f155e9 1640338623755 1640338642503 18748
90861e63e4b419f1310ece42e7d39c9a51559997f3abad2c31d42f0b670bd0d1 1640338724815 1640338746338 21523
8d3ed1625699e7e9853d92e2ede1a6814068c69933abceff2552091f95d79613 1640338840189 1640338859598 19409
f7c4bd475db7da5b4d72faab61abbccaf1084ce139073daab43f0c2e98195933 1640338924910 1640338946032 21122
53e559a4e87eb174c767a2bd0398cbe60ce4cd7e18a552ede66d8f6b9c66b474 1640339034533 1640339062997 28464
2fb626c15d343ecd464011108f2253ff915d9e1c33bfee5ec352b9a461d427de 1640339138864 1640339164780 25916
cca6411b5304a635e3f1bab4eebb95cc6b46f8a6067cf4b2828404047fae8452 1640339242901 1640339261439 18538
bc68055fa20bd66b1fece8d752abc7e96b056a6149ab03554b0a897be25d3248 1640339358451 1640339384295 25844
14282c3dadb8e4774c5379db2a0cbcb0a21ffbf81e986093536a8eb7bda409c2 1640339454542 1640339479854 25312
3d73244a79f8cee8d584935e72203f2f9086314f054b5b87791fde716ce347c4 1640339565004 1640339583314 18310
