5bb243b05c2f63e5db8d074cdc753c58f9603034263718938022be35bf265575 1640337616613 1640337651124 34511
5a2954c5030a2e2db08b9f820f388b88a3e275c0d91365ecce3f960e4f1cf11a 1640337698409 1640337717189 18780
b05b762ddbd74cab37e9192a6c363fd2eaf2395a56c2b63ba5f2797501cc76b3 1640337797239 1640337821200 23961
b4af891ca068d38c9de07fc346a657aa8853c4af0d255a0a74bcc293f526b415 1640337908170 1640337927873 19703
0da567375ed045ba7c44f4308989f8507de83da64ff394c5a884ca67900e7b11 1640337996152 1640338023229 27077
60d127f28506af85c38ee97150054cb95ec97897ddfa854e40c7f174b3e3b947 1640338099558 1640338124077 24519
c8ef7d94af9135d73518ed2ad3a11dfd6e9bff1b7fc5a475472a8cd5bf891193 1640338206618 1640338226353 19735
e66369c5535f9fdae056db1fa26a4f49fe4c92fe95e83267be2e9ce2828ad101 1640338306267 1640338329176 22909
a041695b90de872c6c7006babe4e51ffada07ce5e87cc5d9e4743ff6d2b6f929 1640338414963 1640338435617 20654
dda887841c62dbe2ab27d5ce51e03666046d95a9215952741ffd8b20590ffea5 1640338515525 1640338544047 28522
1ee85b19ac097951ccdf921d42160dcba33dfaaf8f783844ee77fd5d4549a404 1640338623758 1640338645876 22118
e5e03e9b20bb38fae2adee1b6e82787530a64e3b5efb7259122f66f1c1306c2d 1640338724817 1640338748648 23831
deb7984683f5a296c53f2e3317fc58402035cb7075cd7f25a93098982f58cd27 1640338840191 1640338858254 18063
a6becc0b6d2859123eb39393c34eb4fc32d749b5534cf75d3264301e544dd5d8 1640338924916 1640338948076 23160
e1f0e9b3ff953ffc8cb07ef245efb75cf53ea6fd1d5109676fcf9aa7805f4292 1640339034535 1640339058962 24427
013f8db870fe901e7037a113443cc0dade83c48c9e9fc581a3ed7dfca0b5a409 1640339138867 1640339163004 24137
9eb2be9341920d0346ae206496f8d1228609a63b5b53b0fe3993ede0fa889ede 1640339242904 1640339265042 22138
009e8c625d76828ffa16700c7b04b03265d39ba874e4542843fde895318b86a5 1640339358453 1640339379001 20548
1912e2594f8ad61dc1e2fe22b604e6352e9eb82d01f51f1753914d0a6a5e2499 1640339454546 1640339479452 24906
b3f13a76079f0d537fdf8cbc236b0d3dfbe125378fdb56247eeddfcc6cb25f51 1640339565008 1640339589257 24249
