90f805fac91645a033926450b60fa11d79b7c1114ab56c2ee67f3a0667e26ee8 1640337616647 1640337673382 56735
573ef9aaaa87f64fde1f26c5cd939f3ec37c7f6d1b4b935f88b745aacc55dde1 1640337698463 1640337773125 74662
21e09623f72ca21307707abf6114109933dfb1295ff6f084ae8886cde3cefd61 1640337797283 1640337880024 82741
b1126495db9a67353691a68bcaefbee3d4067f31996da3a3dbcc28fd2a600f79 1640337908227 1640337972433 64206
c6ff6e33226d640e179cc7b29ab29b64cfb0d881425d0a609c2cfc09f24b3d41 1640337996205 1640338078704 82499
2edb164c98134c24d883e2e8711fe99469f2e98c2faa94034981ffea2428c996 1640338099613 1640338189151 89538
4addb961338c70f1be5d45dfe7d13222b002d3989fb675813a1955adafc45080 1640338206680 1640338292096 85416
d732311c86f6d1f8a47a8f10e84b72d880ae73f61317755c65bf4e224d2f3c20 1640338306316 1640338364880 58564
dc6e18b3989d4e85fbf691a249c599c8d4292e50dab157ed7e3c27853776304c 1640338415012 1640338472997 57985
1232708d90ef10b70c38dcb88dcc411e6861c197381f0a361a71dc2c89b7e9b3 1640338515612 1640338600061 84449
4575b266c5e51b6772b29ff10c98db10e7ca7f7c9924a41e07dd6aea72ef2089 1640338623811 1640338708297 84486
d392332ae7cd385b4febd8b2bc66fbd8c6bea10c51b4ce608d83591e9c33e8a9 1640338724890 1640338784017 59127
9475381f42938f5c9547b833f5a330783a810c537986682f301fabc98016ff81 1640338840249 1640338906382 66133
fb9cc0854d1fa7f0f352ba8dca640b583dac2c9dd303ce9a88b037579779b6cc 1640338924978 1640339012406 87428
fa2e14cbe545c46893b5e019209710823411a7c2ca240157425f21a7b041273d 1640339034598 1640339121467 86869
16e7a1e174847e428460fb156e3ab4f5414da3983db97194ac246d9ee92954a1 1640339138918 1640339193664 54746
4153a3c112945bd68ecac4cf006cfbd56f8840ddc4f4ebf2b539f85bd6d4633a 1640339242987 1640339323296 80309
ec25d28db1eecb3c05edf9417675633323c379231aa9f0e624cf08b13137645b 1640339358516 1640339435398 76882
89a95d54baca0216617de16cb973f4bf6e91641547740c3b262a1fc61bb7f8a7 1640339454605 1640339514377 59772
1c735c22cdd3eeb58b3aeae532cd3629f5c854a728d0baf27ebf9d093c870a26 1640339565070 1640339634236 69166
