cee6f127b97f52cb364802026527421b99a0248c652a64ca8ef9d3b2bd80f59d 1640337616632 1640337657084 40452
fcd6348d4a997ed76d14d73ec3e044692dc25978f0d2bc0e84ded3fb204024d0 1640337698428 1640337733525 35097
fb58152e87709ba5ade9ce61dcec2f0eaa3ef9242afc5f3d7ab1c948eb4546ca 1640337797254 1640337831095 33841
1b74e866202172b25176ebb0af02f0d2c19984e0275705720c68d2db5c3f2afe 1640337908199 1640337964284 56085
99f70bcdf1b7efadc7af2d9f866a88c4a10d5882c277542ce35a03aa1e7b2f43 1640337996183 1640338054905 58722
a669c921e8f9928171526a1884e35114804af90992c7a24dc15cbe88805045d4 1640338099593 1640338144982 45389
2f99a254ffed6e937eccedce012301395cf80c4aa228839dbf8fbed1b8c0da68 1640338206640 1640338267955 61315
93f171f858acd87af3e8d61faae4edc560ef0c44e9c96f9baf9d9aac6b7f7d11 1640338306285 1640338338641 32356
6f841b3f1634ad236c99df1f4901e0ee3956a9b50c2dca34687c0db41c2d4199 1640338414988 1640338454071 39083
a6c071fab9a784da342db4c98f56d515779f88bf09a42639814ea8e4c01d1684 1640338515545 1640338551009 35464
796fda47712095d214f5820c207d5647e13e845fab0b063ff7ca58cd65490db5 1640338623788 1640338666368 42580
0b8d9e4bf1ac50f3c3c56e2ea797e799346caa92476bb17de88f15e967f8ddf0 1640338724844 1640338791076 66232
819d13fd53078cd57056cf74ee4cff58c906d0d01fd728ff0b1aabea6fd80b89 1640338840215 1640338875156 34941
6fd759f6d1c9efcb1ccd90c1ce44f580edd9da7a7ea762adfe60645eaecb360e 1640338924944 1640338966136 41192
612d04caca1bb84c0a553a6bf65321b4ca5113b54fac9b0ecfa33bf1118756c5 1640339034563 1640339072112 37549
de2beba7e30b760ec2010e4f1c00bb3bdb27de9caa1001bfcb36eb0f5a11dd37 1640339138891 1640339173946 35055
c9c3cc390884460d669ffb5ab4c94a005af4ce693f4b3a941588fe072285ab71 1640339242926 1640339273971 31045
7638ef5a8129652a8435f7885326615c25e26b39a7e6fef00c21d8f2124e2575 1640339358485 1640339396196 37711
0b0e55a6260c8c8cd225c08f0ba2d92fd5bb22aa13d47a3af975a63aa049bf6c 1640339454570 1640339492323 37753
1bddcfa72450a13a4541fa92cfcd147f80ecb75d8bd8a7776cd0c7c1092aefcc 1640339565029 1640339602609 37580
