ae092e14a25da447e6a776f59031ad11366d8def4151d98026c9cb1d28b797a1 1640337616599 1640337629093 12494
ffbc11f98b4af68f8a01ead068be502264aa03ab70c982e3e9da2bd3cf4ccfa6 1640337698395 1640337712085 13690
dc87bc015ea9c703bcfc21ce69d18b0c4785fc250fad99095e052c321d67dfe5 1640337797224 1640337813330 16106
54ccf9d59904857a841bb88236300be1878c0fe81887026a43d9ed63e7d78ed9 1640337908156 1640337922642 14486
c66b13d895e22f36e9cfd4871b6592b35bb216534cae3c1fa069824e8c70461d 1640337996135 1640338009039 12904
9ddd15ba18d2af324fb67170d00d01fcdff295c453aef69cf3aa4be1dbd6944e 1640338099533 1640338117818 18285
a2a90ee53b74df6df3217af6ce4136bb326f4315f2754fce12a193660b0b46c5 1640338206602 1640338220367 13765
263f1f9d5a998e23208b655d9b18bbeae52e083f6d5dafddbebfc3bd99b91ac0 1640338306249 1640338321991 15742
c5bdcf84946b5cf3648b92ab6fa508d6ac74591baf594d604242b6df3b5655e1 1640338414948 1640338429022 14074
d7dcf68a918839964cc10cd654d8570847e0d490ce1ade9c5dc3542b45155f55 1640338515510 1640338532167 16657
96989d688d5222317b58358fd09520b679459d450dc18cf52c2eb4fb3c74b496 1640338623743 1640338638544 14801
7d81aee98b94cc307b0e0f478fc7a10692f2e44e5e4de703476dcdf20491da5e 1640338724801 1640338738546 13745
64ff58eb2e8854982a3bf0e40d7b29be89c805b23a1ba987e0e6f648ba30a8db 1640338840176 1640338854139 13963
95bd6ac3ef7c376b947b3682ab3f7d9f927a0930daf0aeca6f359965f9eccc77 1640338924897 1640338938256 13359
415b857c3c7f8cce8c99119ba861a70979e73d25b5d544149696f545036d78fa 1640339034520 1640339047712 13192
0f952361441bfbc9d5565cf8de8f48a0da3c430e6314eea3163e18c3cb5969f4 1640339138853 1640339152483 13630
1135c1cc18a285d843031fc401d0416f577326db663deb933b23816ec874c619 1640339242887 1640339254327 11440
1bfbaadba1885c37fced27ff0cd621548d7a259df52defca8d95dc63d3564c09 1640339358436 1640339370655 12219
a15f1b123c1cce8d8779f4fb451bb6d4dd2e613286235fae40f2aeb766cde0b5 1640339454528 1640339471176 16648
2ee78bd70b61a8f689acb9a64fae1e59b7aaea31903dc0f4819aa4f2c6c067ee 1640339564992 1640339576116 11124
