1f323a0721265912e1144c28d44c40ebb3f3ba7a4ed6746ccd2e9bc7385a667d 1640337616644 1640337674230 57586
e85438409e310a4b8c7206b831a8b772802c1f13a5db14cf4bd33a91293bc96e 1640337698468 1640337776772 78304
a61da8ebca2dd492459b73327d69e900d66d1221ecd17b20e5ffb89e0ffeb4ad 1640337797280 1640337884472 87192
e733996e213ffadbb9e56542d9b58a5a5c9787dd1e4486c3f18b8abe098e8000 1640337908223 1640337962533 54310
66ece69dfdb90fc016daf43d17dff68fd0e707ebb2ea844e3cd81a300e6e1966 1640337996204 1640338076466 80262
889d3c12344909ec658b0e30eaf265f9b9e887eba6a6a871ea13ca01228bed5e 1640338099603 1640338155696 56093
93d775e2bd829b04c326a8d1b9db464cc16bbbd4523b092b56e05955f3a81789 1640338206671 1640338291129 84458
b7d425df4d5be1bb52a3e7c0c02b43e9a95bafd98a3194d2b9d217a1287778cf 1640338306313 1640338396148 89835
ee76923fe8e4eeda531ac71f8f7f5bc72653d4847a912212476be4f2cfefabe8 1640338415008 1640338481006 65998
f0be3de4ab9deaa8034b824858b1f11b062e5e108eaf6fb87fe4332f747451b0 1640338515604 1640338607524 91920
05e6175bdd34930a60866ab5bca523154b2d246e5838eb0d47fa0aee418d9c3c 1640338623806 1640338682815 59009
b45b9e89a30b0b31421db160d7d12bf92cc2e109fd7bd1e1f4196498f735c7c1 1640338724896 1640338795786 70890
6719924dc0beaaf636e49b06ee81a04cd51df4229745b4ef9380bca1aef15d19 1640338840241 1640338887352 47111
6a9e631c94baea4ca405995bd13252f793454b941d517b01983af306da81f62d 1640338924974 1640338979890 54916
fab2d65d76aba9de6c9bef49cd1f9784a2ab975dd5e7fe7e66bd4dc0ba3562fe 1640339034589 1640339125959 91370
c4db5490ccd3cb3221422067053b0891f0ef7e1e6ebcd37a555de435b77f7e0e 1640339138925 1640339210487 71562
fa5e138a4593a55161be739306e6ebdbb609c9dd857eaa75b64c1f7efa2351b3 1640339242980 1640339318225 75245
eaff518ac9a1c9b16a4c34989452bb04e28968a1d905bcf012914b4b10c04bee 1640339358508 1640339429639 71131
b0f040932fb67713395d9f9bcfd56c0391868a48f77c0d2dbd191a0f94763c36 1640339454600 1640339509710 55110
ddf3e4f01c74f029f10fa8c3e41bf0d22afc7227dde61cb79b153375cf545bc2 1640339565068 1640339639165 74097
