1eccdfa220b1dbe6108570526d9fe96d6234489b6b1ad3d4103d69b3cb2b3e9b 1640337616624 1640337643823 27199
9659698a7bd3dd0fb623b204ec6e2ffd03fd96eba029998aeec0094f1a4a7e28 1640337698424 1640337726742 28318
66d1a4c828bf01685f7590b9281658a98c0d4ccd2f6ed43dd0d5e60018a0b6b1 1640337797244 1640337826220 28976
c84845d3153d0685e9dafd3d3686f4526912d1156186b88935aadd2c7c9b7b56 1640337908181 1640337935542 27361
d5136f4103cf99e768643b25f597d15b63f0cc347b09f59eab7d527e2b8ab9b9 1640337996163 1640338056492 60329
c4b43951d738bd73a570b0a48cf1b7804a38f2b89ff5b26a9d7ea7a50132faf8 1640338099572 1640338130796 31224
c02c8fa5d3a5d2b5a08b4eef360796459e33b9653bffd4b4182010226cae673e 1640338206627 1640338236155 29528
0e3a0d4e5aed19e2bc883f37406f832fa8abff91a734f9d6a4d6676a3e98e42a 1640338306275 1640338338765 32490
8b6464eeb2c858944504a238d6de2d300d1e4c51afd15542a5d0f377e56b2723 1640338414973 1640338441972 26999
956f595d90aed0882c23a924738a91fd452216505c3827d570d6a1e8f3d55115 1640338515534 1640338540749 25215
f1a0263b7bba132f18aad1ee0bf9ac1b78cb5658cd7ffc2832ffcfbcc025bf7a 1640338623769 1640338651317 27548
37c25bbd9b0b8029e3990f4ef72e854b22c030e953877c0d462446a9ed8820a9 1640338724830 1640338752689 27859
74a55a3358ca3bbb79326b172f0eec456c03b520dc44b4544a81856be8b5e659 1640338840208 1640338869222 29014
1275f33c8bad9cba40c41a41acd800850c2da6398203120ccf1d54be17abeddc 1640338924929 1640338960330 35401
91974016d6d60c532d7015a5ce2047d31056679924ef8824169fe313bbc04b93 1640339034551 1640339062023 27472
ecb86986331fad2f1d533690afe634af4680d5f06dfa39584f55ea2609fabbee 1640339138881 1640339172478 33597
6819798b338489b367179af92e446988d95699be67ab78d56e6873d713a96b44 1640339242913 1640339273470 30557
e259bef71ba525ec12c06a59b8aa513f91b8174e6f27e5d17f2759d8ba31fff0 1640339358460 1640339389526 31066
6620c7b14cef9e26f039549292b6bef0d261971cef54f4a2933f2da00bc88aa2 1640339454561 1640339510511 55950
5b377f90e709ee28ab054f4349c68330ffdccf8e26beb303fb8e6e6e5e960e58 1640339565020 1640339591653 26633
