4cd29456f6786082d8fbcfbf333ee099e741dac29929c5c508af67bf5b81ba16 1640774330556 1640774332008 1452
5ec08e99e5c16e4b858bf90e16c96e1cd5005f4fad8c590d0ce464f0569db732 1640774359481 1640774361398 1917
d5f7732366582e62f07d21f6892f37e81311b0c1d9d2cc3fee90a03d8bba6b76 1640774388084 1640774389679 1595
e57af12e46cf0f07721d07aab7b768fe501fbec857a4fe79168fdb76fe454af9 1640774416403 1640774418894 2491
4ea98923e8391d7842eb2e2c11f06970a7920fe7a39a4e8eae9aeadf9a6346a3 1640774445304 1640774447364 2060
dea467c8071afbf2f409e61af6d74952df35c29593c34762f76d359e8d73bc32 1640774474979 1640774476924 1945
e2b6083aa2861cce0c4dc64c86311997f2dd1ed46681646fb0d9d5e93e6110e7 1640774503649 1640774505550 1901
eb919302db9fbd2d76c81b2566d39db772763bfa8df449175171fd6d4cae7a67 1640774532256 1640774534784 2528
480bc4b98615f95d7c50b0e006837dd1c77eb12b630a11c177a209f335cda5b1 1640774560873 1640774563310 2437
c7ebec409a67191c980ef58225a8e8a3afab4f9a7a6e637d699a0fafcccb84ef 1640774588937 1640774590956 2019
071c508d1567bf47b729861a638bec19aeabb3ef4f842fb2b2c8335d3c4d6a2c 1640774616896 1640774619033 2137
dfb8aedb19a728097072fce9f2b8fa3786098b2b225573d67a5131ad849ef75e 1640774644353 1640774646779 2426
948f1a6cbbfe8ff5b6aac99e6336a4c96ad7eab852b20accdf4f14eb3318d8c8 1640774672671 1640774675288 2617
44566c4da1be3263bea4f52a545fd499a1546a0141ec9726c54e02a18c4983f1 1640774701350 1640774703424 2074
32bd8da790456ffbb4390b53fe40e8d4bbbf81cb04ac92b1b735cb537cc13292 1640774729154 1640774731115 1961
4fba61ab63c3911ae396348d982d20fbfbd003def204b059667719f40d1e1022 1640774756834 1640774759245 2411
90c50dc54c70580b79bb265a51f22657c8c49eabf05fff15af00733aed2e1caa 1640774784528 1640774786991 2463
9a530cecdc899cbb88a8dfd1351166f42c0411474ed3fd9062ac785ba79d825c 1640774813445 1640774815423 1978
62ada07235f7b7ae7eeee860d5b9341403b8b63111cc60f65daa7f900c6bb791 1640774841915 1640774844353 2438
cc624837afaa559ce5658f9198081fd32b1314206f4398a5f831a81ffd722f14 1640774870451 1640774872774 2323
8aa71ca5b384b631f69f4c720c69c8ed7a9b0dce171dc54918747fe95777709e 1640774898583 1640774901078 2495
f705b33180b1bc85991ad48e46b5f1521999d071029260419848636a534ee6bb 1640774927308 1640774928835 1527
d5e48e04e8456e9301deaf6b8e725febe25e7c3d9c8f5d085d1dca965174b94c 1640774956108 1640774958183 2075
66ba0030e496d63826d97eb06520aa9b20c30e69a8b2bdbfec19e5d0187bddb8 1640774985021 1640774986692 1671
32f598391b2e12d5f12f87275aaa3fd15f8ae1e9962b1f5fbe129091ee812df0 1640775014150 1640775016212 2062
d3b3791e2d2286030801a36fd027a58bc6642514386659ba6b94a97438bf947d 1640775042762 1640775045172 2410
f3c6168ec0d1f751b9b3f31fea369ebf337a319ccec7dfcaacc18e589ebe6495 1640775071283 1640775073764 2481
93bc191bf275f52177b7e4a1cd5ab80a507a78448ad2b23566fba54e15d8dcfe 1640775099787 1640775102233 2446
4471b5379ce58dbabf696c505f9dfee9a632f2858c9fa1d463caec2d83b30059 1640775128316 1640775130760 2444
ba74e662a454e0b48b0e0f577d08ecdd7817ca1eeb9f12e20322016b379b2708 1640775156370 1640775158780 2410
38175bcf63c37064053890494c533e4b79465115627c08605cdbdca97dd33538 1640775185218 1640775187158 1940
47699041ab49dbacec4013dddf87b36bb4d98c9cda7e5ccf9f0fa2195e6a1bda 1640775213643 1640775215978 2335
cf7239814bc5b06ffec3061654ac4c2aae031f721c76f8f9b05045cf3c0a556d 1640775242193 1640775244116 1923
c5819904d961eaa92b6453992be4458df6c25598aa0919b0355b6aa60ac50b73 1640775270927 1640775272728 1801
32b437d0c878b8d0ebc4b50f3cf3b2ae0f5b73e52b3b7cc3763b544ea044c91f 1640775299324 1640775301793 2469
bcf2c9299750a8a6f3cb5e42c978888577f8a73d89427e13997baa18f4cb4ac1 1640775328178 1640775330804 2626
b1e0204b170cdcdd8f09f0879fef1751c470c1152a0ffe8f471673b985688292 1640775356598 1640775358131 1533
d569ae7d55a590830e8225b504afa137f1158328e1abcfe45d4c0563fa94092d 1640775384892 1640775386787 1895
2a73915b6f4d0fba1495140214e99edc78ac2d5c864a2c84bdf1c11ba998e5c0 1640775413493 1640775415548 2055
1b37752300c5efa50fcdc96aca8db1d8a071fb636854a28192f4a8b0b9811cc2 1640775441666 1640775444031 2365
ad54ff38f740fbfa17ea7f18906eeccbfbbfb2f617e12c7cda636d6ea3a875fc 1640775470718 1640775472683 1965
e5d03983890fe17443bc954d416e9bc015f18f0d6eb0f1c93edab6d6c2a0e709 1640775499625 1640775501647 2022
fb79e0f35a55d1be96dc88788f31eebae2b7ca344f8e6b9ab9f51728009811ee 1640775528217 1640775529673 1456
fc7e3dc293ea8336723613bd88a2fb7418c1ce3f40b8f2e84301511a93d91346 1640775556459 1640775558465 2006
93b00e07922d444aa6f8aeb44a800c5d494b84469882ae9d74890a0ed8b62f33 1640775584788 1640775586877 2089
ba0a16c9890a42c060ef12c82352e8c9f7a6469147413b9d935e70488397bdef 1640775614201 1640775616075 1874
21ec6d213294528d972e48ee286a47169e36b73a5dcb5b8b37ee1e50ee0797d2 1640775643762 1640775645671 1909
e213ff1d328ba45ef2894c3b5ff56cf15d9538bee47d8956870251944a7c9d79 1640775672066 1640775673952 1886
f137d6f7fd520143bbfa70969acf36ec6a7a31362be423bdeac7f599a675521b 1640775700390 1640775702696 2306
15c5ab40d621b0f77a0ae04bf634b01e979dc14909f035224732adca2eab307b 1640775728929 1640775730953 2024
