28964ea363d7d33d4b170d1c39f6612df8fdae55a2d88a643fdadea5da9283ee 1640774330554 1640774332087 1533
bf124105c3ad1c00bd81ccd391c354fe3522cec5cecd5fb485a72ab37a875998 1640774359474 1640774361375 1901
d3c7e727480a9152b731906466d5b60df1f380ab95c48b0b60ecb94b5f986051 1640774388077 1640774390613 2536
0cf355c5004239c5ad8ca85a5ba7c0ea1dc4169405b549b157d54f6f8b360c5f 1640774416395 1640774418873 2478
d14232013db49698fbb7d2c286f29606248e397983bb71884dc5b472312bef4d 1640774445299 1640774447416 2117
a3a9e22ad92d1aa294a73dae34529a64faad7a4893669b0fd5a0249367f29f11 1640774474973 1640774476909 1936
0a4c52dbdf9890767f8cc02be9c7643ab81045bc5129c1ca4b9027df1e48c116 1640774503641 1640774505594 1953
7cc9f3f22ab9ff1df1969444c48f60e90b7aecf630d94d3178bcf14e02725a7b 1640774532248 1640774534323 2075
150b9cb17c18aecd99ef7f653209ca720866df6ad29ec1179774bf3fe1eabeae 1640774560868 1640774562560 1692
638d0bc57a40872ccfde03c8929280d09131d78322952f6138d8cc6e7bef9160 1640774588929 1640774590915 1986
eeef82094da6e91e93e2acb57bb61c3b37cae13459a6ee9b42f7b0c2c70bb5aa 1640774616888 1640774619032 2144
f2c11e8765a638bf97c775bb12f81905b1044f543e53f59058462f1d854b8f4a 1640774644345 1640774646812 2467
76df8528a9bf1f40da51ad98b10624835d36f7415fd1435d15d264b5bd9d847f 1640774672658 1640774675270 2612
8705d8c2036d9c693ba13ebbefa5038d10dc5cf0ae250e13481ba0f11413ed90 1640774701342 1640774703878 2536
e9160d1c5d4e67191cca7a66a9d3242dfce5c6aec2900ace83b8e00b6de08fd1 1640774729145 1640774731101 1956
0c3e1b713d2180f73b3348afdf363280b3138a1edef36fd668473e42f74eeee3 1640774756822 1640774758336 1514
2fbb33e886719769c51b79e9cb21cf949df31862ccfc1199395ad00908ae233d 1640774784520 1640774786994 2474
a77e0d5046c2a1d87d37a139d138ccbce341e07fc31005925f74edf1cd88d6ab 1640774813438 1640774814891 1453
9f4173d3baba5a235daaa566322f1f45e6706b4c342a4f61e70bc1ecbb0f2f63 1640774841903 1640774844345 2442
f034b45a86c9e0a972ed453a7e7d6b3232ba3478b7374b28942b9f9a6edbf969 1640774870437 1640774872774 2337
a194f5de6960287881ccf88d7b6d7641f5047b96807275957ca1135615e63db9 1640774898573 1640774901077 2504
736afaae821328e689989947450c44776acf8d55c6969cdd94ecedb3ee24e681 1640774927296 1640774928891 1595
92e8110e0d1855e1b309f7a4f8e315f91896ea1757c17529889913728e4cae71 1640774956098 1640774957795 1697
b65f3cc7c07264e0f3cbe851307f0a661cae9b9a1877d871485e199f2e55b231 1640774985011 1640774986630 1619
5a3993670a18ac11222e97318bc30d3ac51dbbeff9a5652482195208a03b893d 1640775014141 1640775015832 1691
229ed3c35112dca60e02a1943fb429dfda360bb8a5ee34afd39200c9b849b2a1 1640775042752 1640775045172 2420
d54c1efe3ebc6ed72f22c9439c35323288652315c0b86fce31c29b614c1377ea 1640775071276 1640775073762 2486
c7181a606f3ea0cc12cebcc6e11d795a65bc564d069925c5ccd70006e07287b0 1640775099773 1640775102222 2449
79f409abf7c450403992a875b21b11610c7a730aa62e0edd662dd552b928090b 1640775128309 1640775130761 2452
0d803b256490e48182f81033543c1712a3294dd5cce33434e18c5210926fa2b3 1640775156361 1640775158778 2417
983cbb7dda24be4c2a5164275c597219f075982157f3c517469f2a3a2d8e383f 1640775185208 1640775187183 1975
5d462a0745b465e0688da6494ce6b92c73d17988e40919e0a12dc9ecc4571d41 1640775213632 1640775215985 2353
4ddbceac7c9bd24ce89af3f4dff1f11ce146ee0f3722f4906e21aad44b291f0b 1640775242180 1640775244103 1923
aa104f5f327012b956d3faf8f1b8155e5b0400b8525606123365407b5862f662 1640775270917 1640775272749 1832
6715b1670138e15d9c19fb755ef42fe9c73705b8980220d42a03eee7a67f30a6 1640775299312 1640775301799 2487
dcfac179fa16eac05da14f692335b0a1298f3b84aa693d3c69e02112ed093d7a 1640775328165 1640775330806 2641
35d2aafda271d898a47dad2f5ad7115cc9fa1fa40052daa5d1155d9b00ea4a5f 1640775356588 1640775359041 2453
4a7f8f929817fe29dc32b46d1e08458fe94de94d7a3633dcc5612a1f9276c5ab 1640775384880 1640775386794 1914
086f2eda26d039bd25cdd741c5b3de9c0eed0171fbdf076247c5ad291e373051 1640775413480 1640775415978 2498
dec3c6e649b602d4b6cd9c70b4450452d513e92e72f706d1786b1a6fa3d51525 1640775441655 1640775444037 2382
209a285b560b94b2acd7080840d9e58b85bdb38f97407061b6996023b173445e 1640775470703 1640775473152 2449
05788534eba8371319cdf38724f657a7013ecc0ff7e88e018b09a60260d85b51 1640775499614 1640775501660 2046
77325e95ae089902620b5b1155829277fe89665fa6495d7b340139f4d255c8c3 1640775528206 1640775529651 1445
91dcac1b07ff615a1cca2eee632fad90c25c3145339b2c90a14fe4e348285804 1640775556447 1640775558490 2043
74191605782f4fe1aa15d53e5057df968ad84809dd75afbde67bf605cae51974 1640775584777 1640775587326 2549
dad4f6090b08475d785bb3c39e2a78781ff19a0b22c9bd1454e3248c0140b3b8 1640775614192 1640775616041 1849
aa0cc68ebf0bb2b4894e6d042d421645fe343d04c387f21c726f759692c1bec2 1640775643751 1640775644982 1231
498ba1963eb043a340ecf8b88230a8668fcfb74e2f954beb14103e6ef7444875 1640775672052 1640775673442 1390
8d428cff2e8a871f5ef2b6bbfe8d760e32cbb5f1272b6e2f3f7dcab4de188c14 1640775700378 1640775701852 1474
13d0183e99268bc65e66196b87a00749a0bb13ad740e9629516ba13253cde832 1640775728918 1640775730950 2032
