8788fed6534079203dc33eb2b1a1e1bc08a6e2ee482ff6327389aac9076f113c 1640774330586 1640774333099 2513
8e8a85cc711c2536af16852133bea9b432e2216b2da9b624c9c96a11b56d8f83 1640774359515 1640774361404 1889
bb365eccbcfddfb5ccd2e078ed07801965ba68fc160a69cfa1acaf1b3285f88d 1640774388118 1640774389668 1550
dcfc915288319bde72fd6a20037e84464c9388f10b54b3b77d248ec543d28ded 1640774416437 1640774418876 2439
eaa154b89fda7c92819dc07171b56feac392e3add51087379c35e1804667fee8 1640774445339 1640774447880 2541
2809cf2dd074d35eb438b66422ed67b9a3593b18348db9ca10562f628dddcf08 1640774475022 1640774476927 1905
358f9c5597bd6f8a4815ca969eaafe221fbc8d39e06ee12001b936e6114cd54b 1640774503687 1640774505097 1410
567a6c196e1b038a1e2df20ce8867f9de86463fc359c93bcbe0c6896eaf95153 1640774532297 1640774533820 1523
8f561852a755a4bf33a3f6169f57300782e03ce3d127c16bf9e5f024eaf92273 1640774560928 1640774563278 2350
b5b1692ffbafdcdc3849b8dd27e14f4aac47505e456e4548f08e4284bbe23252 1640774588976 1640774591453 2477
8d2a38f246dfef06be85852044374ef0c35de5f830eed5ea611cdac95d36f5b4 1640774616940 1640774619032 2092
5c5309d3115f18aeb690bc9cf12c4bade1fbbd3ce6a2ee0e3cc06ce18e5ecb7b 1640774644397 1640774646796 2399
738221b36b31155a37fc508df061ec2531ba596d8849ecfbf061466cfb8216ad 1640774672721 1640774675284 2563
b3848757cdc791710656e6f423cf37fa75e58b19a19c2cda2dd4b0cd2af066c1 1640774701403 1640774703419 2016
0e965f9b7dc29134888fb74fc64311c72e462743c784ce5493541657f49d640c 1640774729201 1640774731111 1910
0c31b8ea130e1eaeba50f2e9ea159a707ba6df87984ab28d499d14e6ff2b1caf 1640774756890 1640774759248 2358
4851487c3cbe488c9b99835c93fa39e361f06912a274016f431e09e3154f3aa8 1640774784577 1640774786993 2416
a02af012a65294cb4e4e053ebb57c057531259cbd07ab8a9b64d84d69449469b 1640774813493 1640774815435 1942
c5cfc8d9638d311e96e1c3ebc438e06b233be0d8c8f96f3ad41a909bbd25e9da 1640774841969 1640774844330 2361
9892094fc08a04a7d80a3fa9a04699fe094e517d8777a15aae2917b68c482cd9 1640774870511 1640774872769 2258
64bc2905c5bef327e4acb71070eeccc9ba49ad45cd37b2b41d4b122b72d11a4b 1640774898644 1640774901101 2457
b181a081993ff6486d82b75e856738b27242c044d45ab34416d11bf6c387dd9d 1640774927363 1640774928788 1425
32e4f6afbc5fb87b7e4b030d179c716a56e05f5ced7da022ec06587e3ee4965c 1640774956174 1640774958184 2010
2795621bfcea046145c73a10b269b182f3c3be8e0dc2ea7937574ee068650a74 1640774985079 1640774987129 2050
795f8c60fd22df01963d02404f2c5078725e70b4faa35c2bd14737c03c67cf20 1640775014215 1640775016183 1968
e98fb401e3dee2f7ba9808e65392c7653c7bded0957ebf609f0d6fe710fbc462 1640775042826 1640775045185 2359
277369d19754e6c4d8e6ecc2348fdf3fd8d31e30ac262153cc73881066771f5f 1640775071342 1640775072873 1531
6631ceb1e77122a4494a380fa62b933135d43482ff2f6d848151864678076837 1640775099846 1640775101310 1464
aae6f196f31747579bb72a15e95326b6d42ebe2b82d88ff074b42e5c6a46c6dd 1640775128368 1640775129743 1375
acb4d19af52ab094ad8a5b0d6f27e9297f7bc1b75f09381865d2189377260d2a 1640775156441 1640775157827 1386
df73ccaf75e4193b1529bcd71e6c98aa2cbe5863f424f167aa73bd2a8ad07a07 1640775185286 1640775187612 2326
c8f025407f8953c9c2272c1e097502c79c19c02a689a6a9fc567c540dd8edee3 1640775213709 1640775215967 2258
237f5db60d9e85f8c3adb306f2fda01f5c2e584ee9a3295aaf4e83928337f31d 1640775242253 1640775244092 1839
8f912ccd9e1f516a9abbd6fa7dfe2fa90108550c9a476525977c547b64661c89 1640775270992 1640775273212 2220
8f575fdface62553fe576968d2125c01de8d79f1c8d66987397d2b74ad32b821 1640775299389 1640775301775 2386
721797d7b51f1a2f5bb9cbc34ae19df4919b171a5fa67e8922f196d0bcd91f36 1640775328249 1640775330795 2546
8693a581bd8227b6c4fa386d2a9d990e8c4c7eaf7e3732f9390e5d173f33ff67 1640775356662 1640775359052 2390
15642aec84d847b5bef2a77dadb5b56e2758860cdc1da1dfb5e6d44ac70d830f 1640775384962 1640775386787 1825
18a9380b09276788dc23310d48b36ec7c92256a846ebb9c2786649c2f9940be0 1640775413571 1640775415576 2005
4c48c73bb001f9536ec35038b33387c3c58e1a18729b0a04e7677a740a8a453a 1640775441743 1640775444016 2273
f9c89473aaf4ee48334168e4411919e5bedfe9440ee5b33d17d7ca8f84fcc88f 1640775470789 1640775472655 1866
1d4ad3d4b06a2d9eef21cfb726b0ffe8e299b922204b7854006d06b8bb0d1a43 1640775499700 1640775501167 1467
416dd62bac562151841eec43533aeab1dd2826bdccb1d6f214759062d6ba2e0a 1640775528286 1640775530611 2325
a68501ee1fc4b5bb1ee6b060846aeb5ba6cb7f10d7dc3492cc093cc22a18c339 1640775556538 1640775558495 1957
6ebb9b1e562252ec5abf3cd130fe336f659d5586ffad5bcf2e2afb3c77fe8644 1640775584865 1640775586851 1986
05137339b2ccd96aa22da6d57ca55e5091db65340ca41ddc5d87fd59d1f0ffe4 1640775614271 1640775616028 1757
c91239ac573b802cb9f0a3fb91dbafad14c5c4927dcf4b73283afdad79f0b043 1640775643836 1640775645628 1792
f76d6f45824050e01012d30627f927a2cb901c2a1021666e58e98fb0bcaf9c00 1640775672140 1640775673972 1832
86849f928a16363fb6f155c7c9208f2cf8c6439cf0b4ddb3cb862c9aef321c92 1640775700465 1640775702693 2228
3ee92660dad419e3db9cf8ed0131b3b624bb9e2bb98468b84ddeed28e705f7a2 1640775729012 1640775730935 1923
