ccc19d5176ec62c801bdbd1a74fcfad71d040dbc0f2b79d3c9a9441ce807686a 1640774330549 1640774332008 1459
ef49b00edf87b3647b586462565eecd759fce1313c55593947abca4e17d49374 1640774359470 1640774361396 1926
dadc4d2df829ce79b36d37525862dfeb97be50dd4386f5bcdc0bbf514cd13dc1 1640774388076 1640774390164 2088
7c69aaf7312ea7c54c5f11cf8d6d4f1c1b4c8411ec8b43577ef4c2b0fbb49eb5 1640774416394 1640774417741 1347
483686b551ef185c1157448489078215aac7b373621d8acd46da21a1f85fcc0a 1640774445298 1640774447397 2099
5dba582fb55f3b58ca8d2ccad916fff689db92f658da0b3e97e077572a1b6af4 1640774474968 1640774476928 1960
d4be2dfee3b7c0dcfa1da75c743fd94d05231c4bae0042815139a177ba4fc288 1640774503639 1640774506102 2463
9866d64fe357ea00cf750e75d4bc8c04eeddf15f1cda1d444ebeeda76b0139fb 1640774532245 1640774534787 2542
555cfd53bae8650de58076fbe4580f2167f7c29d81b9987a6edfe42461c6ef8a 1640774560863 1640774561394 531
2ae0c16463a6ee446cdb243eb75b5e417fbe70a734b3be140a3a619772aacc2b 1640774588923 1640774590924 2001
75ff24574a47f3e645c996eea2d9b81b663a5597ed183ffdb80f9990be036fc3 1640774616884 1640774619007 2123
49bbb01fe3b80c442bfd0d7fe56e64ae1c3b815d24dd3c44c68a045441c34dd5 1640774644342 1640774646818 2476
e394c532e92a45154f518cb696bc3c0e5e9499e1b90772e47fcda8ce322890bc 1640774672655 1640774675269 2614
9ee0a1aa36a9f77953314ac9cce3f94c1029de00face5043115cca702304f939 1640774701339 1640774703420 2081
2460dd9bc419e3b85b296094d33eee8ff116963bed6d1b0ac1e760e896a9500b 1640774729143 1640774731078 1935
5c6f49653117729d8d39fc50d6ab61ff1d2638a51bd76740d02ba8946dc44e47 1640774756818 1640774759245 2427
8526bac50de179b87bf11244b48ba4bdfcffaa0c70eceb93152b665f0e653346 1640774784516 1640774786939 2423
54b086adadbf608dc8f5d890cd965b7e370cd5f908c84eacaebc1e3f0cd61e0b 1640774813433 1640774815435 2002
9b3f21909aeb739750d2e4143b8961cebf01292bdabd05eeee4a87f2be3f3552 1640774841901 1640774844377 2476
47d41dbf76f5fbedb9678f6728a3098dbfd7dfae785dc5d552eb7bfc680484d6 1640774870433 1640774872780 2347
9092bee12f94b1cb2e58ef9790b9d86a70a5ff252f6df84c33fb3f1e80c1e825 1640774898570 1640774901093 2523
b1ce48126282467dc814354b1e3faa261e54dd55c76aebc5fd876d6dbc9dce62 1640774927293 1640774928886 1593
f8964e3d69d1d464948c3f0f95f5183c302d673bf4dc145bd65319afaf93fa98 1640774956093 1640774958162 2069
6027b0c2cdc4ff865a08e87e1a7dadae9c0344a7b412ff3fe32965fa7e986a23 1640774985007 1640774986755 1748
54d8bba7b0f0cb719ac89b85ccd579b045a95ece0b7f70f06560ec45ef2d0ef6 1640775014137 1640775016226 2089
114c7167d740211fbd59616fe8b4e7c5f3180f2bde66ef12aae9387ba923cfb7 1640775042749 1640775045142 2393
754d7de2d8d371ff7a405c9e44c241050e66a5d2717011f56c5fe0c48acbbf17 1640775071269 1640775072888 1619
0c688ce089ead8c5384463711a53324249e9fa51d40bf40d0951e59f798f1768 1640775099770 1640775102236 2466
66c8213cb8b211564977b84474a9768a554ce50e71fb9bd28695dd6dfc4d1f66 1640775128303 1640775130761 2458
0efa3698aaf75443e0c43302ac3a6bb5275d18287da0b599578347559543040d 1640775156355 1640775158777 2422
cd6f314d3ea952409526e6aa7b02c55754e3b116393bcae72643fd5637f0f1c5 1640775185204 1640775187628 2424
44ff009e06418a5902c6851db5c3e29aec6c05870b8e14903c17e6af735de1e8 1640775213629 1640775215138 1509
8d72bd28043206876cefb54f37c59c3038261e68ca7d2738bf997f8c597acdd9 1640775242175 1640775244594 2419
47f7b8ad3a272306e42bfd5741f45a4f0e60f75d07e7222e71ffa8eae63bee69 1640775270911 1640775272402 1491
d0df02ff76e22f05739e8e125019259c311b9959c4eca1cdb43c31805541ee45 1640775299306 1640775300837 1531
e5ce772fcdefdb3bc1e847fad25f0fd2cf0ae80a9f3509c9bc055192323f627d 1640775328162 1640775330800 2638
5897addf502284a48a1d674227832f7589a04d8446b6e086c01734fddee1e079 1640775356584 1640775359044 2460
056e9654272805574564a1577a312f09ae3de049399032c74070726e916b1573 1640775384875 1640775386091 1216
ceb22958d81d2194e98c869fb7b7bb436f9a92fcb31da25a5d5ad150bbce5206 1640775413475 1640775415584 2109
a55d375dcd4398112e85efee2d8540203cf3d2c587e6fe3f08c78c9c56f924f7 1640775441651 1640775443143 1492
f2b2a81e98e3eab68526ca5b90498d6bd2d8e61cb3837fe78518d8f79a25758e 1640775470699 1640775473157 2458
37ac8941071ae75cf2cc6d2d0925b3df426c2eef112def9eea30d5c45cf427e7 1640775499609 1640775501213 1604
8e8750c47479622ebb7ec939ef3547a8df1d17255c06a569efb179683a2ee6c0 1640775528201 1640775530612 2411
48e9607cd90abf09bcb5d2f903f2af889c2551a31a49adf1423dfbdc0398c226 1640775556442 1640775558513 2071
121a18fe8fc8206ae38c2cb80f91f900f7b117361169d21da70b63f4989aaf59 1640775584773 1640775586827 2054
a08a46c29ad9a7920e5bc6840cad226fc998b873abfea7c7d67e5e6352ea3f03 1640775614186 1640775615608 1422
3e047ecb94229aeeb993dc4e014ab95df67c2e664dc60d6192cf29d47145fb30 1640775643747 1640775645644 1897
7ae33c6459edc4e1a7c524aa0bda75c47d7df40b5a48046d0e121ebf53400e95 1640775672046 1640775673423 1377
fb6451b4d3bc70ef528162d935c98de6ac029c64833ddc55c6e9c0c11f6da6fe 1640775700373 1640775702651 2278
4c8a0c5a125cd64339241202d662aee644df9e20e8357a173c01fba34e5d53c5 1640775728911 1640775730912 2001
