1c30d33e781e3c52a1d8aeb0aadcea0d63cb80049978c499d571bb6a370f7052 1640774330569 1640774333100 2531
9e7c160567adedbafa648ca39f24a0f706cd910f806655d32b371c43abd4e109 1640774359495 1640774361405 1910
93c0f111ba640b175dff82730cbf18c6cae8a9f0c640027e03e12b9c582f6923 1640774388092 1640774390176 2084
6e29201bfbaf0faa32f78d184507d48009f89393ecc6c8a7a99e48a4c9c43035 1640774416415 1640774418011 1596
206fe0a2e510b4fef8d9a26a7c658f91cf33e9ba80e7db70a5a17909400b0fe6 1640774445317 1640774446855 1538
8733b2e410a932b9195879f539fa2195a9ee6a0b061b2aba9e18029050c83a46 1640774474992 1640774476926 1934
9b0759ff6eb3812e79b42e63f87df39d18518a913c6880ade7efb12f295d8bc5 1640774503660 1640774505610 1950
28266ba684cf328b4b3f564896bc1c4198c84f8807ff88c8fef1026396577210 1640774532268 1640774533884 1616
04049cb82bddbad59cc25ef10161e0e18bc0894df8cd878ab9938e0f64f2caf6 1640774560891 1640774563301 2410
26cb56947c5b0c56d424777cd93e2f2cce18c3347792390aaa3b211be4adc6b4 1640774588948 1640774590884 1936
c3ca1be1bd3747ca312043cf5cde988abdf9af2aaddc6b4ff3ab03fd50c46dbe 1640774616917 1640774619031 2114
964af539358069a2428347594feff810d0414351d8e3d3435bd6a1712cd0eb6e 1640774644371 1640774646768 2397
ad4d957201e88933382986440944beccc5e2915dfd987cff6b70bb8f8220f26a 1640774672686 1640774675228 2542
da9282ef8f7aca1a59e5e7d79db8e9d80f582f2f7b9faa37e79cbc70989a346c 1640774701369 1640774703387 2018
2a035c3b1da20ca641bd9cb4bb932d888822b2eed6588546ae044214a14c9f48 1640774729167 1640774731084 1917
f0f6344afb44204e98558d31c0d036f5a19bda8917eebdf757ac9bdad043b085 1640774756849 1640774759246 2397
d0cb56f97f506a4c24db11bbfa48112c134d1af2281708365a55935699679494 1640774784544 1640774786940 2396
449903746c3d15bc1e47cb29485746c6524a5a199071357f43e2e68f83e43391 1640774813463 1640774815416 1953
eacb3ebbe097a0682fd0db62f6bcb31229fa3509e59ada932de48800f0deaed1 1640774841933 1640774844335 2402
322c2198ea418b93267015540442afa13c0e3a735b6e6c4d88a725e753a3a928 1640774870471 1640774872773 2302
ab3f0df682ae7542aadc25f02514010593233a46cd4827f1a321c4497d0d564f 1640774898600 1640774900072 1472
4eec571d657f0d82549654dd12d73b93e7484922b62ddc7071e18d59ce1485c4 1640774927322 1640774929815 2493
03eee545d1634cb4421766fbf55ebc1c2862481333364747f5696056ef77b727 1640774956129 1640774958183 2054
ffcc97e360a30c08c6a057ff4cc30253ca7644d228c040e11229787b2c939f44 1640774985039 1640774986579 1540
36f86947a1eb0af2476cd24c6316ff889c79d1250a7feb7c370add833380fcf7 1640775014170 1640775016178 2008
d4d4fa2cdb15d237a0e58802f7bbc52b34fb5794c43bb8774028810078dd3bcf 1640775042778 1640775045179 2401
4d5d98bb66fbce45fce7fe823b3ea5dba29d9aea06c5df9b361637f4d47eaa11 1640775071304 1640775073766 2462
f6ce13815233dfd9c8823db97bc8f2bd0106ebb28c62008cfd0d6e5942a059aa 1640775099803 1640775101298 1495
c0795a2075db9b6beecba03b5ef6f7b895f22f494757291d8a8546e89484be45 1640775128330 1640775130760 2430
19818d879863b01522e921f547206be3003f5874ad2d09493c18a645a2ef3265 1640775156391 1640775158768 2377
bec8b1751c4682f5ada1b22b622eee4bc59e5b4297b91fcda83f75adfc99a451 1640775185240 1640775186644 1404
1d08abc43847e483d2d64fbe896a2db339d51f5a9b62dfde5e7053c749bb3c5b 1640775213663 1640775215974 2311
727b97c29a5088b9846ec658e9a884e889528e690b85e5d85123f13b21bf5b84 1640775242211 1640775244123 1912
5e5af94ac598b0c2d4ff98620f01f0ab019eb79561bb2bc1f914de987e6ad21b 1640775270947 1640775272742 1795
2b0b0c58a6f2451c569baf96c8f8544355a25c2472197b579eb2dd9dffef33be 1640775299345 1640775301812 2467
2f816bddca59b7823e77b60c2814a0536e2e28a11b7999ece82037d050aef6d5 1640775328197 1640775329645 1448
31f1143978a297e7105f2dd164f478a8120bee82921f382f77006008f3d743e7 1640775356617 1640775359050 2433
1fce03aa6d06dff8f7573d6c6ebadbab4157ae1c2a99ea2660af794db956b526 1640775384912 1640775386792 1880
e9bd0eea168e9c0fb09eff089fb7fd6c65ade839752abcccd4473b7deba76540 1640775413515 1640775415537 2022
2259316eda2355b59e53e728cb84ae6d5b23c2c80a2ef31b809ca61529e75eaa 1640775441693 1640775444026 2333
fb89a3ae641988e530a8cae14a39888adcf49bb6f65bb1c379be70096d5ae3b7 1640775470739 1640775472679 1940
72d4157117e23e0a6190fb4734d26ac07870e3066634d44d10ae0a862ce24ff0 1640775499649 1640775501670 2021
fa2d364890e3fde9968fd51e943cc459bf6a0a06107f2c737ec408bc63ac842d 1640775528237 1640775530601 2364
facd1d28dc0ccbfd8ec39d3ff72aa6a98c13819b74da519113b5753423d93d82 1640775556484 1640775558510 2026
2c9d57fa84367c6329df9a286cae64c2d47d5b1a6d9590610a68988e42487db8 1640775584808 1640775586326 1518
fddb1a10bf159a96b49099cd61651f3428d7f6c3c2034789054a0c356c1d56b5 1640775614222 1640775616048 1826
91ed58a66bc0837837a70fb98f97104cf4edf862fd119d29a4eb4756114ccbc5 1640775643783 1640775645185 1402
a65e1b0ae502e379ce80e0e4ff6696f9c6e139c925af655f924466dbeef89a6e 1640775672086 1640775673952 1866
4926dcd95b08e96498fcdc83c1362282818f360cd9eb3aa26d55f08332b99f9e 1640775700412 1640775701785 1373
3be57bec9472e901e1da6b9fe755a423d343a4b4edb0bf373649be80d120dcd6 1640775728956 1640775730909 1953
