a308aea52a4c07c746bf871359eee101afe3f06b1a8331d31bda7c1999d9134f 1640774330594 1640774333096 2502
b954ea14ac9850cfa82446ca728374e72e54bb607120d2d3058d76405c680bf6 1640774359519 1640774361831 2312
8c9ac543a62e7e607c2df56a1fc59fe4dba442955b7dcf6d53846a6d95725a46 1640774388125 1640774389628 1503
9d9cdb56833c98786c313af0227e533e3c229901e0d8f635eaaf50dc3077c647 1640774416445 1640774418855 2410
ad49e1d3964838892542a395cb132bfc2e9588de8f2c899b523a762b90abc553 1640774445344 1640774447919 2575
1641c13c2f1c736c7ccc51005bf737c6e829f9a304908c81665372f0c5782370 1640774475030 1640774476884 1854
15439e188f57b24653528d29a994ccff3bc4b8eaa472fcc733afccff0d2677db 1640774503696 1640774505605 1909
3e195341020cbd391f50081c7e90920a9cb6d70df99994ef2f712d4ac5fdec0f 1640774532302 1640774534782 2480
da658f987b428c86229c5e39790de7d3439376d79afad67866f771289b248d18 1640774560935 1640774563314 2379
e537e3da9495f8976be354b7c1458f9785379995848a6a77bf4a74641b36c8bd 1640774588985 1640774591455 2470
5b09348ea6407fbb12d2f672f0a0823fe7698b3d17aeae452c7e950cd3d65031 1640774616948 1640774619011 2063
57fb9db7a092d414e32430a7a3fc356140a5a0adad200fc4e3343c35e69bc2be 1640774644403 1640774646780 2377
6368e81b3d99ecc8bbe533e0b831f405ece63c6bda4b499bd9640223cf1105ab 1640774672731 1640774675268 2537
bd474c8935f6fe646f6507be6bbf5849b6581efeb174fb378d9ded4910cd4df0 1640774701412 1640774703425 2013
9f39a024ac74990766311ccef8cb1320aca3a282f45b9845a06501a5d0e33667 1640774729207 1640774731116 1909
c1391a91bf65e53f5d8a81be8ef53850577b40ddc4b10c4024f04b29f927c7df 1640774756895 1640774759284 2389
076b9fbc15443c3afb11e85d940d96b3627853162314191e58fc343ea3f21753 1640774784584 1640774786993 2409
1409b3b04a3248165bc609ba6db548d73a0a7b8386f52fe892d27d9776911cb4 1640774813503 1640774815454 1951
5a608779ea8e7d9b895e8cfb6a3cedc47d89757806acc58b8543721923729218 1640774841978 1640774844375 2397
f73c6d020bab33d8ddc16ec14c98a8b62fb80d6adddbcd88ad5298003aa4ea13 1640774870517 1640774872775 2258
df4135e96af8924c0e10dcf9caf6ad7dd20fcc3561fb6dfc352ebacbd6b61117 1640774898653 1640774901100 2447
f5eb1467b62370bb7c3d3c1bf8eb6b7499bf4e9b626bb885021758e6c722cbf6 1640774927372 1640774929778 2406
821aeee8f7178a45962766655316b96648d563582c1f7b8e4b930c2a36133057 1640774956187 1640774958162 1975
cdc866495873d5fdbbf2fb5e10ff79471ff51895601542455d985d04548b8ad8 1640774985087 1640774987114 2027
70c40e743f18485d44862f520ed6bbe25483daf43055a915f53ad06952c5f4a0 1640775014225 1640775016216 1991
86367d64bde9abc5b6c4fac94963d4ca3837f2b392aceb445ee320e2354dd800 1640775042835 1640775045186 2351
5d0ec769b9d1541e39434e1d9851246379887496d216b61286772861f6c45229 1640775071352 1640775073765 2413
f503396b78214444bbe62c546f50591042d3e7beb877ee818c559202bce2726e 1640775099854 1640775102225 2371
ab927230ada7480259afe7e673e5a1fdec29caa99106282e4102607c4615b00b 1640775128379 1640775130757 2378
b8b6155e8f0c995d36744d1d6307231c91de53d2ef73c94991642fa06c8327c4 1640775156451 1640775158776 2325
82b2a6c129a58797fe728ab31c5c9b328885e365a73c754f1a84df06398e12f9 1640775185296 1640775187159 1863
e4f45e330bc331eda612cebc56277b672dd91dc472d443718f3dda573cc6f336 1640775213718 1640775215966 2248
8c3dd61bf63b99b31f9bbf6ec60b9303e09cac85ede015c0509590d37b096561 1640775242264 1640775244089 1825
6ee1444135297eab8b1a726ce63b73e213f4c28f1a392f64f546ea6c79236945 1640775271007 1640775273201 2194
4f6a9577645decac92b7f6df5e641aca2b3dd77d95617399361d737aee5fc22c 1640775299401 1640775301814 2413
b933d817f4dde1be5c2df98fd6b3a0b498c17e2b2a1f24c604bea617c4412d0d 1640775328264 1640775330797 2533
1761f98e178d7bd77c2fd317f4f8b8e5e6e172ac900911834e239ea5511fbfa9 1640775356679 1640775359015 2336
ce1801d36fc23f97ff1a09b671cb07bc65ceef17be01623fbda2545d21781e2a 1640775384972 1640775386793 1821
d801e28b02597c06807bc7bddf2d3037b76e0a7a64d48f2d636f513bb99282f4 1640775413584 1640775415543 1959
0699350f8e525a0f67973a41e9749cb163ea7854d1d94e88a13f7bdb1ab7e809 1640775441756 1640775444033 2277
2b109a0ad72dd24b1c80b240fd6009b91bfb01c6a271dfd28c762efe998c54d9 1640775470802 1640775472268 1466
e9b3c7fa46bda1517a665510572cbf9bd7ee027a304a3aaab60a25715bfa3560 1640775499714 1640775501648 1934
cab1eee9b5154fb7579cb66a98ae86e822188f5b08dd8ea11b11fef631aeed3b 1640775528294 1640775530609 2315
326e607dbb1c9a31dc84ef334f5f2492d4c892abd5502650e179a6df844ade11 1640775556548 1640775558513 1965
f86501271dede55dac408a0e471bf8cfcf60a3b49801eca6c54925ec6c949dbd 1640775584875 1640775586877 2002
bad5ddc4a430e3ee255845007db1188059416008d3f5a03a30e6f220425e13f7 1640775614280 1640775616072 1792
cfce78cf1e7d3dc937caa88e63b4a67f2bda5ba908fbf583127c96b4f42a3712 1640775643845 1640775645667 1822
118085b5467a0ab2719da5917de4db223768020940340994896fd14989ab6bb5 1640775672149 1640775673942 1793
3dc30f58170012a6c5f6118b368fa4874cebaaa0cdea664dbaa14bf86f837c7f 1640775700476 1640775702704 2228
192e2343c4c4ad78cc950441ea21dc9fb7277f4eff45ef714b55fec1e2f0f12d 1640775729020 1640775730942 1922
