3c3d3dcb29a9a992974a863367546176cc27faad30845b474ae5aff64d52cf5d 1640774330543 1640774332064 1521
16d1aa5c3a24c587822b656b6ee51797e5888b256800140fd68077f3fa8c35ff 1640774359459 1640774361379 1920
d157a7de0e4860982c51910c70a3c256ffefdcb488c5bd9c4a83627885e7ff66 1640774388068 1640774390613 2545
d4c488e545d5ee457db42d486f71bfce5f5539b5e88c9e6a6db3cff0ff9a31cf 1640774416383 1640774418881 2498
4997ce642a882d4c9b7438c9c8a3a9168efe55823895ec69300199b3863d6dd5 1640774445286 1640774447901 2615
ed761f9b3f76f4e719c99468c56e144ae5c6944a245a70797911c887f5ddc594 1640774474958 1640774476256 1298
1b1db903429fe5c513ff977b23bb112ac9eb6ae3d4d5f1a0cfe222a40fe97a43 1640774503629 1640774505591 1962
7d4ed90436eddae499fcde913676a7ee935c86e549a4a15a7b94429043b91886 1640774532235 1640774534791 2556
044f34756ec38fe916bc8a3387559cee6d57420c119fad80e909f89de880c970 1640774560852 1640774562562 1710
15108c19c65764c5083257ea631e52d202001dfa56677864397b6766a6b193b2 1640774588913 1640774590951 2038
c8b4434ae8c55125c5fa1ae98b0bcdae3064efc2c8f9237bf13546d51b7a52b2 1640774616875 1640774618636 1761
6df90cbb10c4953d4cc65fbe203ff17be45d9159b226212757e4719d88bd321a 1640774644331 1640774646815 2484
5f808b1e1e1d2f6fc3467abfcc2da3ffde16dba449d1fc431799ae523576a1df 1640774672645 1640774675261 2616
fe6af2e87bea38fa587ce7d893c81fc747b8ecca8f424f0503a66182f33b7aec 1640774701331 1640774703425 2094
43ef1d86fd846c1eeb1cc056d5edb45881ed639122760e41b69ddd50a248c438 1640774729130 1640774730409 1279
4a768b33261326e46dfa130562d7ba18c0b68b05e6e0ae9cd82ee419b128c297 1640774756808 1640774759278 2470
316d26f29ffe9b428923604d8624e02d242f95d8535bb503a544ff5944491f76 1640774784504 1640774786944 2440
4e7253a0e6d059a5a0f12617d59ed688f7ef50b54cec84357c455a826fba0723 1640774813421 1640774815450 2029
ea169deadce44294a85094b40215fc3868585d62a79da5a6b6c47377c3c3a0e3 1640774841889 1640774842412 523
2f642f99fb3d214aed5eaadb679bab431f915ab60604c730a3ad25c8afd547a0 1640774870421 1640774872776 2355
a91eaf03bdb33862e364d0de6d7d6b7e15f1652387c5b4d2870502b4ce09ef6b 1640774898555 1640774901087 2532
c84891867d78fc9c06056623243942e9baf7bc8037d1bc6f3d59d91f17a3e349 1640774927280 1640774929823 2543
37475f33901969e6ce2dd97899d9081f2d4e287dc622d3ef8c15dbb5e80e55f5 1640774956079 1640774957840 1761
45f0d6049b68f7478c6e76c4c978402dd15a21846917abdcbbd800a9ceadf836 1640774984994 1640774987138 2144
4a68fecd025281c4bee336c8c6abfa77204768ff111c4eac73e95f407f92a983 1640775014124 1640775016211 2087
4557ca077c28f7cd338f671a0e4e4415f1c8856439a5fa2469e34684c2ff44a4 1640775042737 1640775045174 2437
2144fba5c35b0d0c574825a6c34181461c847177383384bb2317f4528d2e6477 1640775071256 1640775073721 2465
5be9cfa77bbd74a47a4b2ac63ac483671d20b8fb388feaaf1b62dde17e608c98 1640775099759 1640775101274 1515
7906be0068a3292965fb86518aa5e6f824e0b3168e22610ae7eab692e09bc4a8 1640775128292 1640775130764 2472
42391be2ec2e69f02d8f3d14e145f176e32b5b1d73e30befc46f743427d0c2c7 1640775156343 1640775157785 1442
808ea4e7bba27563a6620eeb5622bbe1202d40e63ac3a5e9805489dbea2170cd 1640775185192 1640775187634 2442
49732a32a22de8f3110bbbda8a1b512eb8d36a7278fa101e46b611499aed83dd 1640775213618 1640775215520 1902
041626a793d635dc93d826bea75f4fab9394cdb26d51e05dbecf4accc6c1fcb1 1640775242160 1640775243629 1469
cfa0365f54c67f084c39bea13ad796d5473f20d60ede22ee34a8bc392d979d1e 1640775270895 1640775272737 1842
5e1448c83684b412ec833810ae1954f7d5c2cf105cb20b3dac83224c3ea45b95 1640775299292 1640775301814 2522
638ac3e582e62ba80bb03991439deda34cc18a947c07e4c9dbe2b7877793029a 1640775328150 1640775330791 2641
74078217de07a7713af0f50a6891ff89ed1206087ba4ea993d64fb1e81f50e3b 1640775356572 1640775359042 2470
0c7197e44e6ee7e26e53687137a2748e5c64367b233745af8a9bbb8d5c16ba99 1640775384862 1640775386092 1230
aa80068b398b94f0076cad03ed72e24b7d9f9975dbf009fefd32698ce08d3d87 1640775413459 1640775414980 1521
1d173202c3851cde9b2bb090b6d6f73df92cc0313294c87e43babf95040df16f 1640775441634 1640775444014 2380
09846f9b9275ef0703b22d06e672aa39efaff68724aaff5a18ad43e6d6f8555e 1640775470683 1640775473155 2472
a5ae75961d2f2b0db69d93ccd374f56c1dd6a3429cad4ab3affb918c4914e45c 1640775499597 1640775501662 2065
ca82e1699f87ac109f75e02cd63e35b865f5c634f8bd8bcfb10b2ee81785815f 1640775528184 1640775529669 1485
531344e1dda59b1cc19abfd0dd8154458c7a8f945ea80d4232c04eb9915a2026 1640775556430 1640775557982 1552
10447c95e385ac9b562bc1f84dca9eea0be450665ac6714d22827a59a81b52eb 1640775584757 1640775586808 2051
c3c27477180616053c22c44d79ce33d8c1da58cd831b8730fd84e338c70dfa6a 1640775614169 1640775615397 1228
ce697e06f9a8462765dec559d7a66a02e61e83756be99b462b367a7db3156c21 1640775643729 1640775644997 1268
13848f3ca2c14a2b9250c414cd29fa70d41c14a5eb3b819aaf5f49d59bb7d8b9 1640775672028 1640775673429 1401
2bc4c2deb7de70718a70f0f17a763f44b4a6d73ddb8db22ff03e61266a2cc17b 1640775700356 1640775702700 2344
cb61a58d6f40df6eb538983e8fc5728cedf8e609553e854af4742473c60f9f17 1640775728894 1640775730521 1627
