c9f3db0e35d10a39202087a9d6ac995bd9fdf8a7d122049a6667c1cde256ee8b 1640774330576 1640774333096 2520
3af8d7d4a6618be6d45c8f0889cac23e61f391cd7b9a3e57c95cdad8b083b45e 1640774359500 1640774361359 1859
1128370f8c761de36a3fb3b83c294f07bcbf09fef02941f2072a090b5e7e6b07 1640774388103 1640774390109 2006
27957e74347a8b2ef178d69f20984e9b80ba0fbf12757c91d7e6256fe9be21db 1640774416423 1640774418886 2463
3b18c9bdb9a43eab2498fa2719c99d874e29c6b0db2d8b5fff399d83e2855bdd 1640774445325 1640774447406 2081
fd6e23dca777bbfaefacc05e99319fefd2f0c40ffb643b6032a6c4fef3292963 1640774475005 1640774476928 1923
2feb55def8e4d1adafb3a9a1397ce839dc29403482c7d09bcc8916aa79ea67a0 1640774503668 1640774505629 1961
dfc37ffbb164de8f70a477dd82dc8a03955885d81aca8f98141dd35c0e633a90 1640774532283 1640774534719 2436
41718ccd62c972a9991a3886367536eb10a1d86a0acffb6dca77c325e43ad618 1640774560901 1640774562428 1527
88cf781b7cb73748465815c24df2a22887156abb39c251c6b3f98890bf0a44da 1640774588963 1640774591450 2487
2649764430b22562178800d72331a2a35c8717415d2f5eceffe943df327a754d 1640774616924 1640774619015 2091
4115ed52677093b1d02a49a3ce7e4f1a2f24a7f8488edcfa77f56e806cc0b728 1640774644379 1640774645848 1469
924ec253ad8af90257925e35e1a0ea9c703b0ef5945228072457b5cda3a89212 1640774672700 1640774674031 1331
3504e7207fc3485c32e239f09138a133c82c4280f1149f6e0ef762bc0c33bab3 1640774701379 1640774703874 2495
a61bff933439c2365785d3b0cad408b274be45c668fd03c1d8855084199ee60e 1640774729179 1640774731087 1908
51a7610d2ff5d16463f2049a00cb79e6c18659675e0b5640f97ef3034d654f28 1640774756863 1640774759288 2425
8f841035109cf34940a7e046816dcc044aa1c760f8c598653699137ae8da78a2 1640774784556 1640774786941 2385
5149e6157b1ecfd71482f08a67ef5b237e167101eb3d1ec6cd38c5aabe8ad387 1640774813475 1640774815409 1934
0406b1fc23ccd9b30234a9a1066bd98eb7d88779ed89882b3a007ca6a4a1be48 1640774841945 1640774844375 2430
6e215e245bf95396f1886f009f3518854e9c12a7a1845a44783025dd26ad2723 1640774870485 1640774872773 2288
124d02c4cc75270d8a5d2ec21054b7310fbc0a71a84574c6c2aec81a626fb3b0 1640774898616 1640774901093 2477
f4c21f3f6b5c91f144aae7792fb32c87cea3bb41eb2fd3c9957203db7db24c6e 1640774927333 1640774929821 2488
5988cef179818401eb44e11dc67f8528f64f84bc5466ca91042810cedd2ed0c2 1640774956147 1640774958185 2038
63c194dfbbf41149935d5dd516820355d7f4d389b476aa1eafb6bf4243164d58 1640774985054 1640774987124 2070
5c9f50a30b5709e6872d495eb046b0f25d9ef0532fe583c94d662cda283ada29 1640775014181 1640775016182 2001
eb393d28710d705ffa9a6390280c3f66a2083acc057db1cc16593be59e4b6058 1640775042800 1640775045175 2375
6d4c02f3c4adf280ede0d6f2f943ff417d6164f056eded0fe38c0f6ba36f1c47 1640775071316 1640775073759 2443
f561ff33c47fafdd4a557fc33816fd4e65fe867325622b3934f773f1120002b9 1640775099821 1640775102216 2395
6ff85c5ec7bd99628729b409d3050562540d42aa595fb8ed647304d2d277e5b0 1640775128347 1640775130755 2408
481e81523743eef507eb040b3510e9d2b21e10ef3a47f4ae789df71ad84a64ba 1640775156411 1640775158732 2321
6093ee8414b264120f5ff96f4f70212bbe3ffba1b0573d559f8fa0b3e2774daa 1640775185255 1640775187630 2375
f266ec6c0fad606fe40d7c3dbcda6f827539da1bc73d7e3bbd86564601887efc 1640775213679 1640775215982 2303
ed898c68a3c72c13a697893e1436d9624e14eab81da472b74d6414a3979e6d11 1640775242225 1640775244116 1891
6948d56c0f972d5260692b08628b4481761435e4f8c0c120a84ba2f25842c4bb 1640775270964 1640775272752 1788
28ab1cc6755228a5406a9cbf27897e4b85f982bb60de1bd88d9bdaf249a59ccf 1640775299359 1640775300814 1455
af1fc2127833b6b94f1f19d9a727d0aa7f38591748c2c064e6c97a4b7875689e 1640775328218 1640775330802 2584
a6a0da60f201d7260d382b94a243d190c3873436e701bd55de01932a1b6a36c4 1640775356635 1640775359025 2390
cbbe9ec0d793d97abcc2d2df19587086c2d8b41a07ce506d26e18f94be5617a5 1640775384929 1640775386757 1828
56c3417e0a6dcadd87a8b66506ba89906233c484f84fb994d7a0468ebeaedc2b 1640775413535 1640775415527 1992
7556e7d31a5d914fcf6a8abc03b283bb68b5c2bfcf5af1c6be135273ceb2e326 1640775441711 1640775444042 2331
0afd92a273d5dff24ef1c73f36841c62a6aa99202646588cbd6ca0b4bae9102b 1640775470755 1640775473156 2401
010dffb4cad027dff014b69dee888f1932012c78fc1e2fabe8c6de563d08a415 1640775499667 1640775502108 2441
51af5bbfb7517e756bd7c0b2493584f27adefd64b155c382dfab77a58791a1bf 1640775528252 1640775530610 2358
4e084f022106e6c66afaaae2da1632522b64e2e9124f504c18e03701805ad6f7 1640775556503 1640775558511 2008
5d81a80206940e85b991a3d2b9acfbd8a98ff08427b13d8d8ee133dd0b021d45 1640775584828 1640775586873 2045
1c8debe08dea19f8d1bb7c2c24a472d0217270bd45f1db8bf73fc612a5840331 1640775614238 1640775616011 1773
2ba4dcc530bf496bc6f544a76afb4bad8e51499c09d691ee4c5674d1646ce550 1640775643801 1640775645640 1839
7733f5af5f5a00174b558c7e62d6725ba5f2a73d4232fb76ec0d3ffd2571754e 1640775672108 1640775673971 1863
755ca4e8034edad74a4ec4736e1d6c762e4b22ab655b37ddd52dfec3789b3d63 1640775700433 1640775702689 2256
cb435d0f01f2c7fd135f2908f9632460d9165aae6a5978feddd1e83efc155765 1640775728977 1640775730916 1939
