027e0abeb7658f20b81edf3d7a21540b30d8e1615d67f06fa8f3f1d07a12fa89 1640774330586 1640774333100 2514
7fc653b544e8df5fa3d8ddf0c709708b48c5ad97f6761985f3729526019cb3c4 1640774359514 1640774360915 1401
f7048a5a8a83bb311d2d02c613547cfe357ffe8ff519f2af99c4eced09b5edf6 1640774388118 1640774389631 1513
76b4691a5c2717c26ee8c0221ad8a2ff257a6f2d4a3cd6e56c9e4d403243772b 1640774416437 1640774418895 2458
bab9345088d9caf49473f2c1bfd2879c5c671ee759ed0d3bca0abea35b2e164f 1640774445341 1640774447384 2043
83a43feefa92b443427de166655243a0fa4d1265df44fc61012f96f07e40bab7 1640774475021 1640774476927 1906
b21c76054a0b59c418882b5d31ddb7d75395cc41c0fcff540d8494baf7a6a10f 1640774503686 1640774505578 1892
15bbf3d7f51e8c87cf2d772529538e1caa7a794220ca2c4f6e34066bcdb3d710 1640774532295 1640774534730 2435
941d63b0a93ad3a49b0b7b222038dd2e9e390d261ccd6cecd6f457e9ca8d7ff3 1640774560927 1640774563291 2364
832fe222b2b2bdc6c6ce935721a2cc8ea06f4f373119c3c5b538d0bbd23c66ba 1640774588977 1640774591451 2474
5e5a7dc804e0e3aa61a48362414cf57df5afc8f1e736ee965eeab294a235fe42 1640774616938 1640774619020 2082
6d4210dfe7a76aa6b42f5fa0a1400ee82cb6171b65afc228301137be1d480bc4 1640774644396 1640774646814 2418
c912203d814f05964db0d1752dffe66067c504c48a4b3f9d9452a35b90a0760f 1640774672720 1640774675276 2556
6e33917150a1e235111fc0e00540a31d55b29491d5f0a7117a34fa043a208364 1640774701403 1640774703414 2011
141b2403eeaa6cfb512728f2815be093deb687ba2459f002d7c794cfbfb18728 1640774729198 1640774731071 1873
0e1bd6541624cda7fb2100128a83b9c76c4b02dfbbc6667a3791ebc2cabe3414 1640774756887 1640774759250 2363
8c9304f48f8bc37da0f55892dea751209c92efb19fb10a5335bf977f3cc6df39 1640774784574 1640774786986 2412
f603ed305a6d0fefc8c161c70e34ad9c0210585ce1067359f511de2268415a07 1640774813492 1640774815449 1957
cf551922b142c81d5937f0cdecd45ac3e96851c65788776c1f3e011d6a05a05a 1640774841965 1640774844339 2374
0c2b382861dde88277b95567b089b1c3ca62ff6304d66a79f4f6bdfda4e445bd 1640774870510 1640774871906 1396
4964743044651e1f045ab78b019805d0ab257e093593e19ddfe8384e4cb4e2ea 1640774898642 1640774901059 2417
5606d1f885103c4f5e7d7acafc88942a894a39ab394079a503c7d3c6b2bd7867 1640774927362 1640774929811 2449
a7573494bdf304a22e5a34cd5677a8638bb7a011dcfaee4da5dc07b83cafcdf8 1640774956173 1640774957741 1568
bd0977b7170b87b134031e5abca8bef1dc28c81384057c7dbda54c13c9b81aff 1640774985076 1640774986722 1646
9a11e5df24c0a73e91b67923c2030785648da6dfcc5a152b9c92d9cdd11fecde 1640775014212 1640775015783 1571
bf1d619651320c8d879e45d9ec8b3588257f65802e2674072ffe13ca478f7258 1640775042824 1640775045153 2329
cf62da0a67569ca4aa8c0cad8547903fdf19b5c5e7d0ba0f3a8fc21cb4ee23fa 1640775071338 1640775073756 2418
faebca58e9c533bbf2b5d93339ee85e076a081c7f11d192d7bd0c0eb913b104b 1640775099844 1640775102233 2389
a904d2d2f92fc62048e5c546decc676b0af473da8fb258ee87ec933d15a784ca 1640775128367 1640775130747 2380
aae0c44c7b49d663efc8939b9e58ceaa6caef227a852e4122545aa0a7ee1c573 1640775156437 1640775158768 2331
b5921d27f08f23807e4b86241386d9abb3a06997a73b7aca4a091aa6f37c8475 1640775185282 1640775187630 2348
cddc601c9371919cdc68c2fbe49c50cfc0f066dd710023a7278fac2bf96fb3f2 1640775213704 1640775215951 2247
a4c46df86bed8900094802ced6e5abbcd6a39013895f81771fd4e10895897cde 1640775242252 1640775244106 1854
1f6f64562d14798d7abde00979ac81bbf6d13676fff30ec717595a582bdf374e 1640775270990 1640775273213 2223
a3960fbc97ede0e36cfa10522c8d7001aee49ef86c2b50a08b886f6e0f8ac16d 1640775299387 1640775300909 1522
b9d2e864595e92b437339116f779bef52a973f04bd90b3dbc8207b2d4f82f8fc 1640775328247 1640775330806 2559
d2574fdb1254a9b5376e988e2819d5e843e68ee9fd0ce00d4ff730d5156c670b 1640775356659 1640775359052 2393
05ea33b3926ae040c20cb46d6fc3cf15b260c9e29ef447a22185bd7f5d6c79a1 1640775384960 1640775386781 1821
9f66312bcc3b064b541509db6becf1e96a1488a8a3f04a8130cf25ebb167a55a 1640775413566 1640775415548 1982
974890233a6d675a4c58f55d9085a77cf8791802b607e6aef71c74b45a7fe2b1 1640775441741 1640775444034 2293
c372c6f6a3949c45b1251cb0b74f9287b1392ce20ccb0b73fcfa387a3ae5ea48 1640775470785 1640775472647 1862
5e80e9218a85e0dd63cdedaa017e7dda860bdf9eea923f85a6b2a1e86dd384ff 1640775499697 1640775501644 1947
62608ba8d08ad37bcaad4e51a02111680209e1877c72f8be565ccaeb5f753b85 1640775528282 1640775530606 2324
3fcdc1af1c9b84e2361e57f5655ac4659fcde87d855c5cc6ace83c430947db61 1640775556535 1640775558514 1979
f4be58196e243b7d9e0c3a9b75294493626d97524fc5c2b218483b2380cd360c 1640775584860 1640775586859 1999
efecee41967ef8ffde47b79931075877907677401171a3e85531adcb351dbd29 1640775614268 1640775616073 1805
ac89d8750d460890668224ad7ea1023273f21f1c16e9697bcdf0dd01312726c0 1640775643834 1640775645642 1808
e6d4ce5672a68f128b957f36cd15d3b4547c6e06b2ea209f9bdacc7fac14cef2 1640775672137 1640775673972 1835
301ac30178ec681484c70fdeeed400de19bd28c3d6e2d0517abf5b082fb0d625 1640775700462 1640775702698 2236
dc77d2290bb964715de9f2083ec90acdda50ec701e68240e0a28ebd1662b408a 1640775729009 1640775730945 1936
