06710d6f940eb60ab9c377a7c1f9d86f69bd833cc39274f0f113caa1241ea834 1640774330581 1640774333094 2513
e0971b4e91fda6347c82c0cc4732cf091f2a18fff10e4aedfb90656c467fbba3 1640774359511 1640774361369 1858
ea94de435610bef32c43d1b416a26d12534a7a9ebedc3f6d1ae7ce40792e074d 1640774388113 1640774390170 2057
dc4cf9db09544adb7fad3af490c21e9e3c2477189724a8f76619031d034ab94c 1640774416432 1640774418835 2403
115cf939d98a5ed409501c181c7269ab5a7970be34d0e8cbc273b5bd048318d4 1640774445334 1640774447920 2586
f6138501b8eeb9fc7fae039eb92330721575c586cc5ff85483062a9dcb3130d2 1640774475016 1640774476900 1884
cb96cac106da6df224773421eacbd11da26ee8c9adcea54f64c87a6f9c7edf97 1640774503679 1640774505161 1482
8f40e2b5a68b2e577779c7345f90be6348138a952f569114a2d138d2661fbb87 1640774532291 1640774534790 2499
e74ca8093e21a43e2c3f184fef3c422d20618cd3179c9ce7e12444fd8d454e76 1640774560918 1640774563308 2390
80da4702dc305e14d617614c970fcaf8816d9a3aa9787398c8be7980f7383099 1640774588970 1640774590970 2000
caa8f91d331604445863de60d32fa2e2d614c7370b05c5dc9dbc2425761b9474 1640774616934 1640774619007 2073
5b5f3fdbc3dc504fa8b43724fd66c50e042c854499b4b0b95132dcaa142faad9 1640774644389 1640774646820 2431
fa7d3a28f03ddbf51c9aec928136b62f5589132f1cdb34c62ae6b35093ca9428 1640774672713 1640774675274 2561
d88d8133a470d94f12a49c131dfef9b13ab3fd4ebfb16e44b31b0c89b2f2eb6c 1640774701394 1640774703877 2483
d3bbea9df184bddd79f60d5a1bb7a5a3d72704ed7c38324dda492111e80b094b 1640774729191 1640774731101 1910
dea7a87c4dd90d303247f370f91034939b2513b06fb88daae0147aa1b16a0c07 1640774756880 1640774759250 2370
49fd24c90e48033c47ee1c03ac6a6c80bf9f0d2731ea52e82189ede453974a4d 1640774784569 1640774786989 2420
0698c043796e53280666522888e78cb9493e368dc4b279e6faff99f9fb4c70c4 1640774813487 1640774814986 1499
0c471878e1d4edaaebacd7f5b9265e2dcb53bce29006d590d893bdd166e9aab8 1640774841959 1640774844352 2393
848837b80afb086e78a415a521206aa56c003933e61fc1d0a452e298fd3d68fc 1640774870501 1640774872721 2220
355f3a563983e3c9a369369abece240db05f194c6f4bedb7679507985c420015 1640774898631 1640774901079 2448
4a17c69bf967b94975d96b7ed5bfd6226c9accfbfdcf095f1dd35c579f6e5e1f 1640774927351 1640774928870 1519
4029021851d92d0edb7feeba6a5dabdb6de83e21d17136a9eb99b706d02471ae 1640774956163 1640774958180 2017
084f2704b48b94a46181a277fa373fecd7072bb1ce1715470bf6378ff5c44823 1640774985069 1640774987112 2043
c0498583b9f812f3edfab286f4f65ae9ac8df2c98904b3622b2f6412c8208c94 1640775014199 1640775016179 1980
b7bb9c45e56be6ccf7b47c4da251585cb58a3bf7e769f03d718758ccde65f4af 1640775042819 1640775045175 2356
55790513f02b4494e1185d22c28d025b74cc2910d04995d2b20558d69e43ad97 1640775071330 1640775073765 2435
18ed8ae1c677071ca13d91ae0ba066e5afcb48aadcf95761b749164305c29c83 1640775099836 1640775102214 2378
be58e3b4d8f24ca122b1193d8a76c7d3535c0237f15c83574f763d947430d669 1640775128361 1640775130760 2399
2cda6d66ce4bdc3de40569220497dd11ecc5ab701e35cf5b2eff20cf578b9165 1640775156427 1640775158775 2348
6475619a54939ce97ed3a5c3db42eed7df17f417894af64d06b6fd84b9b5cb21 1640775185273 1640775187634 2361
6675db9c47388dae62694680cb2ac736f053a3d5866ea8a917902f5037c0b296 1640775213694 1640775215128 1434
89deec2672918626f766a263f0ae44fb5adaf05c515a6d77ee9009fb904dd807 1640775242242 1640775244110 1868
578922cdf84511c0f189c8cfd9a4a520b06744b0ca8fa80403ff40f66d909633 1640775270982 1640775273212 2230
ea5e24227a854428a9a19a3c340877107246cd764b0fee0ee872775e91f5fc79 1640775299376 1640775301763 2387
af5bfc0e76b65ca399f96a64d39fbd9f4eb03f9e05a4ba553e2f2a843d7b8140 1640775328236 1640775330803 2567
e46441fcf7a08ec19dadc2fb8867ea10b87726dfbce4f12059082eef2af6914e 1640775356652 1640775359053 2401
fc5412a630c107aca0ae71e846455af11af508c82ff71c4ec5a8692b97495f27 1640775384946 1640775386789 1843
d694eda55d06fab0a19097874bcd528ca75aedf45858484352e5b4c76f7b6f4e 1640775413555 1640775415979 2424
6e96eb4f675fe561c4986324ffc8768a6f303cdd395bea2e9c1c11e1786c4541 1640775441731 1640775444014 2283
abb6f2f7a64d980a5bc6e599aa7040e87aa90c74c901c89f2e235f42b03f3c90 1640775470777 1640775473154 2377
8ae47f1cdac2a7298e5f1019ac19e660203e4167df78c9f0cc05a34f847533ea 1640775499686 1640775501644 1958
a427ca48fa99b4bcb5dd3b8363226955d0c8304f650f4a8d8d0e5499016992e6 1640775528272 1640775529680 1408
4f66968fa07ba09622c1f95b04e8313e4eee15a00574770fbbc027fe5b2491f2 1640775556523 1640775558957 2434
d45779f7578382c959c7e7b40bb865158302a053278b048e527ed22c95d6eeff 1640775584851 1640775586876 2025
f0e2ec3e7d5c16c14b9fef731fde2f40e3110e4cebdacdc7c6f935d21da987bd 1640775614255 1640775616070 1815
a4119920f3849c019f3d62ec12869b23bc84886b129bce178217940dc329bcfa 1640775643823 1640775645636 1813
599c659f23fdaeebce5e80e6caded0f5f402dae0ca73a91ec179cab5b13db784 1640775672128 1640775673967 1839
f48b846163351d45f6421d15a814c5242978f916636131c783d9ce76b7c04588 1640775700452 1640775702696 2244
5f9175809c9ef2917c2e38c2eb063e9cdb96b37216116bc039f297fab84ce84d 1640775729001 1640775730482 1481
