b85e2833b37111fe0dbcb0d32f98e83c0a7381c43d7765c4a07dd59774949a98 1640774330533 1640774332110 1577
4d5fed7c90f55b013ef694416f3d296a1ae1c4fb55449ed29d169ed4a0013be9 1640774359451 1640774360148 697
c171a64834f59411688ed7f899227ce7252a35e85ac25e66540e587e1823bd76 1640774388057 1640774389621 1564
313eb3101a85c1378392b8e4df3602ac7e3d3e645458d54b0e7acd8ad5a291ec 1640774416372 1640774417657 1285
5c862b37995dae32a94c556ec36526e5b64e9e910f409ca7c548256ac3759542 1640774445274 1640774447901 2627
76f6cc836a2b9e26ec704ee283b76387655862492ca99becd5de251f5bf0fec8 1640774474943 1640774476218 1275
bcaad32285ca8c3d1bc3fba39db0ecd797e21b31ebbf8519f957674c2b3f5228 1640774503617 1640774504915 1298
3be4d2a2dbf7f524d346794e2b11b6317b7e4c3d509ddab279e37ae7dfa4a814 1640774532221 1640774534787 2566
77767275ac65a40661c9d43d38024917aa52b36525db6c68256bfd661f167912 1640774560839 1640774561391 552
c67c6923a2c613714249dfd6e2428cf30cd5c165c448921f0b068f5dea30c007 1640774588901 1640774590932 2031
61035f4a3c6146ba215e47b7b74bdd9fffdfd0f67f02d81df0370914a5e2730c 1640774616860 1640774617318 458
b93a7c1b7c7bd1f062642b6aca5b7904cea6e1175da642a3ef7fd8c594a71846 1640774644317 1640774645861 1544
e8d4f78ec7110fcca357b8caa360701121708fe808644f5ae1a75a6cdba03816 1640774672633 1640774675273 2640
d5b490547446aac7578ed1ac0e6b54754c706f40036ca44162192618f59b0d19 1640774701316 1640774703435 2119
c6d361378b71fdbad5a49a1e21267eed7d8d9fff28277af68579f0864f9758bd 1640774729115 1640774730419 1304
666d353a8dc15ab3514f6aa32746186424bf969001f9e9d35dc95930f6f13190 1640774756792 1640774759248 2456
b22b5fa2fe4fb3a641fa0e46102204402ba487888ef17e06b30da7a22fbd071e 1640774784487 1640774786991 2504
caed6511ba5e539ec7cea10159822aaad83f9569a7bed684621fe79309861136 1640774813407 1640774814130 723
fcb3afcb4d1dce6acb8d47d50dae6880a8e5c737da4148599e8e3e6fbfc257f7 1640774841876 1640774844331 2455
3394fbd0516553f177863c0ae41b45241fbbe96be183fbd2865baab4cc7fccbc 1640774870402 1640774871690 1288
2e374aafe1e585921e583021f019b720a8cb98fdc7b530bb01430cf9910c2438 1640774898536 1640774901055 2519
5c2e1bb94ccf464065d4352ff530e0b00ec672621424a7220e753f2fb75aa21c 1640774927260 1640774927769 509
04c95e677f9072f9feaf7183543f449d0cb2b6416b9c9332732719fe99182752 1640774956059 1640774956807 748
16aa1ba18ee1495c043e34a3151b549332555d5153b68a95c572ff768eb29818 1640774984977 1640774985493 516
e0472afc8cdff4faf2ecba790968c8570c3f529c1cddd16592de4db55a889049 1640775014107 1640775015424 1317
8fd9e307172d50a7ea973ef5cdafbbe646a36f9b21bec7a06aab54c713999aef 1640775042723 1640775044001 1278
48234c4a48c9ebcfaaca6d0ce5c443c5c94b554dba8f677b1c0e35105b37db1a 1640775071240 1640775071790 550
c94405c7a206c8491f6598034253bb8b945e5a68f09dcab1a612fa8f70737bbf 1640775099744 1640775102233 2489
05520600a3df4b3a208d4d6d2cd86a94aa0ba79b04f336d3599686cd2cae0f6f 1640775128276 1640775129749 1473
8e543c9e7faf4403b752b4eab42f8ff31eddbf2f10933903ed92807ae90dc6b6 1640775156327 1640775158770 2443
d5702830b90e981f3f1da983fadae87a66c35f8fcd3481fe6295548669cf05bd 1640775185175 1640775187620 2445
dbfa4563a3aad3669c3c94471296b939e53340eadfc0da94c6be99bc6faa9b66 1640775213601 1640775214284 683
eab997985a079ef00a02b8cf1a338b58ec821368eccb9980f25f5bfd1cd6812e 1640775242141 1640775243407 1266
5bb8f6131e24237e50fd08a14ab9aeeed81b74d01e06183e4f073d51a54cef2e 1640775270877 1640775272143 1266
c8e12b7dcff1c60b1b5d194ae88724ff6d50235b6815b146a75156f9dd81ba0e 1640775299273 1640775301317 2044
983a258df428a0a5628b24736554f64d3e50f5ebf8ddff4ad7e19daff4a4f241 1640775328127 1640775328763 636
fed90a8f8ead5b789bbec4e560a46da5275716e259f92f8895feb108752dc5bb 1640775356552 1640775359045 2493
983c43898b0a7b8bcca357ebed68ca903edaec46dd8e681edbe392784cd85a04 1640775384840 1640775386090 1250
d20cd7984780ee6ac0f60c8e3156f1e6fa0260c65fc5a9ddc2c0546e28bd0f82 1640775413440 1640775414693 1253
709cce10b85ceabf81e866e2a3356326c54d4ca54bab35f698bdc3c12719758e 1640775441610 1640775444033 2423
f97549956a51abf827528495748d67a598725d7f25393c60d4f12ffd2b2661ee 1640775470665 1640775471928 1263
31cbf49ce35e5cfbbda0c716c98cd8a7f6765e108b3f5900581bc8e92e3cf144 1640775499577 1640775501646 2069
18adeeef1a47809d781e26fe9a04ea8d6de5da6a6ade039e477acfc87f35efbb 1640775528164 1640775529626 1462
7c6588595fcd10bc4f3951f4863e714dfa3bab6ee86ffbc04b18ae877a52d9e9 1640775556409 1640775557069 660
4c4bc38b031a21c227ac191d0b81e8cb3eb538c81aa55735723394e837ce8d52 1640775584738 1640775587327 2589
8bc82f6d7bdf55fa5856e66da8c5c9bc0f966ef57b1560b481e016ed0786527c 1640775614149 1640775615399 1250
4019dc748f5c1fe07ae8c886d42be38bd33cc97b514bb4e6eb88bd91804d722b 1640775643708 1640775644989 1281
aad661672842c4f99608a93f9addd628bf9d57d3ad87bf696129fd3dc8efe3a2 1640775672009 1640775673417 1408
10fd146f7fcc64b9884ced1425773f2f5c730fbd60ce4a0b110631b0d2cd4790 1640775700334 1640775702697 2363
dde0046f802a2296c0fcf35a08a9939be076d34af511bd5800ee53a8649de93e 1640775728875 1640775729516 641
