be3b9e08883e2d122e78dc880f9d802b0b5d176ee24ca5e332cc68033e593a88 1640774330580 1640774332109 1529
2aa72c39f93d92a365dff4be0b36f65af3fd5607bb4ff26743c5d9d043448f86 1640774359508 1640774361826 2318
622976a66f0839e7fb706a47fbdbf3a71615f507e67ceaed43fbdb081f04b1c2 1640774388110 1640774390166 2056
898cfa639325219138ee47cdfbe7873d9c6534b4dd7a8128f20211d702df7ec7 1640774416429 1640774418868 2439
a39227790149283252ad990da1c18384e0ff220ff959138fe08b33dd080ed2b4 1640774445333 1640774447918 2585
f0316be39d8128f2b5c5dcd2ac7aab6ae297c5c445ecad1f6f7dcdbc8ea99060 1640774475013 1640774476929 1916
6bac24e556385282a4ca8215c925caf69f7bac7d2965015c798cf82fa3753685 1640774503675 1640774505593 1918
2ac71d8f4ee6a54229a2ed53aec855a80df9c035006c88eef3e7f25f3dd44055 1640774532288 1640774534798 2510
675432f7742f527b369b188e7b4b34b9366eb54621147247f0b60d64b3b74520 1640774560910 1640774562452 1542
090a182b35a6e010d0a553ef024369bebf85263a4f374e1f634cb7dc0b8a36f6 1640774588966 1640774590943 1977
bdeb776f7c1146d4b6b83c7a15efdf790a16a820cd2f053ee3d488ba57334b28 1640774616932 1640774619024 2092
d61db058999d1c2a5a72e72fae6fbdab522958cbf5e5fe29e0d7d19c932c1eeb 1640774644385 1640774646808 2423
10036fb9b9d1a54b95e9c5e0853572405d3f1d3c6d9ae9a69df6bbd4819154af 1640774672708 1640774675271 2563
fce794d3bf6d68f347ede9aa22af6d5096ec28202f99716110c6d0c159de056e 1640774701391 1640774703877 2486
78cdd564d85d152324ea4c842a1058bb0a170d4f6848cf4bdb111dbb1f484510 1640774729190 1640774731071 1881
f02856dc2cf9d6f86ea846f7a3a689c7850931553c47875cc3236622334437a1 1640774756875 1640774759250 2375
2415c31614e8a9539f2882aebcce031ab3f9db514557951494db339fc0d9640e 1640774784565 1640774786985 2420
0de5b841817c326bf48315068b43658140f42d1d8e2689955910ceaa22a22b4b 1640774813483 1640774815440 1957
3ed184025264dadadff49aab0f3d1982ef789a4414aac9579c4ffb1557b9096d 1640774841956 1640774844331 2375
a84659ea9bbf7a5ee37b4762f5dccfd0d1c91897ba627956621a889fc3006e02 1640774870498 1640774872767 2269
3d51542d10ad2796d640fecb97ed4667ac2231ce000c8777e3d9a79d334a5be2 1640774898627 1640774900071 1444
37d71f815585f05af6dfd0753f44ad4dd7c5f8500fd3e7612ec4b650f006554f 1640774927346 1640774928897 1551
70572f0b94acd917e2e11a424483b71bd1e606c1bf1026aee973803885e26bb1 1640774956157 1640774958178 2021
313d46c4bd84c6f1d0aedff097c422b1327d0596f047656fab447f58592ab416 1640774985066 1640774987137 2071
15ab1ab486f867add2b7b359152fc762395fbfbc84c7b3343e1ec3ce377dd25a 1640775014194 1640775016193 1999
1f0061522a28068fc080ef1157dd373242e86948c09778810f674411036d8e61 1640775042810 1640775045178 2368
d6c36547738e730d030692661fcb0e2cba2f1ad2654df2b8d7bb478a693c5385 1640775071323 1640775073764 2441
2b859d3b77a662d91c89df13516611dc363bde7ce415c55fa87ce0be743e48e6 1640775099831 1640775102233 2402
2aedd1adfd04d59edab391bab3d65728d4af8ba7b38f495613b11162211358c1 1640775128356 1640775130743 2387
54b6d43651c082ac5b83c195f7e64ce1d3f523ea3dc85977da9b42d7c942b38b 1640775156423 1640775158782 2359
f543319a70529121bde1d4c154db763ff890d4394892b9de0e713a414a03403b 1640775185268 1640775187148 1880
b5b45098f7f70b0bbc3be12280171abda12a2ce6cc4e2d86c0bfee389cd82a6e 1640775213689 1640775215521 1832
e7d4617a0b1424c88779b15e9060205ece94f098e27d0d9ed8e807d99172ecd7 1640775242240 1640775244113 1873
a385d421f6294e41689c780d2fdac0f4790635134cf29b37f28c7809e06718a0 1640775270976 1640775273189 2213
2bff16fa8aa54a88a6a3c686c7724319ed0f73cc575cdde2a1c06eb16604e3aa 1640775299370 1640775301794 2424
d1ef2a0c4666073fe2e4c6bc7586250ca49b69d23299bdc86367add237b08494 1640775328232 1640775329650 1418
38c315a704070a24deee11b6e93f49d7750d794aa23081e824ecc9f682330b92 1640775356648 1640775359021 2373
30d6acbd1dc37dcae03fdcc1d1584df45bd275480898e54e2c0431600e71ae4f 1640775384942 1640775386789 1847
adb09964692dad7b014540ad1f0f9edb2573f2590adf95a8b2a25ca76fb39e36 1640775413549 1640775415978 2429
33774a0b4734a1cb9e6e4884285ef47a699d7ec1ac0f9d5da24915de6f770db5 1640775441725 1640775444025 2300
cb79b1771568a1a45d793d8baaed3211bd3b1f0760b01d7d9f873704525a0f14 1640775470772 1640775473153 2381
29f537403ab0d721064c6ddff54ef498bb822c5b14a813cec958f53fb1560d29 1640775499679 1640775501658 1979
9ac1b8524ae8a9344f349146a47574b4519453cda58cfa3ebcdb1d8e83500737 1640775528265 1640775530614 2349
83024a76ed0146c58e15f1d1abd18085dc9b9a2d0080bcb43f0021f826d332ed 1640775556517 1640775557985 1468
bdae57dabcf6779e3a227879e89bf5de497f9ffd8e6aa95ca874508079e4b414 1640775584843 1640775587326 2483
13d3e7f7ec6eddd15fdea1933b77bde65010f91820b1d98e2b17655a3e27c212 1640775614249 1640775616072 1823
d41eb48ff28fbd7037602caca81c4365cbf3fce31406d30c6f1dde3ad1d9f1ea 1640775643817 1640775645644 1827
5fb7cb045f005140d8fd50cb601ed10665ca095d78ab132f603dfacdcc86e408 1640775672121 1640775673947 1826
c63033dcf5b74d256efe055ecbccdd220b1753039c16c68919946959ef8b5cf2 1640775700447 1640775702696 2249
6c751b118847a87cfaa8e850e34051300761aa73652177830bdc1857051365a1 1640775728992 1640775730951 1959
