dec060072758caedba67674578a6733d7e91d67ef68bfa6f77c70f4a8f7717e4 1640774330581 1640774333099 2518
9d95f98fff3f1fdf77873a6c2f25a9c9ac8fd2ccfe4a482b7646008d25adb5aa 1640774359511 1640774361379 1868
d6e2b6d67232e61ec1a657cb3e309b2717032a97525d7cb0185027accd98f58d 1640774388114 1640774390134 2020
e9e665f6292eca2267f2c24a9a2376cd00ba87f48756f3f229e79d01219cc88d 1640774416432 1640774418883 2451
6be9d94f55215f631cd1eaafcfe19106f7ad9989157aba41239cff75b33f8359 1640774445335 1640774447406 2071
b4ebe4a0d5032e9c176e1eac681f5d675d1ce6f967ecbd9b43d23492f2c298cf 1640774475018 1640774476896 1878
d8bcd2577e377c2e046a5595f49f8319f15308574a9b54c36abb685e893e1977 1640774503680 1640774505593 1913
2c24e7ac93aec5a5f564986f42bd0a0431469eeaef0e51340da59037360635fa 1640774532292 1640774534784 2492
7b33fcbae6dbf12157f156f73e748fc46eda7674bd86566876581dbbc1c90717 1640774560919 1640774563257 2338
2e18176312b316a5817f0436493d6a71beded2787806bf1c27e86ae2d85dffa0 1640774588970 1640774591453 2483
7ce2ca0bd370fa65382f8e53253e2b34c2df9da31acc3b524e51f8caf340884c 1640774616935 1640774618672 1737
5ab9056031853f9bcf9d87e781db43f782a35dbb3b246dacb313fa5aa27e1cc1 1640774644390 1640774646819 2429
ef9ae8b22fb0afbea3d8bc38f4090fc31860399bbfef0959f70cef2f96bc1150 1640774672714 1640774674819 2105
272ae7764c366c67c9a18dd0ed773198efccd0f2ff984870ffd43de5fc768369 1640774701395 1640774703395 2000
3cd43616d7b1ae90d2e428e7535b6786cb198fbd286527ba7a895db79f7ca388 1640774729192 1640774731567 2375
3992da7ffdd44e6670f80ebaacfcb5e99d4b3e11c4ddeb54576a19f32c0c8c45 1640774756882 1640774759281 2399
3f5cd177857b2c5b1a9c7fd5fc46108a62c75bbccbf06cfe8c677fe4a2865b6c 1640774784568 1640774786992 2424
6e33d4b1b10c3cb495731e91bcc2b29de8b02b83385125921425cbe4c9f6b63b 1640774813486 1640774815445 1959
02b094050de8817cf4055a6cd59958a8562704e5d95d3b1159c4c3d64e9a390c 1640774841961 1640774844349 2388
8584bab00de1ea0ced7d3c2be729603626a2f3b661dddea9e09038ddc13d1f49 1640774870502 1640774872740 2238
15f84f829e38aecee0df9d0ea791addda9c7e7349c26e48e985f7e34a066b218 1640774898632 1640774901091 2459
356b8987d02c2647545f6ecc9607c4a6bf23b7a264c6af43a342d3fb70c6956f 1640774927351 1640774929817 2466
b559e3eecbec4d73cd33d905fa034cd82c37de7643ef8e55d62bebba8dcd5a14 1640774956163 1640774958174 2011
ee2d15417b73e0219578922080548826fa31b5ba2686b19168032da5dee48276 1640774985071 1640774987130 2059
06e55386112b75ce10beaa0a2c2cbca41e7a5e6eab8be4e81b4cd70037e753cf 1640775014200 1640775016184 1984
df0c6a4117721b04168d54991839fde40c9241b96ac49b501c58959d71af10e7 1640775042816 1640775045172 2356
d25a2a9f181c26afc7ee25030ff037d8e9bd9a379a9bab4465fc532b6c9cf4dc 1640775071329 1640775073723 2394
04dac3d170cb9209ff46db5de8458aa9a9d94037d4fcb37d45b8296111e382f7 1640775099838 1640775101746 1908
e196691f94e61cb89e66ae5dba547be80936f38364b4f7ee8e195b909aebba28 1640775128360 1640775130755 2395
3c6ff496e0700a1a24df55621f2da7f8e1d87c22f23f02ff1ce1d56cb5767dc2 1640775156429 1640775158764 2335
a93a17c17b0e793df162b2cffc84b70c02b398cc4a53a503b1af7735d8450604 1640775185274 1640775187167 1893
e5f15f5458d2220ad81b63b204b037f3b5207f4d6453a84024283bace230f91f 1640775213694 1640775215148 1454
cff99f9e938e53a6f32ec576d9b3317c53529b8ffc3488bda38dd91ae7d5fb4f 1640775242243 1640775244595 2352
6f9568d019cb7e931bbadbf467b87672ba54430efc35a5d7360e52eecf1fafa2 1640775270981 1640775273205 2224
837c27d7b1599af8cef9c3e29c93965fee821fc8cbad76f0b62b1c6f202c593c 1640775299376 1640775300893 1517
981a4c8140eafd46c4245f2022d3831ff2630a9f073636f344bdb705f4583930 1640775328238 1640775330794 2556
01077ae1655f7a44866487869cb58113da7bd0b6f59186dc79bda95d87b5e6bc 1640775356652 1640775358138 1486
f06ff7df960b5503936259ae41c8afc5347a307ee78e14159f767d980eb0451c 1640775384948 1640775386792 1844
f00b3e720ee0f869d20557913d57e876a62d8791a2db5e83a04fc21a23e58e87 1640775413557 1640775415550 1993
ca3860ad3ef683d66d6cdcfe4153a6f7f0f3d9873bb0dab85c9e44fe1e27d31a 1640775441731 1640775444007 2276
79628d960f185b306e4a6846fc6fd610b9dda4bed6d31cef425fb64877e144d2 1640775470778 1640775472683 1905
b83cc4ee69220851a7be20473e0e5e453960a26f8906faff9b4b0871917541ef 1640775499687 1640775502108 2421
b7e28d4b6e3957380e720ca339804011335d7057de83dc59210314835a899040 1640775528274 1640775530606 2332
b7a31c427fe10677c6887e51945ff07f286b441cc20d6731814e96a6a58b5b9e 1640775556524 1640775558509 1985
d055be72a061796e7c4352e27d196f4a8af21d572cb4193f95eb87ca46d2741c 1640775584851 1640775586849 1998
248e84db7d557a37134e5e680c6912ebbfd502913e66349c8745b76dbc1d297d 1640775614255 1640775616045 1790
3b3efe6b3b03061611122180881b989228f1057ee06b381a9b5fa423e75acced 1640775643825 1640775645622 1797
6e82b0f39fba77f92bcceadb447c8170b3b767cf38787500d81275614c4fb669 1640775672128 1640775674398 2270
f3e6d83295d7b55ecc7375a1ad6c727f14daecfca92fe5a40ee765213ae5621d 1640775700453 1640775702712 2259
db9d2485322cf0dbf696bc53b036f58713ee5e42b07c3a20c925ce2dfdb4de9a 1640775729002 1640775730483 1481
