0dea22760b5159b5616071142e6776cb46dccb22d78c4085401cb4a4b76a4196 1640774330559 1640774333100 2541
87d68845b08b520dc758bd991a304167c3756146969e151e349eac3d779abda4 1640774359483 1640774361383 1900
e9a7d1a60b882948b24d2e26f2db6366054e043c98931334887b9db45d02aa5d 1640774388086 1640774390184 2098
7d0b2abda231566c34dafa485ddbd1748d9b2eab4d8cb8c160dee48e94f6eaf6 1640774416403 1640774418879 2476
be6f80b13c8823925777dcf981899672cc59d6f1c7c51c0aa1dd6c14f61bbe1a 1640774445308 1640774447407 2099
374896ba9d687fa58dc08335dbde20f91e6bb644e50a8f49f0a96245e52596b6 1640774474983 1640774476896 1913
0aad3c8d6a327a6cd5af8c3f29274e96f67e1dc84796a5ee736cb2c14b7992e8 1640774503651 1640774505094 1443
ad42291679707a1766b0e0fa811b0a7ac20fbeda24451260c96ff844374e4fe2 1640774532260 1640774534784 2524
7cf3771bf3977d47c65e92486f0958f603a3b14bcb001539ec1e716bf5843eb5 1640774560882 1640774563309 2427
27465eddfa840da21cdfe37aa8656ba969fa365d2af2770b3330453a8ea4c436 1640774588947 1640774590931 1984
d5a9e6f5def6137dd4112d06625310faf48082b66da023d9e43b5ef32c719e78 1640774616901 1640774619014 2113
2f3f0fc9ea2de818ddddd5f5977f16ceaf2691da73748c3d4e91bfd04d1e6de3 1640774644355 1640774646809 2454
fb6645a9074781432c535540e9783478c3f419e1dfd7eb41ed4f5b6c92bc89aa 1640774672675 1640774675231 2556
bd613ced4c9ca430acb7e6862667a1bccaf2c13eae6c50ccb75c1c144b10aa63 1640774701355 1640774703435 2080
6d40be7e297fceb67b5b4333432991cde5458282e017dd5ae0e8981e9a1eaf55 1640774729158 1640774731032 1874
5856d771f18758123a6d0213331b429295cb85d22b5b80efc7203b8cbbb365d8 1640774756838 1640774759282 2444
4e00a089b2d50725856485344b8f452599cd42e6f782f863e12e473a6f139620 1640774784536 1640774785971 1435
a11b9e43bbd0e7082eae4109f78957af9251b178699ef299e6c2c6a9e264cfee 1640774813450 1640774815401 1951
4c95120bad971c62185ea9cd472c1882c39fd9f31c532250f04d1bc38310bab0 1640774841918 1640774844366 2448
163fe4453f0103c0a449fbb8abfac5ea9c605d5ff5d1f4527ee9807dde94e500 1640774870457 1640774872761 2304
bc7d68c3b202cd78a407f4599dac9df2e2e8917a3b60bc38e5c75e57f5dded99 1640774898588 1640774901092 2504
402bbabd47b497b17c86739b223e83fa07f993abf36666f063ed4d98e6ab988f 1640774927312 1640774929807 2495
490ae7bc03dcb365bd8d5913709207bb604eb65644350bb8f3fa9fb9a0e9e7c9 1640774956114 1640774957872 1758
a19ce4e6f40ec8b6237e605f2dc1d4b1986913e7b11f9506187e0f01d2738920 1640774985026 1640774987096 2070
e035e68eaad805de3c6c041a1374283cda361a50d2f83f121ef00b706d8b0798 1640775014160 1640775015698 1538
0bae7f12c2475c44974ff7181677a46efbe40a375e943ad449ea081a7a62b242 1640775042767 1640775044718 1951
4aaedd3c9f0c9d6e991350c9e3af02999cc8bcd60a9c13ab20f9e03ea2ce4d77 1640775071286 1640775073766 2480
a57c2c2343f52735136b7a931a1f3790ef31eff34a8131748bfd4aad7f4d36e2 1640775099793 1640775102208 2415
e07b8cf9c246ee84bed4295b3d59144c08dcca70385e9438aafa25f021ebd3e1 1640775128321 1640775130296 1975
a019bd9ca13c2061d8b2006155be465f8b1bdf713a5c0423e7c3ab70a080dac3 1640775156377 1640775158783 2406
119e21fc0052e706365083121887d6903ebd2f71264064c266acc85b8be4a85b 1640775185227 1640775186712 1485
bf7d954e1bc999a8d5275cffa740d3fc3275e02de33e9d43c1ca3c57acd25c21 1640775213652 1640775215982 2330
3ba84583af22180999a6d7dbba576fe5762c53a5ad7f88db6284be1d092d32f1 1640775242199 1640775244595 2396
cc4c77129209bb828319ae6047c7140273a31e298ec9581d8e653a271f17a988 1640775270931 1640775272758 1827
88ee8c2492fce5a7663389c1aded5a5ddbd108918374bea4f8dbd39c0bf7dd0b 1640775299330 1640775301812 2482
3b99469a55ff8eaa8aeac61d9672c87ec3d59885fd8ba13be4ad935ee14aae9f 1640775328184 1640775330795 2611
bdd1b4841f4af430ef9987662f6a359326c3b810e5f686fb35b04c55e2d13517 1640775356604 1640775358140 1536
040cf52cf379aefae7528728ee9833220992ad61e3e736d5a933f64ce1c73530 1640775384899 1640775386782 1883
79e29d47a49c0640a7d7d24e1c2a5586fec6f1303e0fc3fc83114b13ac016743 1640775413500 1640775415533 2033
6e7b861df35e83d882e36e34f4da9a5a4858f42e2953c957cc0c897078081cd9 1640775441674 1640775444027 2353
0c7ad8a055caf6f6c9cea8974274f8ea72c0d7256337d3b4f0aee5de566deeb4 1640775470725 1640775473142 2417
1ba2f421bcd24924ad5c54c517fe136b2138b4b6d9e6937bee78f49c6760b337 1640775499632 1640775501642 2010
74636f8d52b4db6b9500001085bb1b8025b15e3367f973d44731c3c4090d9e2d 1640775528221 1640775530564 2343
1ba458de4355bcd1b3df508a845349ecd8217ca2c29f64004b9e0e4411cd550e 1640775556466 1640775558503 2037
2e544c601f98b78bc2e5bfbeee9ad969cfdda219059598e059968bab2d8d6e73 1640775584795 1640775586833 2038
8706820b6e42f2d56411164d5e2b28555660b421d3f83d28b535c84466abaec8 1640775614210 1640775616019 1809
435a2586f106a9e0208e92d018b46b6b5e5307dde787010e12af1be8c835fe64 1640775643768 1640775645664 1896
26bc47425976b0c1bc01177961e5b72eea298e9f46b119c1f14aa42626f9b983 1640775672072 1640775673961 1889
615cb9b592672017290d6ab7a115615eba29007514c469cb660aa34656c6a51e 1640775700397 1640775702712 2315
1a4c56e4f9ddad366e5e54d981553f132b8f34149b946e2dd76635968732bc5b 1640775728939 1640775730627 1688
