dfa2dbf5026e1cc357e4c2c09b6f6e40d2c57513a09bf9cb31362a26072701e4 1640774330570 1640774333098 2528
5c0a387b9a6004b1f020eb3cc6865abf808fb0b430736f045affd886bca53fd4 1640774359495 1640774360893 1398
983d9ab675022b457ccbb645bad5f366b5e41f2dec2842acb4af4b9fe30e1f69 1640774388097 1640774389613 1516
2d2126543f21c652c132b455c148d742c459355af168653f6d47481240a1893e 1640774416418 1640774418877 2459
ec905b903cde2707a072cdf990715dc819fd68720abb7e398910f4c4c351c7c8 1640774445319 1640774447920 2601
09c5dac546feb4a7fca1b45844f866f8f032ca0feaa7350dfe7068ed7e4c3041 1640774474999 1640774476923 1924
83517c681d8eef57d815fa1b032b0f4987eaf18dbf5eb7148eef825547b5ec2b 1640774503661 1640774505591 1930
66ccb8879465d5b08689f8b3abe4095dbdd760d15518b2c446971aff35f366a6 1640774532271 1640774534799 2528
c9c4e34cfad4d5778ee7cefa483095502d3642c5c13023d90b4690e05e4122d2 1640774560893 1640774562522 1629
e6074622a155fe2066012ce7918f3885d335b416190fa53eeda88e24fcebaead 1640774588953 1640774591454 2501
e1744ae7da58fd70de8bd8a41f651e2b7d4505c0b0c042aaaf42f070310b2017 1640774616918 1640774618975 2057
599f653736952805dc28072132f08ef667931074e0542862e733da165da7d8c8 1640774644374 1640774646812 2438
c9ca95ded28a7cbffabdfa7edd8ba22babd1a71251980a773d0bf77428d0c771 1640774672690 1640774675287 2597
273454f34ef216f0027cbcc82e7cb6ce1b1069b359f7cfaae3ce9af789224ac9 1640774701371 1640774703427 2056
6d249e9c61563f9c8162d78b46843967ebf0b6580e113c6af87b8e9cca60fb8f 1640774729172 1640774731568 2396
d5584cdcc9c537e7be3a5d644ce8f44fa697b4d60c35aac8d3348d85eee70ee2 1640774756854 1640774759247 2393
9ded47faccfa35cb1bf98eedec3a67ab293600667ab518b4dda2bf3a49b825c7 1640774784547 1640774785988 1441
31f8255bd52a94042a13370ea32dd65f8e563e951482dbd3affc4111cb31fc68 1640774813467 1640774815438 1971
f762c918c72710254ffd9d39170377c52eeb1cf0eb417bc8f4fbfc9af7c40513 1640774841938 1640774843401 1463
60c2da4bc09c99154bfd152cedc7208cdab2131de5b7785de6ff0bc0ccd0214a 1640774870474 1640774872737 2263
2471b2ca3a6ebc74e8ebd5081b1bb38685f4272f0c1cbc27b4d27f974ae04178 1640774898603 1640774900072 1469
466e36157fc2702acb9d307581c5b96b773881ed43e93b176c5592404cda8ca2 1640774927326 1640774928891 1565
f9cce0f121a3560544ed969a9941f6bc43b373a953ee539fa43105c451840c93 1640774956133 1640774958186 2053
b282d2de9532111519157de073db30075d2f8c027c22037f767831d8a6ad7cad 1640774985042 1640774987134 2092
91680da00da2570161c9fa81249f52dbcb1022e4749a9b9ee34c7913d767bf95 1640775014173 1640775016183 2010
03e415274add948f630cabdc39183f5c0fac4e068bf91ee8c2590d52788c478a 1640775042784 1640775044141 1357
22312374762eeb0356837cd950037621c10eb41c3222b0e613ed7085e18b64a2 1640775071305 1640775073761 2456
90bd6f8de10b695693353ab26ce4f42e32815708ac18e6eef1caae11aed9af1c 1640775099809 1640775102203 2394
92a3ade9b69842a4119d81d8a254be93fa6491029ae5ee8302f470df92fb6ffd 1640775128337 1640775130762 2425
94b67c1af9af7cb043b9c0b0726c39be9dda8006194d36cc1bada7a1b343e782 1640775156396 1640775158774 2378
e60476881fa178947a8591af52e3a02ad3a8c9232a75b13c85918bcdaa8427ea 1640775185244 1640775187633 2389
95b5e35935dc60b7bff9c91c5671650782dc315be064f053e97597519e02a7b1 1640775213668 1640775215983 2315
24e783410287335845043e0ab272688b901c2d22cb3aa2461fc1b3db1092c1a4 1640775242215 1640775244091 1876
c2bb11d96efd7732596f1cb7086552b1036e1741a24c468cb139f341cd098733 1640775270951 1640775272736 1785
8c427c4b771429493e67746b5964cb7e32c3eab446be47fe3fd1f51e158be49f 1640775299349 1640775301788 2439
4e2d5367de4e965ca72177532052ab8530775fd16446ecaeb1847dd26389641a 1640775328203 1640775330786 2583
9a2355b8b888f163428a6bd8e21c8100722d012e8fe631210ca529b79c89f820 1640775356623 1640775359052 2429
67ef8c8d87f4c881c5eef65fe31175da9136550f63afb61a2f69917df6c89589 1640775384917 1640775386364 1447
6ee89032147681be1d2dc739a8826664bccb02dbae7080ee72da2298384e8145 1640775413521 1640775415549 2028
22ee707ae182d5ce63176cf1a0b33977b7eb5b8b3b2bebfdc3cc1ec6f8bf710b 1640775441698 1640775444023 2325
88b5a045de67de645e2b310dd4dd56f1aab51f1ef93c2bcd0047093a01d899bf 1640775470742 1640775473150 2408
1268a2eda6541731dad7485721e4f8f9c94db35a2d9f56fbb222596d995e5cb5 1640775499654 1640775501661 2007
7377b8520bb03efa9c20a12b04be1b92cf9bd3bba24b19740f7adc3d742dd645 1640775528243 1640775530609 2366
a4406c2603ae2cbb89b43d385e291165b71fe59189a2099884b7b43ee1969b4a 1640775556488 1640775558540 2052
4a1a2d9d2d820560d1361b436097cd564ecaf95002a638015873cc4cd7161928 1640775584814 1640775586853 2039
5ff760ff64570bb005adeda059cc8f2a4b34ee9f1e67eebaa198d181dad77522 1640775614226 1640775616070 1844
205dfb18581a27b80d308c44504bef1e14df7a1e490cf83e9f171a3726b80054 1640775643787 1640775645666 1879
ad3724fd29eba292e779623c6c7af4d4a05e5b410fb1ae86cfc8ed68241f07d4 1640775672089 1640775674005 1916
992fbccf13a0c6fc67a4f04a716e5268bea529d886030de189336625bd745b9e 1640775700420 1640775702711 2291
922dac644820575093601393e8e511324215ea0222c33a19342c758a0d45db8e 1640775728963 1640775730908 1945
