616a26647b8b43941fee1e1fc468d11d514a3c13ef3d0fdc6c5e171caca9b788 1640774330540 1640774333100 2560
391f897cbe9f23b8052870e9a42630e5921f3da6850a7c7f27e0e2a1ffca75df 1640774359456 1640774360179 723
fb550a9b5910c3cef3ece77fdb116c24e8e0a446ecf01edc901d938d2aa4379d 1640774388062 1640774390159 2097
8a6aae287210d9dcdde9dc48d42d627786728c713461ad294ceca6a424a288e4 1640774416379 1640774418895 2516
879ad664862957c53f0e74847911aba0d2403330b528b031f8a001289a9aa8af 1640774445282 1640774447357 2075
2766a50323f284954b37ccad4d5cd3d9a5694ae2130ed1ff70ee486bd8ac2789 1640774474951 1640774475691 740
e38d4374e645e8e7afb807889679f99ada0aa9fcaa4331f07686163c65558d45 1640774503624 1640774505592 1968
dd356fa3ac3ae17cebf9cabb253cefa7016b3095d58e8ea4453bab32f726aa7a 1640774532230 1640774534797 2567
e8ada2c06a88a8a49d2e4c4a3593e18039de25820eefbb8d492d3c7a44ddbdbc 1640774560848 1640774563304 2456
f944b325b46f123d59f7a17bc2524a519d28444317088b7fc3618c3dda32c4dd 1640774588908 1640774590965 2057
d948036ed6b754e2a7b5b16a56573b42ea80df6378f30df07ff1ce45f402a73a 1640774616870 1640774619028 2158
521e9820f0fe00b0f5bbbecfcb8ffebb988097e81033960c78c14016e63f838b 1640774644327 1640774644983 656
d7095462420fc2c0bfb7474f08a6ca7b5dd426a8b51d197d75215a00d5b36174 1640774672641 1640774675274 2633
53c0ba6cad5ed10d1b301e7d5ab499c74d54873bf9b856cff4349afb6ee973fc 1640774701325 1640774703382 2057
1b8f5fe70cb59a47486789a42f1510262ed4c03d2d017c7f1160a6c7a06a4030 1640774729127 1640774730406 1279
5565984df179dac9fdefe095791849495242a32e42ab1cb74b33c8314f1a1a59 1640774756803 1640774759284 2481
9bea58e292ca0a961c49b6cfe30855a8362fc0786a4943146ac35b0e36b9ba6a 1640774784498 1640774786994 2496
3fccdb760899c000fe1f77093e4f99f5e1f5e2c3f927c7f29172578c29d82ba3 1640774813417 1640774815417 2000
4e5ec60b8485536c5ad6ed1260c4377ca28d89619b4947c4ff455c86988b299a 1640774841885 1640774843451 1566
734255c904b32c62867ccbea5dabc510d85c89e603dda019da7675c16e4431db 1640774870414 1640774871692 1278
b3a41949fd91ddd32a015ea65e0549c1a636b6051c5289ac5b055437b48d6681 1640774898548 1640774900150 1602
c0cef985381ed7cc99dbcd6d0647438c152273c45cc5bb9e69188e656d3255ea 1640774927273 1640774929816 2543
bb8f9a8135c90cf075176b180b74ed7dd6b60f57a565b37b0da9adf53c81868b 1640774956070 1640774956805 735
3b9adcc1d25f16c021dace146ce9f86f5673191385e2dd84dadedd6441a4e930 1640774984987 1640774985474 487
2c3ecc65464f5b8de9c2fabf083bd7e0e978f09a4b5f7de942f4d6d6773ae150 1640775014119 1640775016190 2071
ec6dd4dd4b845179089ee402064bb21c15d25ada02d5e13ce69ca32480e9689d 1640775042733 1640775045185 2452
166574264fc0660fa80a5bfb7f05340a14691807fc3387ccabcb5d2112cdae62 1640775071250 1640775073727 2477
25557d99e3e238f53f6551d0a64d48671e13cb11b1560fee5cfaf148acd86e9a 1640775099755 1640775102221 2466
26064c31be2a20491bd6a96a34c604e911eaa408f21710da794f3e46b78f2759 1640775128287 1640775129749 1462
319e3a0884392308df0ad3c402d34b6a2989c7cd0624cce874eb7bcf348256fe 1640775156338 1640775157850 1512
81d3f1bebb81c9f46fd9611b09fdb4fdceceb301b8b7de5ab711f7f0370088f1 1640775185186 1640775187163 1977
88bdc384b14825c1ed4bb8935ded5b465b496b54a9abb047d264fc551031e142 1640775213613 1640775215946 2333
af7d7eef1621c78159cdeadd492e320bdd13d8ac2bb42ac0a3fb26e6fb2f43c4 1640775242154 1640775244096 1942
2d6e9063a14fdadf88904b457270995831ffc3ce8cd6a7ccef64d834988f55c0 1640775270890 1640775272154 1264
8fee5b005513bcd74b999c5016e35d43ad25bca1465d04c950c1d2a64b108f5e 1640775299287 1640775301792 2505
a40d91d8b4840f5825efbf5f289f4e926843fff085a2292e274c88dee11dd72c 1640775328142 1640775329608 1466
d591e16a15d50e8e2762c624d2a0943c9c9c104bf8bd9165e2968aab8d52b4bd 1640775356566 1640775358119 1553
ff181d83cd3b78902ea3bffd313174df718f0e46c96cb3e4915242552314f912 1640775384855 1640775386151 1296
919c642d09c0c78a72f0e2c36b69e8556ff87e4980f30fa4d59df757118d810d 1640775413455 1640775415545 2090
98f953433f7c9dcb10a58b46800893db8246029224bcbc5de90ae598bde01c16 1640775441626 1640775444034 2408
2793cbf65eacc7f70826aebe0ef28eab7a9e23358b0717b9efb89cf452159bff 1640775470676 1640775473152 2476
27c52716f75af8305e5649c4f6c2240b0c0b2bbceac848c4a0b487b00e2cb8d3 1640775499589 1640775501619 2030
547a3f307dcb3982e0d58f0f31e15a9b2286b8f5dad2c6a6e363f17a41ec7dcc 1640775528176 1640775530611 2435
2426a960c885aef246b26ab7a7a5bb061bfa0b424bd96fa310dbfc6751172947 1640775556425 1640775558530 2105
6998b2c3a0271f05b154b0dc94cecd64314216b8fc7248c079ed987d4a396fbe 1640775584752 1640775586851 2099
912f962e118fb28a726be6611ffc8170e957bb270a8685f5cab25e82e2e39ace 1640775614162 1640775615394 1232
66b314c005972e17561a4ea03aaf7082e61ac9b2d3f33ac868918de419e93115 1640775643723 1640775644985 1262
c87a1f39123be984657612ea600cd52cb2f2fbcdc1211b3b85956947517ab7c0 1640775672022 1640775673423 1401
2593503b7653a03bea8aa1419c5f16f7cd00b96938ba4e128d642465a91b52ec 1640775700350 1640775702697 2347
9367ef6bf5f68380e51dbfe446b32d66a292824a4789b19f8654d26f7e7be8fa 1640775728888 1640775729511 623
