5851726f62cb0b5fdf55c8a7bcc9d492f16ac28531cfdd4cac4582a53b6a7f6b 1640790386291 1640790388489 2198
21212165ff1f157cc126ed49d6cddc6f1f6ea79ded41004a7263a1384df964c8 1640790400425 1640790402486 2061
77f98794c6a873cc0f5517bc2941e622897a4985131d26338ad5e78002ae4c0e 1640790414596 1640790416493 1897
7158f2d8cc4feb92897b2eff3fd1565ee3933b4fd48403fdacb672b098f8bedd 1640790428630 1640790430712 2082
3dede9db38afc1f00d848667891696a35e5578909239ac7f57d4afd92c3aa921 1640790442645 1640790444679 2034
31d7270c2f4c72dc49b69960a3e2ee3c63250cfa583c5f3055cc622a23b38712 1640790456633 1640790458625 1992
e5f346edd0ca18b87c8fcd59b34010571dcbbbb772a6594bb3f40952ae8985a7 1640790470868 1640790472892 2024
e60185d95e2ec7d71e5a35714aa2dbc83f9346af9ef9b30822ec4451a54a309e 1640790484760 1640790486836 2076
a8ff27252369f260432eecab1987de803eed5de129fca5d1955524fa1501f454 1640790498794 1640790501067 2273
df1680980579b5affa5a1829844b67b8a9420c53da20cc734453d84fcf09bcf7 1640790512919 1640790514879 1960
762fed441d8b8fc3fe4b167ca74e4d150bb9c47fe2af0d3e9ac983510a37e223 1640790526912 1640790528881 1969
9284692ce440b1effebfb11ccccf790074cc192edeff18cb0e9c589df0a4e9a6 1640790540665 1640790542665 2000
dcf9665fe0b033caf996598a614d1769e3ce57885d068c5eaef74f70febb7534 1640790554605 1640790556728 2123
68a779df723678210ee6766bb92f1d677a52c593868d4364b48b6861e8803b44 1640790568495 1640790570401 1906
f97bc3f1973b18a26fe783fb3f2247d4f4256661b0fdc18646c76abb2ac91896 1640790582703 1640790584947 2244
06268768157b48e20e49852caea86a8d155eb3826b8af8bad2b9529cfa0d03a9 1640790597032 1640790598748 1716
c9afedbc3ccbb1f7e80635b18f3baa4fc3ba8fed8ebc332f7dbb35c033008fae 1640790611431 1640790613540 2109
b8b26cb06c1e97fd850f49f1eb7e97acca706a95de1a2338368c1fec7f324899 1640790625250 1640790627252 2002
0411efe9f1a44b9ce5a9f55a1628db2d3b63ecad8fd7f6fcb7ad3b95bdc05cdf 1640790639163 1640790641093 1930
2331c5dea2d11a0c3a4ceaf0825cb120e5f9b07ad6b3670502a4dabb06d81ff3 1640790653331 1640790655409 2078
