e89916c9f434a1851585f878cd4444b9015f1cea0e37fe3e87a1f1bed5c40798 1640790386303 1640790388433 2130
227caba15d030dd6472eb98f61eda4bbcc2389377f4a1e576059ffcbbafbe68a 1640790400437 1640790402545 2108
f52e4caa33334d1bc0bf0a305b74e76c4f0855686da75e9795ef1d7d77c11456 1640790414609 1640790416578 1969
317cb85de5118f2d92ab150ef13ea72179926e1af435d31ce3c961db2cdf07a6 1640790428649 1640790430593 1944
e457f5b0889c44fbde04e4c163cb022831953f4283e0694a6d15fbec5aacdbcd 1640790442658 1640790444771 2113
158f2132e924b7041cbe7eaa746dd1fcb252680b31974f23ecaa437fe42746a3 1640790456646 1640790458710 2064
248242c3d0e0a4cb0dfd1f866b0ae9454c49d39f7e45d3fc9b5969ac0fa7a881 1640790470880 1640790472901 2021
a5bac93dfd0bd2e7f6fdb74f84b8d933a0f9f8e0b2b1b94564a2d77a54741275 1640790484776 1640790486763 1987
bfca60f6d0fd43b5ced16ee461eb4869f96169ba6becabaaca79c3531e092ffe 1640790498808 1640790501046 2238
07a3c3668cd23d53cf78d7200e0f3e028ae3fca12a8f8926a6a974cf438ff76a 1640790512933 1640790514953 2020
4bf20a43a122c72d009e0ef7b0bff8a5bb2afe9603a0968495059ae59a307123 1640790526924 1640790528446 1522
2d82c21eaabda674e111eeb793e9f07e1f26e871aabf39fc150688d1fbe6ae32 1640790540680 1640790542509 1829
6d4476a2374f9f38da29ef15c7dca486389000a456f86aefed2f96ee33f35d7a 1640790554617 1640790556666 2049
4b9c136283dbcdfe42617244593b233029c54ab99cf20da77c2caa7440dd35bc 1640790568508 1640790570427 1919
9c9e8bd3ac959be741646eb6ecf72f3db5b45196b023461b1b5b0f875924e26b 1640790582715 1640790584850 2135
bafd07f041fd2e2eaf9ea7e68dd45a0d01bba0f67179e5f5547110d1b83172cc 1640790597045 1640790599178 2133
049f824a11c4d705e1f36f857e25c773c0d7d7f27e8f46c117eda9a9b6ca59ce 1640790611444 1640790613550 2106
23d7a699b963937e0e00a569dfbadfb29a21f238d6a6c9bd94148e8eaae735ba 1640790625267 1640790627301 2034
326691fad3db621fe41705c3feac0dde32b3c44597cc55e3b9d7d10f54b8f8e0 1640790639177 1640790641238 2061
a08f0f0c9394766f4c45ebd76d7172001065c29fa058597feeb45824888a38ac 1640790653344 1640790655307 1963
