9168885f97768c1d9ab1227fe95578ded5332207ab3ac1e8141436d6a615ed9b 1640790386287 1640790388420 2133
0e07c590a2dac699ad02c56f36828d50ee3fb96764c539e65bdc45ae10d17ea0 1640790400421 1640790402112 1691
13e3ce7eb6c99b828292c6db4bedf65382cb54edf6c32e8a408e0bc74e35352f 1640790414591 1640790416577 1986
bccca77c317311ff1b94221225d829a594c034163ebe80fa118760ea5575ace5 1640790428626 1640790430713 2087
ade0c5af3dd90e2dec2cb1f5229b3903cf1b6a16fb0d5f0d84a898c106e116c8 1640790442641 1640790444681 2040
64b7e520f361af8f5e4333c341fbb45fa5f3fb6e5c18212cfa12ab1a1924a793 1640790456629 1640790458646 2017
77f2f76d762715a0523481a66d86b85909b987a5778032cb744fd3b93bdf804e 1640790470864 1640790472807 1943
8a4e501dc9b379641b11671c185ae0019385ad8a49612e2e2d435275d3395f1f 1640790484756 1640790486814 2058
a5879a7e71f2cba7debd84c47d1282c06afd7a3e6a175ddaa7143b643a2e3d8f 1640790498790 1640790501066 2276
db4a7c51015fb14ff4216443b81e83834f4a04ff7aaca579cb97c0cf7afb8820 1640790512915 1640790514970 2055
a4f95f821f972f622b34804b80c3a0ed56fa59dd2750536c4439bc1826ed50bc 1640790526907 1640790528932 2025
d6d3d09fa45fe53ab490371d2a0a543578b2410a5067a55dd1f2775118494174 1640790540660 1640790542687 2027
04aaad93f5646d5ed4ad8f25805d1310205ce43792f4be36f6a2e13827d95314 1640790554601 1640790556714 2113
90648c6058b55b17c99b2d3821d0deb9134e0447d43f7fb009463d189b5b2f6f 1640790568491 1640790570582 2091
246ad82c29ccf1161837d3876b585f3fae8160bd8d374ca9eee39373cf8eb87b 1640790582698 1640790584966 2268
70073f1b3d5f9d38fbb27349dd71022e787d7d94c9ec2cabb0cb0b1352538355 1640790597027 1640790599076 2049
9634622bc2283ba31ebe31512edbb1c2cf9a1095af6b580d5a84554cddd6abfa 1640790611427 1640790613566 2139
dc362db240a01aaac7f3c1cb0f791f60352985bb25033fcb58ad8f9c060339f0 1640790625246 1640790627280 2034
89ff8a4d27ff2add29808feb19199796de33c4de3a1b0df855072e3f8226ecc5 1640790639159 1640790641091 1932
60fb41a2c59fc3a9aac636f15a1f310e6caec0edca963489d1b0b1aea199f076 1640790653327 1640790654997 1670
