b7e9514024390282dad1adaec0bea1da658b883465e74b873aacd1499b6d9246 1640790386288 1640790388493 2205
f1be8a9477059ce2069d4a1596f95839a1db0ef9e2033f5691ed16c192cbf40a 1640790400422 1640790402243 1821
35eed5738fdc527da78375a832c303faf17f62e2ab46693b73ae1654d2f760b5 1640790414592 1640790416264 1672
04ab018098bb51f5afb43b134a1a1629df5514192995702fab308db5bd55ff4b 1640790428626 1640790430716 2090
cceb4e72653d99eff04c1aea2d86c96d252445b302b9ea3c6f9087943807f10e 1640790442641 1640790444757 2116
850683c9dfd1fa6726fdb82747a1ec54ee0edd3449d7b27f39637673f297d744 1640790456630 1640790458753 2123
52e291ec5de167a3cfe904b3da863f41c0ca4fd72730b3e27b942d428549ecf8 1640790470864 1640790472894 2030
ee38a367a680114cd6b27428c7bc06ea509369a64c65144d7898139638ce0b26 1640790484756 1640790486733 1977
26f3f54b368c578d07152f7fb181295e85a0cbfd210eb54664bbf943a7a9e336 1640790498790 1640790500896 2106
844a2ee031336b7768228b27faf109421a2f9af57d1d34e10959866845137370 1640790512916 1640790515011 2095
49d2a601913d1187aefca68be6c90a45ace0ceb6804ff26f9934e523408dc42a 1640790526907 1640790528908 2001
031b4c94a59ac53fc31e3f53ebb6334692358f942b871a2176b38dfa13ae9114 1640790540661 1640790542847 2186
2e6d95449e342de9a2ee4771fd4db0d994960f6de53ac7360ef3df9cfce8f265 1640790554601 1640790556637 2036
8b503e437bc5435cbbef6d9215074a5d4c2ec7df14f12b6759181bc75651bd43 1640790568492 1640790570616 2124
2b20d59bad8307a5adf35c7b2e7f6a19751e77be39c70cf09227f20e86a0d300 1640790582699 1640790584949 2250
8f5c073cc070e145c0ea0f548747cfd378937f39ed33fb833cf190f96469ef82 1640790597028 1640790599032 2004
4b4fe74f7f134e15d8c4cac92802bb0910e70a312b00f0d61ffc68cf356956ce 1640790611427 1640790613508 2081
482dd5e453b67a720a04ac85564c94461f58c2a79967f6a3b39a0a11b5970134 1640790625246 1640790626958 1712
10a1071258f28e6590c3881a93cffe3697852936c448d15155295f1be02cff7c 1640790639159 1640790641137 1978
a7aaa46570a97c4348df7562cded4e83a9749f19d259a63fb900f9ac7380d58e 1640790653327 1640790655416 2089
