23153171e6153bee6bed6c5406fde1e8b62e1e57dbceaba47152065269691c86 1640790386297 1640790388354 2057
6e4295f2e679ff5f4d16625cfd4967156be7d2e5b5f97500e54a6ae7db2936aa 1640790400431 1640790402529 2098
a54884d4e79d36c7e785c90c0b2812a770ea103a1fe21a9f865920e2948cc40b 1640790414603 1640790416597 1994
98f86640e11a9f9ef7a8dd620d512b6332b03afc663a815054a7e77e5fc3ba49 1640790428637 1640790430588 1951
7aa33fa6a17f811bdc22f28eb1b1782778a84131360d0ba6909e170e85da25c0 1640790442653 1640790444692 2039
fd08ce7597f92d9220699b116cc72296310467953629e3ae5f7420e4ffe68050 1640790456640 1640790458718 2078
0fba76294f03d0e77ea5030bae348c07f9dc5d13321f8c3520a525aa5310ca63 1640790470874 1640790472894 2020
910d929ba6ba2da484d8e69662185ac67ab4108d8b79725167c80c378b3ee05b 1640790484767 1640790486864 2097
9aabd9dee7a6ae1147d0deea5665a4ba6403f9c2fb7df77ae253dc4130314233 1640790498801 1640790501079 2278
ca53b1a3f50984db0a12778a06657e7cb339e0bedd6c4b529bcdbdadb8bb7e37 1640790512927 1640790514956 2029
bc3f3034a038dd6434058c66aba15e6e23de3d3b06a0475836321ade81770281 1640790526918 1640790528909 1991
fae66ba745c2f4a17cac4a7c104ae54b0e34a12b0099b92c05a01211f4876e02 1640790540671 1640790542847 2176
8a448b4c8ba4557a616f7ddef85d9eb167ea49aa30df665dd88998d8bcf9f3aa 1640790554612 1640790556728 2116
70743f54721923df6edb8223cac723c518c58c15cb96b345501d35dc4170d3e2 1640790568505 1640790570527 2022
2b8b017face3f75cda7313887c67e2aaab3baf2403f32fcbfb26b00a5f972b83 1640790582709 1640790584943 2234
dde21c13b905cab6256634b5264dff0ed5e77975ecc209ab30995c5ebe091cea 1640790597039 1640790599190 2151
2bafe05228013b5159a24b38e9024338d569205a3cff0c519edac875a5953239 1640790611438 1640790613545 2107
7e8cacf298b819cd7b6d349079977b914f6da5a48dfe9c5032703e626fff5da0 1640790625259 1640790627218 1959
6e7a47bfb682b2b17634e04ad6a9ff136e6af69b0f2cfa59f6a21df5051a8f44 1640790639169 1640790641178 2009
0ea2d00176331aab33a5b8c5fa0fd170d2976a189005ba448648f04b5107a118 1640790653338 1640790655462 2124
