89eb93f633766aca1c58e15207721a9d73771853d621b59762abedb463817c3f 1640787910800 1640787910953 153
8a4b2376c630c180f2e0a33d0dd896f78417b296490a3060e4394663b2350835 1640787911073 1640787911184 111
7c07187855737e2777a832ea00ee8cc66200db4988d99249bd3582e10fbd13bf 1640787911306 1640787911419 113
bfa85332e2ea1646d99e59476e8080b30d17bf3a11da4b9c61fb530edda5251e 1640787911532 1640787911646 114
ff56cceafe7f2710659ede21e62626fdf8a64b07e7d6e47867abd40aa3422fb0 1640787911781 1640787911887 106
e5d9f59c8f7a0739a379a6d3d0e94b562597e99e7405eb728c2199feee3df4d3 1640787912020 1640787912128 108
1a7ccfd6a0574861d9e5c3aed82d476a5b07209ca4a9ef4f8c843179b94d45c7 1640787912242 1640787912353 111
88093d5f438a537ce0b021bfa556fd092d090c249de004640a67561de3062d84 1640787912474 1640787912582 108
3c03fabf720a672b3be6e54ee8210e8280f55864629ea8263da5b3774a6d6f58 1640787912729 1640787912857 128
f26565f71c5b64f62034d42e8b2bb8dd20d296bd131a5d642e891ed026940493 1640787912996 1640787913112 116
6139743cb31b69cc0bf83eec2864627b1f2e01ce444e1f67e630dd9f1a8dfa8e 1640787913231 1640787913344 113
7e77ade170133306bdedb2a6d8fa26ce24d06be461837b9e0ab83c3c5a0031cd 1640787913468 1640787913581 113
8d99018dbf97732bd0fb30702e44229602c42fd91a2ee94b11b2709212e056e8 1640787913733 1640787913845 112
864427ff77a1697142e72d2bd35bc1048b7c6232d39d77e955e8d369e653d243 1640787913964 1640787914075 111
7ae5c24f92f86c2af07a650a2633e1b4cf6e5507b4b95d5a1cbcad8e90382268 1640787914192 1640787914304 112
cca0fe70ab9a1d1cb4741e136f36b04de4efc7c6da98c2b42ff0769ed09c0972 1640787914444 1640787914556 112
27faccc064a75934eb9aab68e9e3298d33479f0c3be274a1b6e97126ad6a2a3a 1640787914695 1640787914806 111
910d9be0d60ca1344eddf9ca13d28686167599a99b52a9ebdefb5f87570fe176 1640787914923 1640787915035 112
9132709c82988dc4aebfb9dd50a9bea087a28bcb2b65a7669855786d90bf30b0 1640787915166 1640787915284 118
87c99494dba8337365f2a7446e874323f2565630ba3dbc8885d2e79faadc383e 1640787915396 1640787915503 107
