06207bc3470a9c372ee8fac72a47c18637e3ceb9e44c686d56329714b7d7d0c5 1640788172202 1640788175225 3023
1c05b1c5a7859fce432d7033d3efab54eccf795a2b2e8d5a900a16b5fd9b0fe2 1640788195831 1640788198865 3034
b41e064ad2df576e59ca2ed2609605b08bd05937436fb6d389bec32a2b032184 1640788219770 1640788222764 2994
c528f216eaceab2ca8fe21add40adfef0b9db0ad8630fab3f486a17d5e8b4104 1640788243717 1640788246748 3031
9af1eeeb94e56a76f165a6fecfae57d55862e1c34e5f504aa3ded2e1ad9e5003 1640788267191 1640788269731 2540
a66fe23d727ce0026e30af0b49b6e1f138e30ca9e0cb7b19db19fd921804e525 1640788290796 1640788293229 2433
4df69e821fdfd1a56ac11024cdef0615069af0d92462de25b6f364d1cd62b40e 1640788314483 1640788317390 2907
e7a215b51545e3592caa54910fd2c595fa8f6d8835e1d99753561d055acc6209 1640788338044 1640788340970 2926
9b87d76e16d630e7e43ad541c47d736e6e7f549c1a7dc0394bcc0d5a5fd2e64c 1640788361711 1640788364613 2902
d8714e8588b501516c3f21fd6fb4e65a5d4fee0bd549bbc0ad38605ed49673b5 1640788385205 1640788387581 2376
753c3d72d75f9fe631c4826f37096b44a601c31368c9702bcdbc86e1f6eef2e6 1640788408619 1640788411639 3020
4bbad8544f8e26d6a84fc2cf0d9c47a9228705645a139b2be95649105b52065b 1640788432476 1640788435342 2866
a21d789c34a7571f899696efe0ef5701f3406df95f2acf41b15644c8f4ff4e22 1640788456321 1640788459154 2833
c51ccbeb4ba046ffd8e8fc102bd1e12bb5c89a313d83a7316b78d1ecb3d97073 1640788479608 1640788482412 2804
250d6f17db0eed913ab40df56f3e2221f25351820888ce09739230dbbcc4980c 1640788503449 1640788506425 2976
b3da59cc20b8e8d5997ee302c4aad7557258b350a32d8aece6360cbd7c5148f3 1640788526758 1640788529350 2592
9bfdd3c3a108d209234a999c01d18dfc32c7971b6ff02c917f68999eba6a02c0 1640788550377 1640788553240 2863
87249ce4a9c4b0b26642c01db161ca60a087bb32423f81d9271a4a509f0b7396 1640788573696 1640788576039 2343
d54af8ca8a934ae6fea0750c72bb9c6233341cb442d50858d14056e87ee24d24 1640788596785 1640788599118 2333
b139bde13350fb8c75c4ff10110cf195c95469954422eef40fdd5e11af63962c 1640788620285 1640788623213 2928
