9f8b3252a76751d005380a14f22504bfb0d317b1e45e3bd412a76abce1f18583 1640788172190 1640788175261 3071
dbcd1379d34789f49aa07eaaa83abd95a6b239d31b0ac1ec3df24c94303bf4dc 1640788195819 1640788198865 3046
91f124731389bad266ae7b7d19423d00564c3b72402775ec5bdcf922046af3d5 1640788219758 1640788222764 3006
0a5822bd9ba0a24e1f007cc0a500f154234f8dea1e167ee560632860f12fbda7 1640788243704 1640788246406 2702
b9a07382a8a39134cb1c11c7e6fb53326809df874fed50776dd7172031ba4e14 1640788267179 1640788270270 3091
aaf5714783e1ad2bd2b7ae0c5acaa20f1f11400fbcb421bd8734899ece071ed5 1640788290782 1640788293525 2743
71eb3d755e828204bccbf519530c087381c86a2559d31b416462727a7d081dd0 1640788314471 1640788317280 2809
816e995948f7ab52078996f0762f7718ce64e5a6d9ba2da516f6fc7dfda6f3ec 1640788338024 1640788341196 3172
2419360475b58f4c304b679169a44df7c0111638f71f92024f0e698ff3803b8a 1640788361700 1640788364650 2950
b672117ed14bfc003e0a15d145e77969502c2262188f322fe26ce44f77151778 1640788385193 1640788387880 2687
50aa83835b22cea30e7ee4bb260d47d893e1b69f54f65a486bcac848526aa3bb 1640788408606 1640788411503 2897
6c0a189920a5187e535468e5ae5471d4f25d1e271c0068aa9c0652a165aeea17 1640788432461 1640788435572 3111
224a035e1af7ae72890829132c552da96916dc89f222c080d53c4ab459921fbe 1640788456304 1640788459062 2758
f3a41bc2d5934c0f80cb5a997ebcb933e8bb43a5727e73f01034fd746cb4648a 1640788479595 1640788482203 2608
2a244a158217edb4631f4fb0d8fd568ddb653e59bf4a5e5aa71c2546d469b9dc 1640788503435 1640788506303 2868
d00f43a4fbb8e9fcbb3304df8f86f2f162de79c171935514e480b1cf55f0e36b 1640788526740 1640788529687 2947
ba3fb71b829a95b17f5ea22920ab2d1560c628d707d2fa84c37011a10fb66381 1640788550361 1640788553206 2845
2c053620fc3eb8ebbd15dac3b7a438a2725be6ed7cfa81e767ec8752551226bd 1640788573676 1640788576131 2455
ad62d08f209a15515b8f0c488b8184be6f656234d4b4f7d6e54dedc397983abd 1640788596769 1640788599657 2888
781d12ec6296e9657ba239bbf9553cc9fe7f4a6cd1017e4b435cc16b05e8c012 1640788620266 1640788623233 2967
