ff9c1cf2099414689378aad9013d5042c2629d7d97a8c04683890fc2a8bcbef7 1640788172172 1640788174429 2257
e9c2cb6f391bfbea510e8d55e4ec31acd8e8d8e853c1cd2818dd40305ddee70b 1640788195798 1640788198855 3057
58f8e48ea452deee9719e35522af9f763ae097278274372337765f8723154108 1640788219727 1640788222330 2603
9bdbe36d0e7c624442e7973e2de715b47799ffb1858b6b87ec1c8a738f1a123c 1640788243684 1640788246435 2751
0d9181e760efc0649d2ac8fc1f75df7ca3b8aa479228a3affb501887606197be 1640788267160 1640788270240 3080
b6231b2365609213f9d4c6f660fffe60651322915bdd2d1122a93620935b83e8 1640788290761 1640788293420 2659
d06093efcc5cbd2b4b83e11c7ac5556a1e499c2a061540d12f27a6ca7ec8fa8b 1640788314446 1640788317037 2591
8b8d5d5f8085c4c9a85df7ebfad9f3c94ad6b226db4fb1d22d5bb59bf7a350cb 1640788338002 1640788340626 2624
99a587e742ae16a74d5c1f0228007011deebb7e234f49d1b310a5e4a0c537a8b 1640788361681 1640788364757 3076
83ebd7502071058941e091e7a2a1dcbb40c5829a28ac13009a7c11c97ad3f832 1640788385164 1640788388083 2919
6adc6b01b7b50066cd3ac32b8489f0099e056bfbb299a1500fd6957f2084edd5 1640788408587 1640788411226 2639
b831c3d8592622954b073f8dc3aa778cecb41aeb95641d3772485c27d7a1cc94 1640788432441 1640788435472 3031
6b73f68042beadc93a46963509aeb832051c5d4957260139aef46c159ea207f8 1640788456282 1640788459008 2726
a55b9f10bc4fa6fc7519887675d92594d053fcc16c6ed5a749855712738c13e7 1640788479574 1640788482666 3092
ad9651c7bedb10f278ad5ca71d74301b986d0f3a8662f3547d806b12cb02265f 1640788503414 1640788505794 2380
7035e4de5f537c6c5b37f065d261de96a050d3126349d0e486937c942ecf9c44 1640788526720 1640788529684 2964
5fe3e201c4f11588fd21dafcfbdad3b042eeb6120872135d8f3c009e333c1e9b 1640788550340 1640788552983 2643
d924a69518bdfa0e0833c2fd129b1f787ebe57efb1aa87981711f5054d4a1dad 1640788573653 1640788576151 2498
a31c9cfe971f0b69ef58d1720a47300d2f75b455edd91d909ce09a3decf48900 1640788596744 1640788599657 2913
f9c6ed73fc7ea6d8d06e4517e97f4db8eac17e1ff947b14708a5e0f465779e41 1640788620243 1640788622905 2662
