ed3313b03eb4ca1e320244d4916a6a804e654b65973d1e5888652f62d205856f 1640788172173 1640788174830 2657
38f977759e707c0baefcbe91be48448173d055052aea982a9473a027092e8e73 1640788195799 1640788198865 3066
18965cdf9708daf812976ebcc26ecacd9c53f8592ee8c32aacf371ab75ae2e0d 1640788219728 1640788222128 2400
ac84c86594ccf7e44cbf4c1d4f8b2088c050e709a3c2f43e1e8d4b8c5d102fe2 1640788243684 1640788245947 2263
5e8266f0ad2dfa85fabf5720761000ba9e1b152fbc88f8ad6e2ff32a7d5cb67f 1640788267161 1640788270161 3000
6b128c2ac055592a6eeb786afbe59e3c342fd2eb839b9815b6d8827e8848b657 1640788290762 1640788293791 3029
866fa7173730d72c319d19d564490345c35cc065e2c62981156058e1c8704bac 1640788314447 1640788317409 2962
c58db3d1718750bd2cbbb7a25a94338d492b422062666f8be7fa6842b1e7333a 1640788338002 1640788341189 3187
64a4ec5aef18ce6568d07f9a467f6ccf68d7b547825ebe290346bd030f0d7df9 1640788361682 1640788364706 3024
e01f22dc0c6ca0eb87b6cc4dccd473d8ff78e41c6058668895345d46be70ee64 1640788385165 1640788387898 2733
878ab7325f3134152aba935f8a4173912332f4a726cf212d1e518955b343aad4 1640788408588 1640788411458 2870
b166c5af602f0159bb02729eee8d8787ea9edaf07f128dcd627e7ba22e270823 1640788432442 1640788435572 3130
d0ea921fa0a768d93421951865b55826dbfc80f8b0273757a2449b782ffa2b84 1640788456282 1640788459101 2819
3d3bdab5987674b2ad4751528a0540349b8cc0543d5e355d3b75f0d74e1cdd0d 1640788479575 1640788482412 2837
9ca2710f0cf4a19acb3dc9297fc711185088c299106add2d7429a983f7817b2f 1640788503415 1640788505843 2428
87ff733e89b93d175520e3b357aa5c572e812b6b4afe653b92066d7c3165aea8 1640788526721 1640788529599 2878
9df7da1cbe5dc6465a1bcbc4078f56ec56978f74238b27e40f875094d718cb15 1640788550341 1640788553227 2886
3b5264516efdd2a95d10cae61cd7586ad0ea3aa2f9b3285b55f4b12ee3bdb8a5 1640788573654 1640788576096 2442
c2a91706d8b0b152c5f6807d4775c62001292aed7fc7cd562327a1d8d6be01ef 1640788596745 1640788599378 2633
cd0d1c5e8ede5da7ff6e478fe672014fd25ea80f7b74cf6c419519dc18b43593 1640788620243 1640788623188 2945
