cab02620ca1d78b18414eab1b7c75a26e0a527ab9d9dc4284b929b57f8ddccbb 1640788172167 1640788175264 3097
eedb3a12779f87b42691418f942ce07228b655f539126d32d78fb7716e7e6f0e 1640788195793 1640788198866 3073
a5e38a9ca93005176bb7d756e265f24bd075fb9c0ff4e0090f20e5ac7743eb61 1640788219722 1640788222136 2414
25492dd5d0b1eb7a79bdc18765fa4192d6408b56665057e4bd6045cae915cd09 1640788243679 1640788246590 2911
2396c7ba4129d76f6f4819a89e2bca79074d47e786d8621b467af6e5a2cec524 1640788267155 1640788270098 2943
72ed3e45e849c045667fc86bfe0bbe8b5e0471fe6b5937bf041232a3b308dce2 1640788290755 1640788293600 2845
311cfe781faba07e07c539292c5110cee0217953cbe13ebebc7325b5a4a7dac0 1640788314441 1640788317383 2942
2e6969fb8e3bc7130a5674e244313c0a72ef15c75d0938e2da5ba9685b15883a 1640788337996 1640788341074 3078
7a3e6b520d05784769e24667ff8484b5d24518631ada70cb49c822412ff51ec5 1640788361676 1640788364732 3056
e1aa855deaa0bf00751e5b1b7c4f20fc59dfdc5c222e2ce96b3c7f290435af52 1640788385159 1640788388077 2918
5e2d1c71a7b1f7021ad6315fa3fe742ef966caf2770441bc25aa9a282cbb0e07 1640788408582 1640788411327 2745
c642dc60ad3a287ba9ead83c9a02a26e13daf13faf9bbaa818fdd3d4cf8f2064 1640788432436 1640788435338 2902
6e5d17647220ee90105397f3677be2060adc2ce2de0ef2d4cfdf17460d394db0 1640788456276 1640788458674 2398
28faed0e51ea11dd64036a47bba5e7c2296ae83417a916894d824d29780788c6 1640788479568 1640788482333 2765
603a8cb15ca0436cebc42b9ae069704417681a843d33a95c8f2bf6c81144f3f1 1640788503409 1640788506432 3023
19dbfdc198991e375c7454c7da651c028376276496e2f8b55e92f911dd3dfa8e 1640788526713 1640788528967 2254
24a52617887f027aabea6b57525941394e11c080d0a39bea3c20f8e1e3e780f0 1640788550333 1640788553230 2897
9f2a720239a355e4cf9673cda6e606fc670a954e0d9917362d2ae7c3c2810baa 1640788573647 1640788575851 2204
8b5369ad1a9c8e918be1d229446ced8597dcd73c4b4aec14a4b7b9b7317bc036 1640788596739 1640788598705 1966
b3a24bee827d86cfcfcbccd1a1c47ee123af7aaafc9f353fd3ee9bbb0a867d88 1640788620236 1640788623219 2983
