707ff23101f05d6e64eb1b6771d3028e00b213b344d7d8eaf4b15d1860eb5269 1640788172166 1640788175195 3029
2e39d4e064d1d4222ec9148b2463d40d94210717651eacb064284329fe4638bb 1640788195792 1640788198725 2933
b68fd80e36d1395f0cc7bd38fa37170e66a7a360a138ee2f34057ed5cdc12691 1640788219721 1640788222386 2665
b7a86ea8241a984e876ddc2b0c06047d156057ce0df1124cd674190be5ca5889 1640788243677 1640788245714 2037
a976ec9b8dfbe6bd0f47d02823851cb352d1a61674eb053ca1c7326715ed4f4e 1640788267154 1640788270147 2993
de67c8f60866fdacebf5a5441a5f2c83c50e2022dbde9ac95f1578dd6ee372ab 1640788290754 1640788293708 2954
cc5a03d29fb1d7d76b1884e2fa3a42da7f331723b697b9d1c315a1f0834f1ff6 1640788314439 1640788316434 1995
d21822955db4175d87822bb911917ab08067facbcb9668cea6fa0496222f5860 1640788337995 1640788340913 2918
fe487a66004650a4e9f582275289cf08fd0c42ab2ac4dd6b56f04c2df45bd39d 1640788361675 1640788364756 3081
95ecdcc674aee2bb9f933c3e20bc72df62bb43a659afe943eb9e4131f8a5cfae 1640788385158 1640788387742 2584
6540a79e4d9e33f624b4c3b3895e36b5e9bbf855e41fa15920f698493afbdea4 1640788408580 1640788410989 2409
6053852c6d68901362e792579540241c6bbf2d0c5c8013ff83dc05f2f3fc5a12 1640788432434 1640788435420 2986
157cacfd0bdb65d275c431804469c28cfad5b0a0db537b2b62da4309e1373555 1640788456275 1640788459167 2892
5f59157bd00f103b8f07a387d63f25ba04a4ea9adf374aa53e383cef0d5dfd01 1640788479567 1640788482411 2844
4c1d513aa7cf9e39a22a5d9545a8e2a75e737502950c920899c82da9c1b6c00b 1640788503407 1640788505416 2009
38815dbf37d7fc70408f7a4f360bf0a1f87c33c7e4ea610f8d97a79925586a52 1640788526712 1640788529438 2726
7c53036db7659a928f721857f2c2b819c79e912a9648bc47ab4d16484cb9cd01 1640788550332 1640788552266 1934
062e44a8bf9da169cf88c163dbbd988873d1c294fa7649a62d20a57f9bd9085e 1640788573646 1640788575566 1920
9521fc5bd333b6410bd929071e70fe95481247f99ce00030ab0b9859cb6d3725 1640788596737 1640788598705 1968
139fbfd24d9b5d1fccd460ffa2a09a798434ef87a8cce3631ac41f1837a0f9a3 1640788620235 1640788622237 2002
