f3890157c65f989fd05a509c123bfe19899e05329f93ff44c82a82f6cb4d78bd 1640788172165 1640788174128 1963
fb03e8869c75dc0d1873c3484decbeb8d2473697fc3884a638350cd9b32e511b 1640788195791 1640788198720 2929
a1f5a7b9224e6fcb32d69d40bed5b226a70db5c5111420d9d50537c96174c8f8 1640788219720 1640788222412 2692
dd364877aa0ac29bb5e96837451302deae92af89197d9573e1c917004b48bc50 1640788243676 1640788246206 2530
bb78d73a18283d8f841584ae4c5a20b8f600a120aaecc16ff62a7340ee575bdb 1640788267153 1640788270004 2851
b2fd1710cbae5449dad290c70ef615b19c72f6a804822b66252bc44de02b841b 1640788290753 1640788293374 2621
82159fa68db366849ce11cb253159d7c90e67c78d778a8b5cf8908904bae76a2 1640788314438 1640788316434 1996
6764e6c1c3f799f2c6c712fdb0a813139da2d3489f97a1705ab3bd055e490065 1640788337994 1640788341101 3107
94b93e2c3bcaf9885ce6e7d0f64eebf25ed08cda4436a6686b6b1ae8644c6144 1640788361674 1640788363686 2012
96f514704c8bcbd1d60f605ed05c83601c06d66c90c598c2d40b9ca8d6948abf 1640788385157 1640788388183 3026
708af02e2438ffa8ce6d8db9d15d469b596819e80b2fd4c40995756c9fb0523a 1640788408579 1640788411596 3017
ea70ec062935c4e428e334e13943eeb53e5afa136dc7c58d13a195d3d891dae2 1640788432433 1640788434432 1999
6e6d90d4b0bcfdac07c4e8389739cad6880653292387642dafe7bd33ca81549d 1640788456273 1640788458766 2493
acd5237ca07baf06e7a6ef3e2d8445864e2cd7810ea484e71705477a764f4929 1640788479566 1640788481550 1984
eae0f42efad1a81b8357ce7c00ec202719d4e2fc92158ec4f3b4b51a396536fd 1640788503406 1640788503727 321
e23b5c1174e59efa040416709594308b766afb83f5b28ebbcd9c2dce84bef33a 1640788526710 1640788529632 2922
33575967a88480798dc0d51fa8beead66888279324a494628b58ae5395b1b17b 1640788550330 1640788552273 1943
f9dd9867e8ad54a756425fa46101940a32931f1b9e79309fea15aced6a3b52f2 1640788573645 1640788573876 231
4a6158d1638bb874a0a1070f66b8ff0a5504b4794ff43738ce896d522c6b3066 1640788596736 1640788598705 1969
6bcbb64259b7c7b49ceaaf4144868676bef6a4ed5f4b9a5da93563758427804a 1640788620234 1640788622237 2003
