29ccff1c079d48f421216186ce392ca83d280521fb5efc9b3b9c04f22fe8ebe6 1640788172181 1640788175194 3013
04a4fe294853f2a213a72672933bc4cca94245479a9e0369d8dd2f3b3c94c259 1640788195808 1640788198834 3026
412260766fd92d94090229ea1c1cfd0c3b06542e1d40e1e184bbeeead3577986 1640788219736 1640788222581 2845
ee92d9fdc19d426c7298e4e8eb9f1e4d4f7ccd22f1baabbdc2f0f1ab7432c572 1640788243694 1640788246679 2985
6f5a9bf8c9b340cb10563551595f36aac6ff7276688b58c5b7e48dc9fa0a554f 1640788267168 1640788270272 3104
0444a3e3fe556633254338c3ea09131ca3444793e570218f6e862ab49f52d076 1640788290770 1640788293791 3021
e02f3f7ad00e026f2d1e7fdb494f6098aa47eecf820f57afd9190b77bcc5efe1 1640788314456 1640788317414 2958
c4d16ad66a689e15a22186f9b50303ee7a85e8c858048fdb6eb3d95fab51c4a9 1640788338010 1640788340811 2801
61755fe5b98839358d420699a3baaeeb11ebb3507ffc9ff874d944e2c1075334 1640788361690 1640788364659 2969
852f3e1dfc51e666e03094d2005cc100c2e80a583e9297a5af388fb1dd5f22b0 1640788385185 1640788387776 2591
132908112b0a9e56ffb936cddafefe6a3a72b63ac3ae78b98583f3f8e8e3bb36 1640788408596 1640788411655 3059
574d32a4e1e60d94dd2fa62152fb0f0d89964cb20f134b7a2948066e9aa2d418 1640788432450 1640788435411 2961
d5adae93ff1cbef83757f715c8f21c68a155dd48689033fdcef7d17770299537 1640788456290 1640788459245 2955
da98c6d37d81caaf74bb8dc1eba2657d40c4a1a31ba8672a7dfb7e86f6773e30 1640788479583 1640788482469 2886
8b1012935f1345c0cdba84b7f6ff1cf9ba670d521bedfb0257cc09f5b53a28f3 1640788503423 1640788506447 3024
eec2b32e9499c19c16dd296a2f7c19c128717d2815909910ab2e6c52162fa47b 1640788526730 1640788529693 2963
10c19fbd51044af90b890cde87c2540c3c59c43d61336c738e6c38991fb483d5 1640788550348 1640788552864 2516
c45b7c919754d4d30679b2b46bd6db12de399226a62f61519ae07e1892492721 1640788573665 1640788576464 2799
1613082ed2daff89fd7b4a654a295adcfab53371b5e243358d016e682c554e07 1640788596753 1640788599548 2795
82519629a69ebc690069d85960fd68d797d16f30c5a31422a78493071ff2c0fc 1640788620253 1640788623235 2982
