bdca22519805af23b12d47f204c4c9bc93e65c3ab1729c72e641a697eb8fcdd5 1640788172182 1640788174744 2562
89717badc7ca1076e37d534f8106937805e266e91981c487422ec616a7ad73b2 1640788195808 1640788198398 2590
af2fba882ad0c9e4a7fbb7ae9500e051b6859d3da67e3c2adc7379747ab19dc3 1640788219738 1640788222817 3079
8ce1f034cc873e3fa4c438867c50e2ab0b315e3ccd2eb96eb9d47a2cd525776f 1640788243694 1640788246206 2512
962b5b8d8ffca162f3501f2f3818239e4b18015c4099558d54ff37c0309ca04e 1640788267168 1640788270286 3118
aa43ff37d6a9608291301649b12246e3a4304a8448f4f461abc45485a2d59e9e 1640788290770 1640788293743 2973
4b03af7557cb27097137bb97b2d496effa92d6a1af41906a56cb8b2e7fe419fb 1640788314457 1640788317413 2956
3f07832e0ef25a5510bf23d214dd2c57a77c8d2ef813a4b428eab6ac23bffc3e 1640788338011 1640788340912 2901
e22680eb32a6325e28c26487322a83453046e87398e9735c7a8c671a74ae34c9 1640788361690 1640788364446 2756
fe35acba23bba3ab8c1167cbfffa37f361d7bd209534196ac0b2c350df360592 1640788385177 1640788387501 2324
f0c7ec55442675c6796e606cb2e5514933bab9429d9f7ccdbb0b44982ed4d269 1640788408596 1640788410923 2327
cba0ea0428885b9644adc05f63db9f3fe2637cf459692cd01000a6a36f5e0bcf 1640788432451 1640788435578 3127
e42ba08b3f3b6ff0ebf619a097c45fccb48c8960fa3ecb1298162eab5a0ffcb8 1640788456291 1640788458767 2476
d92cd48c1a871ac7d37f7cceb49ca84386ea0cdafc4b2a65f3876302bcace69c 1640788479583 1640788482340 2757
ca747141ef5e4a53e53c820a49b9b8cf986998867de3026a16246a1f5fa8d10e 1640788503424 1640788506302 2878
7fc5a36fad57e6547a9b60fd100b1f0365596c3c3d8b35b28d7da6cfc5a4ef0a 1640788526730 1640788529622 2892
774141a72bf5e343a2dd75e7d84c98ac460b8fed7164786a873c0a49d25c8eec 1640788550349 1640788552671 2322
72ee647bdba1369be4062af3b143020767a2ae8602355e98f0a4e9aed8e23845 1640788573664 1640788576499 2835
1d04a166525c19844b5f2f5072d44357287752289dcec75b13453da484424f82 1640788596754 1640788599393 2639
03079b991a2e5f941b4cec53b3e87f3c3ce1f1c0452f8dad771a111987adde4f 1640788620252 1640788623182 2930
