6405b0c600f3467a29cc753c58caea8e852f047acba51340728b541231227d89 1640788172169 1640788175045 2876
41b9671e8b3b5117fb1216c21045d52b6034fcc8b71669ad585163dbbfc7a74e 1640788195796 1640788198444 2648
e1a902cab6581de03f8393af24e1ab5bb35f29e8593fe33f4a144fb831b14e92 1640788219725 1640788222745 3020
439ee6467b8ca788dff7b27e791dd84392c0e21fc3edc880aaa72b39d8b496ba 1640788243681 1640788246088 2407
9a7b008aa54304d0b488f2a757612d4a6df2cd14fba44e84fc8602928d7c8ec6 1640788267158 1640788269609 2451
eb94b2c62ce3d4df8ee5d078c319e7d23c612dcdae1c80ce5d0cb2b8ac8d5903 1640788290758 1640788293780 3022
6221bd1792432690b3f77fac11b0bd036f1d403a48387da0126f6b696ab773f4 1640788314443 1640788316432 1989
bf2e1bed3a8cbc5195326e2da2a5e1bf7bf87d3bc48936628376a0c2d5ed213e 1640788337998 1640788340852 2854
fb7fa72c6d9f3fc6f0933f2c8f694439feac26bcd1c6138de615ed12ddbad8bf 1640788361679 1640788364736 3057
10965746d64aa8f52fb5fec6e7b2bcaebf24e58f5d551d81df2bbdbfaca1c95d 1640788385162 1640788388006 2844
523ab56ea13d793806ea2e3902a20c3e911e2f90bee01969669745e0d1cecd48 1640788408585 1640788411546 2961
b4b99d162e81239aa3ff8a609c2e146d1c734e05d7aa57418c8eb39e065edec6 1640788432438 1640788435595 3157
a4a6f91bad966c67fb6256b3229e7b4dd65026e6fed87dcd72dda9f0e22225ed 1640788456279 1640788459248 2969
9e108cf0ed56c47412f24d0d34996e6837f81a53716aa45fb5784a5bc99e30ff 1640788479571 1640788482586 3015
9adb3f31d6bbb93079d377a22de7bde856ebfe0040a4b0723a572dc0883ff009 1640788503411 1640788506375 2964
0a4d116dba0bda45ec9c28bd53264648f9ce967b07ccde59f26eeb64f554e12f 1640788526716 1640788529656 2940
a6018de2a6b95290415a562d437eeb0a3fd82ffbe0f82d3f32f4b5024e759f90 1640788550336 1640788553198 2862
8e8b764383f6e8f345fc88f5e53613361d84ff584c8c12fdf2dd573dcc48b29a 1640788573650 1640788576494 2844
cf08d62faaf9a10ff9e61fee3501c408c2187637445d3a19e8e98c81126c8e92 1640788596742 1640788599126 2384
5604ce3dd5cee20008ca6217546a3ce91f9d47d5a659a5e125effa707d144564 1640788620239 1640788623086 2847
