51514cbf6a79c20a5881e3d7fce4045166031ad2016deb0705a9cc149a5b60e4 1640788172179 1640788175040 2861
f3a4294e279418c40cf217625d0080708a1a891a9a7cd12a22b032225a4c855c 1640788195806 1640788198445 2639
becaf7c9dca86bcef9c3a38671bcecaedd4001cf4bf74552950ebd42315d6447 1640788219733 1640788222364 2631
2f77fec7fbd4bdd1c88bc64ecb5b178e20b7782ffa42eed25660b0e59acbfe58 1640788243691 1640788245945 2254
ecfdf46fcdf56f360c7564157a57ad69e138fc6021e33363766877001951494d 1640788267166 1640788269936 2770
11f1bf3960ef19c7d3639abaef087edc0ff1acd0d77b19655151cb9330ce078a 1640788290768 1640788293751 2983
45fa1d5814059c9d16ecec7f6cc9c0308294e4fccc568f50129d160d3f5bff97 1640788314453 1640788316974 2521
c1de625782cb1d1cc27d7939164b1616c5685d557f53a0a57ffecf5751e0bfec 1640788338008 1640788341118 3110
75be448865b6aff8d97f270bf2d71200335dbb00b269ec39517f46ca0dea231a 1640788361687 1640788364726 3039
b7e0c088be511fa6d528b68ea225c65c5c0e8b100fba37680c8889b34f57d255 1640788385172 1640788388053 2881
e6120decd0e95f0736fef3271f9789cc4c1009d0e115e1ed771581b9de914646 1640788408594 1640788411565 2971
cba747616224c005ceab7330c7bd668f170bea98d6c9655e48bdaefbb61d5a46 1640788432449 1640788435109 2660
9621eb8273359f35b222ed9decd43535dee1617cb0b5561f0dae73f9f837d909 1640788456289 1640788458601 2312
a11162ff4006fb1c12ab8b1430228e723e1d31e3fc61e1f851295ab77dbc2195 1640788479581 1640788482444 2863
e629a9a0bd509cee75160aed50265ff88fe637122ddf3897937cebf342ad3652 1640788503421 1640788506100 2679
0b7287a5858694cdf13448db8bf64817a2f3f433abf3065612d55feed8db2073 1640788526727 1640788529721 2994
688625daf8fc5effa3e9836d91488cf5e594e0b07e5963a260afcec542893ae9 1640788550346 1640788552832 2486
e573cb825fe29b9df0bba928abeed8a106f1726feae9ea9d3d07f9917aa7ed0f 1640788573661 1640788576241 2580
c01cfa37ad2ad6b292257ed25d76d44d726518cdf898873894fb0c5cc4756652 1640788596751 1640788599385 2634
734d4dade0ffcd58a1b6bcab39aed29e76d12edba896108f35b31c2d80fba575 1640788620250 1640788623321 3071
