0f66820890139be998773c30cdd1f4e4cd68061c94cd682cf69262d6a2faad80 1640793374764 1640793377914 3150
01a05fa4250b082539d56ee7f2038a186d2345deca258062a722ecd8cb896976 1640793392572 1640793394615 2043
8bb9c83d0c35cefdba444fcd693eeac64437e6f70b5d7c8cc2070c4ef24cb293 1640793410030 1640793412719 2689
64f69d47ad45d2b9c36e41cf5bdaddd0bee37dec52f88ba5b1fcf4efe54b3015 1640793427861 1640793430908 3047
bfb75fec2c75f41aa360452fac8fe43087b4fce2f11e4c723b14d98716b86dea 1640793445782 1640793448778 2996
5d2ac693fed698a5208b394fb3bd906c3995b0121d153073da2ce5e5a6354d89 1640793463295 1640793465440 2145
412df15a0d9fb6dcfb7837ff33ce3a4e54e64f37471813e6abf1942073367078 1640793480765 1640793483040 2275
16e4f140001c4ec4174f79c5be5f31272284559c4ffd3df4dc64a8d41c14abc9 1640793498276 1640793500446 2170
c0e080ac856c3b064710ed0c41ddbbf0a5cd1ec9e4104abecb5f94da0da33cda 1640793516169 1640793519223 3054
e0cca05f6c243257a026e02662b2cf0a88fcf5cf1771d3f0daf31e8198aa080b 1640793533665 1640793536869 3204
652ae01815790142e23e25ffb383f81d97a4c73ad1e474790e928bb2cc020be3 1640793551397 1640793553834 2437
52c4acca95ff7f3d35af032f37bad4dc3e7fab461a449a8a69e07b8a532099f9 1640793568972 1640793572029 3057
b27219712587c368d1762ae16a356a6df39f8b0f599f4cccc8a4c6348e916402 1640793586551 1640793589590 3039
2da0efe35e6400a99820a052f838655cbd017e5d2c66fc99e5d83743aa6e9f4c 1640793604559 1640793606851 2292
4cc6adc1b0f2167746c7f7e920a673d26fc064e7b999d0d8579a2484881194fa 1640793622122 1640793625157 3035
89c464b757f68cc482822a97b97caeef180e07144580a5b1d724e2d2a0f4cc3d 1640793639662 1640793642608 2946
bed1247df5ca26a0a92c322f276477ed37e579203987cd7c3cde2931ac43fbb7 1640793657342 1640793659802 2460
8ac582336e9e42ea469204ba7a69aa07cf5cea0f0b1d57ee7555b91aac764fde 1640793675047 1640793678100 3053
bd4159519316c4df885074da6e584688b61ebc225b75e4e5fbf8717b75aebe13 1640793692607 1640793695688 3081
2000c751653e888702efba31740f26fe3b07c1fc62455fa9428a5dd51a69d4ad 1640793710481 1640793713009 2528
