8c0b287eb38e362a867f8e2906ead1298f8fe4b70654b0f8188199f60fd2c292 1640793374781 1640793377670 2889
8551eb948ea9044b30fc25efb0268ee2e38775248a3cdec246d1ae06fabd748b 1640793392587 1640793395520 2933
c26e359c1e22ef94dbe444d61220a828c03aeb8ce478168959c81c8302734188 1640793410045 1640793413090 3045
cb86e73fba67f9f60f56882b13129f61b234a6d0234a71c795cfc1dfec3398ba 1640793427879 1640793430799 2920
2abc8d939137d1cb74cc3e568d2ab9a416a2a9348f0f4b7c70e1b0a4ca1ddcc9 1640793445804 1640793448573 2769
c045ae059fdd98c7ce8a3ef6ebf205d9e80a9193375d86a61300f843d9a72948 1640793463313 1640793466297 2984
c4bd533e5b7775463de4856349e878d0a74248a887a30f84a0b075d9cadddc08 1640793480783 1640793483688 2905
56567bf55fc72d1b2d330d0f3ab8922f2de8728a6af69f8b93450c1830de3cd2 1640793498295 1640793501357 3062
8aa680e2db96c27c8d19f4196d08a3c83de8fef8481a5122ab6c3a8a4199a7e4 1640793516186 1640793519188 3002
717770ddef537220f4c9d485882bbe8bf1d5677c82e9db8b9d144b0772795fca 1640793533682 1640793536727 3045
235cd00b8788b069654b05b7eb42337aa82052445e355bf31e5692ad0269f1cf 1640793551417 1640793554349 2932
8b8e842de23d8d3626873c011e04c6fc9cf383599d24db0ec1184456196b36f7 1640793568989 1640793571879 2890
0dcd7f5a9a3febc18b4ef7b46162a5f3322b18b66ece50bfce8a8f6c38bd0155 1640793586569 1640793589653 3084
087a5982f60962b919be2d93cfe33f5381b01811e2e4f7d63dfd5c581a915bae 1640793604578 1640793607632 3054
f603c07eeca56157b2ff562e5f0100244aa06fa1d833686c71633db8b9d66899 1640793622139 1640793625183 3044
96eb62fa7ed759c3880660b98d883a55852b425987cc96029d80fe673fc17145 1640793639689 1640793642691 3002
7c8ca11539765eabd95e6494e891dd8760890acdb4fc505ad6595b17128610fd 1640793657362 1640793659859 2497
915723a26abb1e931db66ca924cfc25906566ec1c7d3446edfeaeed10396803f 1640793675066 1640793678104 3038
f067cde500b836608e4b1e6b6cbf90e9a7a930d9e20d736a631313ebbfc66892 1640793692627 1640793695719 3092
2992f1c8b9b714f116c9beabb81efb73cbfc1f5f7891d4dd7975ef1a7e56d202 1640793710500 1640793713550 3050
