6d00777d2d1ad6d766024dd16bd84d6e5f6cb9db4c7c64feb93b06db3b5e7785 1640793374766 1640793377953 3187
bf7ef88221b9e84e75408fb1b183c77a948e207efe5386d272cd3117d3930b27 1640793392574 1640793395403 2829
9603cd20d6758c312115bc36ac25b54160fe781fba09876d980b299642443ce8 1640793410032 1640793412571 2539
ba52d3f36b2fd93b7e7a62838c020acbc0910bb4495dac4fbfb21572294e1d7a 1640793427864 1640793430492 2628
0a7da8585f3d4638de83f2ce1e47bdc4bb1258c6183c7cc9ba42b82cbea9df82 1640793445784 1640793448589 2805
83927b9bd89fd33a06eb6b08a083366c234e15a5d92862cb2a6c6ac79deac256 1640793463298 1640793466143 2845
228277bd019268bba1fc99032624914dea7df9d2f05a78dd71db91442371172e 1640793480767 1640793483663 2896
c8b1d9c8658e1ace4ba3d324536f84769111f974dbda3c280131b8ec1082c1d3 1640793498278 1640793501249 2971
cc630b24310f4b922619dad2c11c889ec8196d5569a395acdce7708243e4dee9 1640793516172 1640793519197 3025
2bce54bfb4af71ef91f87306482620a1b0234cee9a85fdfad49c6e7a7a197a8d 1640793533668 1640793536854 3186
21fdc5a4ce2ca003a5bbc923839625852df2d689b8dfa68f59372b6b1e0df852 1640793551399 1640793553825 2426
55c8f2b113be2d0354b620f79358ea406f81d7141d702ac4e76915cbf74df290 1640793568974 1640793571882 2908
a997d821b2ddf242a352c5e1ddb7d96263075cb314cdf062bbbaa782e7465063 1640793586554 1640793589455 2901
223e720b1e94b17118d8542e4c2fc9972c40325e4936bcacc545a074daf70768 1640793604561 1640793607488 2927
d5d041d07acb9620e42e877bd59dc41017a879d4dacda86d0bf1330a730f49ae 1640793622124 1640793625151 3027
7c2af7ecb32cfe8cad21ba6f432b767a65bd81fb376fe92fca3cd0603f7d2796 1640793639665 1640793642447 2782
608abaed50ca045706c18ca1938bf40b06717b714e929993e21119d9e18ffb06 1640793657344 1640793660163 2819
120454040516d814028f146da1edfa783c354d16d96ffe9b450aef59be5c5fb2 1640793675050 1640793678055 3005
f9e1e8c5417218519c8e4220957b3e3fa0cb34b575ce1cf5fdd33da516642818 1640793692609 1640793695672 3063
e54e3df254525dd0105c4467cce4f74d32aa9d46b35a33f2ed54f71ecbf9cdc0 1640793710484 1640793713474 2990
