7560389798f81de501653848f1f507159aa1c10ac2a0ebe9212ad6782b332d88 1640793374783 1640793377569 2786
cc80a1da715a1517fce7ee92f1dc3d84470a1c924634703c42c3511d2b86a409 1640793392589 1640793395439 2850
81eea68f01f0d7de94acaf4f6fadc99c8dedeecca1caef9777fd9a6e4bf68caf 1640793410046 1640793412919 2873
0bb852d1b36b878db030441be4f3bcfc3f71ba0f04651c39fb2532fdd1f28d65 1640793427880 1640793430916 3036
c4e170437c9417193af443858196053574f8dae3768bce074c44e8eac423969f 1640793445803 1640793448786 2983
473e847e02c695e03471d4cec023652b9f0d6287d19a5eca8f1217382a637e3b 1640793463314 1640793466352 3038
226f3741108bec4fc08220fc9990510cd4fe86fc9febf5bf3cee862fdcdd64f1 1640793480785 1640793483654 2869
0a4f6a6a8ad7974ba3fedef22a87d2b55d7c13eea81a849bfe0af53c66e95f90 1640793498297 1640793501357 3060
65750e9693c51819b7a06f90e46551f6efebea4b4d0a0db848e7eb96353119f7 1640793516187 1640793519034 2847
fc65b2ce6caa5cd07ba5934bf889bf15dbdf53cb3153f88a9fb58e7ad7c9f460 1640793533684 1640793536520 2836
c8fa99852c6a19b52b59e01e237c542a4cca68234fc35fa4ef0ca50f563756d4 1640793551418 1640793554352 2934
f50cbf5dfb083d470c9a9440cac08573f2eec9770448dd364d995253059662bd 1640793568990 1640793571708 2718
fd26b60de91025c6205729f17e0b019136694a23c03190577f95c5aeee78eb8b 1640793586576 1640793589560 2984
973392bd4faf03644c1c35a93623efef05a5c989437e1d5710c5ed4f99ee034c 1640793604579 1640793607634 3055
43a6347b510eca21822c78d1fedfd5463144cb7fbf9d9bd54027c88d382f4d11 1640793622141 1640793625156 3015
36cfd490aaacb3402c99226b0275997c595b785e5d38b42c8976577c878b7c7a 1640793639689 1640793642684 2995
f140c7ff20a735bf98c01e349d0f324833a8b37c578e7957b6bf531b4719b91f 1640793657364 1640793660279 2915
70e514b74f44cf7d96efa034226a3b298878cdbac191c7e92cd9863cdb30cf81 1640793675068 1640793678045 2977
1e7328913c9abb9be2602e68ab93e59a4c7586009b27cc8487f3319baa8cf736 1640793692628 1640793695760 3132
7ba34c8fcfc767f3f11fad9cfdbc8046848dc7d2750838487cecaac90004b1f3 1640793710503 1640793713462 2959
