7349897fdff8f548dcec0604e24371937cec1f99ce3a324f88c1845272c9a9c9 1640625768976 1640625793142 24166
170ddf4b47b75f57b41ea0d09ea7812cd8964ecb4b4244745dadd39e2765519a 1640625851574 1640625879048 27474
6a54b1c77a5f29fd8abf6e546bd746cf43cb8387f78a2d4f7f146c0ae02dc7e3 1640625934009 1640625964715 30706
ec7aff986f98cee7d0744c77920243a7fbef6f8d9f35f13da7a9f914bcef88da 1640626009396 1640626033968 24572
5b54b07287a3be76ebb39f207a1f83d8520d84b0ce600f7edefdbf0e07cdc4c3 1640626083508 1640626115216 31708
640f8771a38891e17fcf873d1a5cf6d4385cd3a5aeefa838da7906e4f701b618 1640626167194 1640626198788 31594
c485e2db5de85bf81dca2c9504097e428de9177b820f5c38719715babffbb4f4 1640626246003 1640626286297 40294
bdcb853c14208d88746bf7f6ca467bfaf27e87073fed0e93f9a96149e10c8a0b 1640626328018 1640626372481 44463
4148ed48f7105e10d13f62c1804369a5141601abd32d741120575978588d9624 1640626414515 1640626450664 36149
a1c76bbcd9dbb1debbb7e6be4e3641861b109940856ecccde1455583a4220a78 1640626493724 1640626529320 35596
cd3e2fe4cc3fe1438c0d944df08c2628de909c11333541e58f3afc1c7c3a01bb 1640626572851 1640626594999 22148
c6a702a12aca74bf59ef968e7fd06c6a5159def7f236484683813b1ddfe18713 1640626652121 1640626670008 17887
58da0e7d5fa6b671cac23efbcb86891567fd1fca4bdf4fcd46b5c502dc5f5c57 1640626716031 1640626755707 39676
00112e5ddcb29f84974ea3dd75a34cc7cc549bb27a513998d798e500e0096bda 1640626797266 1640626832128 34862
eeb450f8fdcf4428da8abe1d7ad7321edeb70d51bbefa6e656b542059dc6ba4d 1640626873908 1640626901058 27150
f2b0ed287658a862114fc2ce2854de19bc6e2ba042da58d31a9fda1bd507cb1b 1640626949682 1640626975910 26228
db7a62112a63cf7fb644225a95c60c45bef8c02f6715bb3a885872befbf9495c 1640627017608 1640627046591 28983
d625f2d8107094afe20efe7298cb260fab12ae687458b72f326eb818aab72753 1640627095321 1640627123470 28149
ebf73386a2bc928186c99c96e79661e9573bdca9ff23f15b4ebb9374e4e2fca0 1640627170702 1640627210670 39968
d3ad1d0c91333e31ef52168b29a05755783610ed6f60aa4ae39611def279e926 1640627252049 1640627286150 34101
