dd9ad06d934dfe3fb2c5483265a2ec40911ecd990dd917ae2cc7ef51abede5f5 1640625768982 1640625810685 41703
067a315aada3088402e631b9e889a82ad3e6126cb5380d208b1c9572fa65d8e2 1640625851581 1640625891409 39828
788dc94d6397b19ffbef45e406394bb7e4c925f99503d847b04f667268ea235b 1640625934015 1640625966854 32839
dba46aaf5af75f90da6a6d30351f6c1d765425f4cd8e80e9453d99f022afaff3 1640626009402 1640626042215 32813
331989a8bffad3f1f209d1d7ce0f4e8e63c4968221ed94f843b0fa1cfb3c2f32 1640626083513 1640626124367 40854
7425bad34f988839a7b56e6c60f11ddc5d1fd0e5f05430776a1408094c2a8a61 1640626167206 1640626204438 37232
070162362ed861bad0c4406956c7c38edb2758a78d6931a2872306cdb6b7c146 1640626246014 1640626286433 40419
dd30d28ce33c46250a4d98a723c199e8cdefa1b429bf93d0daf79c28d95245d1 1640626328029 1640626372186 44157
533f164c1871b9d042f6267d417ad84a50f727feee0facb85be35b1f1a160014 1640626414528 1640626452058 37530
29b29d482b34e138ab60082a769a109b588831855a59833c17e1bf683d3b9e07 1640626493738 1640626529568 35830
65d5fdbefdf11bdf48a328793f4f1aaab2966649375cc0dcf998d0ffe3b87fac 1640626572864 1640626610652 37788
c52cdadfc16e3795ffa72ade8d201427597b7e46d9ecd9957ea8781551072805 1640626652135 1640626674462 22327
6cb530c0ca52c6a58e7dbb6a71ce02cbcc19f5449abdc1cd2461522263f3d652 1640626716043 1640626755999 39956
0d71a1ca463dc06d11b4b3e6f9e0ed32b87ee13cedeb7f62a920647d7bfb4524 1640626797279 1640626832672 35393
d5269a27fce88623fd7c6d3e2b8015ff446cf72d22ff23d3cfd14ab238abeb9f 1640626873921 1640626900729 26808
14c4092dd6385a33ef8def77aeaa3b72319d65ee97d88bf272b33242b16ee37f 1640626949695 1640626971494 21799
d9d97902997249fb6fe2d53c172098d310e09314b4ecee2b6bed025e7ab35466 1640627017622 1640627053934 36312
6f82317df1d7acbb0f712a5f483f012b9d6a82dee949aed46010334b093f27d4 1640627095335 1640627129344 34009
4f391e15625c1220473306526a82cf81ae7746d193b4a1aec9166265869dc253 1640627170715 1640627209476 38761
d623773f4d69c1d013fab3540e63343203ba613957aa915a2ab53604ffd3b86a 1640627252062 1640627291467 39405
