efc81c3eee2e8664e7702d42e757264433ba37280cda7dd9c81775490d9e53ab 1640625768984 1640625810550 41566
c5a24b8bd04da3eefd37b54dc01a050d8cd8db6e2ee69774741cb2fa8776bf07 1640625851580 1640625888329 36749
7fbfa17930d92632e5330facda3ebfe9ef1c1538cbb9c84985af53004e24dbc3 1640625934016 1640625965195 31179
d43b20bc83b3d5809edd17b100409a50640bde4afdfe93f4986db72d635f2bc0 1640626009402 1640626042374 32972
85059ccbbbf6e26bca58474e97e921b2c87ff5474c9fad9d25d9427f3bb042f9 1640626083515 1640626125230 41715
11f3d35bf75054c04f3062429955431975d696af9d05b0b755114708293908da 1640626167207 1640626194482 27275
2ae788b6ee0197846692565f4b891e1ea012eaf48a9824ce9829c7fc9c1ad9a3 1640626246015 1640626286374 40359
e965efaa28907aeb8719d416d4e34ddbc1c88cf6a56eb14e26a293ca4ff5fe49 1640626328029 1640626372858 44829
e752a1ea0b66d195012337532737339b87899f5c6030ad27f0e4fe376445145f 1640626414528 1640626451992 37464
f24767f2ee87a2b3cede8bbd9aee766bbd842cdd78a53530c3f74b7fadd3a780 1640626493739 1640626529793 36054
c952cab6a9fc24ed6e6a3e5b7c49686ded8340d4e5916812690426ccd36ada06 1640626572865 1640626610653 37788
279094498afc43fced759007641f41a1a90b4b4981fa662efeb9a9022e52fa7d 1640626652136 1640626674385 22249
c1ef6396559bc7d1bf327e5a8d386a87eaa620bf52ea625efb688e3e824dcea1 1640626716043 1640626755930 39887
0d792bd5999331dc7c288c966444535973ce903ad44227be23fa4fcb8bdba031 1640626797279 1640626832585 35306
c916c827f5938e5cb18328b5aebef48881fa190ffce462e06f4713c775ebb4fe 1640626873924 1640626908265 34341
d0a25d9c351937aadcfc5185724938fd5338e7c6de36fb9df60622253b511712 1640626949695 1640626970292 20597
ed256f3a7b7c6f5d8e87099981faebebfbd8f97ca0c18b7f7c3aec3bc022fa27 1640627017622 1640627053873 36251
b3d0bc0a6fca409f574d90918ef3a79076f6a3b84f3d5417eb988153199df8b5 1640627095336 1640627129404 34068
d85bd20c9e4a295197d31812fc498af60fb15f2261ba78855e1e1b0351b9a4f3 1640627170716 1640627210557 39841
784eff52e1b2a4139928a711670c5e94227906b1cc7c4ee33c1f9e11ab4ffcb1 1640627252063 1640627292297 40234
