994ddc26083791cf0993abfb78f50ad62e29f8dd9055a133e40a8d11b8e68a14 1640625768973 1640625810344 41371
12d8430bf43d9b26bfcc928cfa06fc38b40e38bb38874e12f9f35aa70bec7003 1640625851571 1640625891228 39657
98091367fbd6dd7635a5766e7c5915262357ff8a4bcc50e75e4a4cb468c301ec 1640625933999 1640625950674 16675
0ebd28dd74210960942f6df6afa2997cbc336881391e06905a66fbd799835310 1640626009385 1640626033902 24517
79dfbe897033557a5c4416dd7cf2806be3cc091490a331bb6674205becc75d4a 1640626083497 1640626117769 34272
51505d925b95d7b196045f1211fb2f8789809664ae8f44f3c0b6e5d38af7dc9b 1640626167189 1640626204380 37191
e282ec649aeaec09cd2936a205cf27955582acce807f45c3c55044e3e4b19a99 1640626245998 1640626277682 31684
95983ce29faf0f0916b8bf017271c38c4ccbdef882bc5ba3e1b3da3992c46ee9 1640626328012 1640626362790 34778
52ad6bddf7ee2a0458ccad055ad3c1b145116794f9a77bc416a3ecd97efd43a4 1640626414510 1640626438842 24332
ef5d635858ee58667de97dc4f5ec8a7261f7cf08ab88b8a193e3cafa87024a28 1640626493719 1640626519660 25941
b9b8c8e56c43a6da45f7457db864f875fd1c7d102addb87f26e009dfea29c176 1640626572846 1640626597455 24609
6d9debbe642408ec3e215a5e19e16d194e2ee66e4d35d5dd31ca95ad3c0c9d72 1640626652117 1640626669883 17766
1d94e542775146fe29d15f7dcc7b555d1e98d49dd32561b0904cea7082955293 1640626716026 1640626743299 27273
479df2d5dffeb8e4851b019113b99f2d657fc9a686980466574a75d4273c51e0 1640626797260 1640626831906 34646
41343c185c576af74a8ac5bfb506f5a497b1eab968d74b7cf0f1f391e0354de3 1640626873903 1640626900755 26852
af013eb34a70b85cc983cbee6e8d41cda3d5054963490e7972b5debc70f69438 1640626949678 1640626966694 17016
1b3eec412c5a9aab0b19c99896185e2c3292d27754a5ee1b8a38347e28ae77f3 1640627017603 1640627051639 34036
2aa73d12ac76cc06dd15b4dcb3563d02f1b18ad71825d27c9b29061d1f1b5eb5 1640627095318 1640627118985 23667
1976f038bba81846753a6b60d81888998c45c7b3e2239f420b648afcc5a0c279 1640627170697 1640627208347 37650
779bc1db8c50b291c7b0b8cb4e41eab91e8c0e08bb9749080c7a32f1e29cea8c 1640627252044 1640627285887 33843
