8ce237d9537c32302aebc21e7227a6c84363f2482825030160d9b72ed6c329c6 1640625768964 1640625788035 19071
d54be7957f030206d3c399d0c8ffaf966d0711d206f240af34e87c38ee487d7b 1640625851562 1640625876657 25095
2d6bfc338c08ca0c262f7c158e7e3b86988e36e885d11c8d1b820579f5cfa684 1640625933996 1640625952653 18657
5cf0cada29fba0e407639a94107d06f8d70c75636929ed1648645045e1e22046 1640626009382 1640626033216 23834
1e2dbd8f45d0cd748261b6d2f25a76b92e22b15fa8a0a41ad4b9a4ee628f2f45 1640626083494 1640626106810 23316
d6764040f719e11cbe111a81780094cc1c35f0bee18aa5acf8cbcf59bfdbbeee 1640626167187 1640626188684 21497
5c7880429763bf3a2aadb1a0d57aa565b7bd0e47ca29beb4278f66101da06f0d 1640626245995 1640626273447 27452
2652185d16b52000d8f7de7a2bf4ced4991b4c278c660e98a3118b3ff237a994 1640626328009 1640626357245 29236
e4cee66b59b3e12407061ff389dba56b6e434959e16ec86bbdf8ca0b56b2b157 1640626414507 1640626440753 26246
6a15e163270f7c5802dd20e0ff37e71c7b96416151bc22045f8b398e4128e48a 1640626493717 1640626527192 33475
e09b0e550a61e4ae380314614146cbb292cd2d9712cbf687511b34700f7f3c39 1640626572844 1640626594716 21872
9934bd931fa7f15fc5110a93f54e4807f80b5dfbf10810997e724a2ca12e564f 1640626652111 1640626659084 6973
e450191b1ce1176222441685f16b39540e883d6723cb72a1b6876a9f6019f625 1640626716023 1640626743859 27836
4c4f4a5a4c22b8c281d5eebd041e7696b35b3ee1c8d120b93c7f53e91149aa50 1640626797258 1640626817229 19971
7d9891ac085e6f4fad243cc85a44c56e4d156e69e135780b3c0ec34e54d0f1a4 1640626873900 1640626898214 24314
7ab2bbbbd8a85f27972996fd01ce1b9b36849e5782b7846683d13bbfff429551 1640626949675 1640626967258 17583
a95b97fe9ec5ef7e0a0dfab70f43179958682a9a0676d8cdd3453f453350e580 1640627017601 1640627035605 18004
a6fb70a3e3b7242486c72870b6a85d3ca2163576cfcde444e4364ac28ea90c90 1640627095315 1640627115075 19760
4622cf1f5b76f942a668517ec0967b187953ea3cdc3adf60fd609d735023f29b 1640627170695 1640627199933 29238
27df9d11a6d1fc41bd46550e72f6f816852d5a1238e9c497199e674d5912b0d2 1640627252041 1640627264946 12905
