4c90f7359272d5f496e24c297a86e3fe78f14f1468804ad8ff46e023f52fdc74 1640625768978 1640625810431 41453
29b763afcdeeae6916b502905c287d5ead2aedd78b8bc20cd0e6fa0b9f3d16ab 1640625851576 1640625890793 39217
c451f85664345c21da62ff5392072a509254f60ee42dc6a42ad5c072207e0147 1640625934012 1640625952746 18734
21aa840930e8a827342fc8d4d9229714aab1e1f0bd94b43cb0264beeed2a3162 1640626009397 1640626042365 32968
c59ff0d767b846b1c703c9425eb7e9f234e529967b48aa898ccc610bc956c42c 1640626083510 1640626120675 37165
60500adf6908d87b3d049921da26691ce27270a179bbd951e7924209d1710911 1640626167202 1640626204446 37244
7480a28afee59b0dc13028dc4ce37cff45d6c97810a0478b35fe72f46b7e41aa 1640626246011 1640626280065 34054
cbcfc490a4d923170c6597a1f24d0215d5d21be41fde6951c80db728f85ea127 1640626328025 1640626373008 44983
d1673bca6ca92dc5f2e0ba1dc9c817eddda034cd451bb378d38e533ffe1039e5 1640626414517 1640626452150 37633
87a2f247603ca16e850ccfd269aee029ca5bae394c80d2956b4bdbc15d5042d8 1640626493727 1640626529055 35328
2e0dc8eecc5bccb6f1f5b36f6cb31f6766f4fb0b53cca8a5652a9c7e9e078b59 1640626572854 1640626610535 37681
840730f9633422acc477c28d43590760c0c27e74eb17239047bfbabe8ef35c61 1640626652124 1640626674496 22372
56778ad1d64f1a1eaa47c2cc5149ba9614992f4b7da2e9502993aaba45e7d869 1640626716034 1640626755938 39904
8bf861e3b2a5ef37c7fc082bcff60ec1f4dc2f5d0cb4dcd5beb1233393c0abf6 1640626797267 1640626832586 35319
da7a94a2ac17bac4d0e6926b7f965e78b0c65f630b7ed5294b7f5d7c891bbe83 1640626873911 1640626907952 34041
44f0c2d48b561ba47bc889cac062cc72822c7cd17c497dd540adf52ae0ce0a43 1640626949684 1640626970724 21040
ba5607cfe941f6a3b263bd2c7b26e5b85fabccda045832754ed898164bd1421b 1640627017610 1640627053873 36263
c38aac3124ba151cbbc84c23e01e9dbeb3357883b98404bee389e3f0f572b93e 1640627095324 1640627129319 33995
3045b986057c2b653341a80f90c025fd531fdb8dbffa18f7e4f9b09a26c23c53 1640627170705 1640627196931 26226
39ca9034104df1d185c896e298f46d9136bf156063272d4688eab4c0188cde83 1640627252051 1640627293336 41285
