6b5a5722c2242330b9a839b62cb972b1dbf21bc1938067ca9ab1fb1cd80f272b 1640715482711 1640715488331 5620
d40ae0c3174d5992e128fff48c711e9a15525fb1e23089e03a382af1c03d87dc 1640715578045 1640715582570 4525
1543379a5e8ae903d8e3ede71e9a3499891f74eec7bf8db92ab20f486f932edd 1640715672906 1640715677338 4432
4a007a6071262779f027460e3ba585f82b06aec820f4280646983617796126e9 1640715767765 1640715772846 5081
87c030d8628df513a256fb7f90ae5aee6833695011b60361ed2f8d91b88adb01 1640715862375 1640715867642 5267
2f6ce84c5b416a13ede346432de0d8e831539772a408f4a3587dfa28d8f9d8a6 1640715957640 1640715962247 4607
5f1e230b1493f680ba977325496c18f1201406f4773b2867c5623dd5aec8ca2e 1640716052604 1640716056573 3969
dec2f3453245b21631015a488e644da03d83978fac5d1f73c953563f6a150a84 1640716147241 1640716152643 5402
38a49a7f8f01b566c09afaa9eb2c499572f13067615ffa122df93bcef3832f0b 1640716242439 1640716246468 4029
e2d771bf1e71c00e70986eb63a70e771cce35ea272460fc9a88c60647d0ef46d 1640716337651 1640716342114 4463
83245bc88957154d6387d6d1135f83205f4470fe81f83817375f49e88346a560 1640716433334 1640716439092 5758
c6b096bcda3d9d0f388550a0ece4ca8612cc85d6cbdfe32fd3af62f43fd57c4e 1640716529277 1640716534288 5011
ce7ba001aa6d3b8ec46aee04e25fd896ab43fa8ed87da52b4c1744949bcd7756 1640716624395 1640716630368 5973
c8da3d3312184e32d59ece0904faeffe133ea6fef1117b5dc4ef9a55c87f06b8 1640716719972 1640716723731 3759
3bb2b005bb4356385239d3569eb2852767772bf30dd1d0764075aae2b7dbd0c8 1640716815212 1640716822331 7119
47dba1aad104250a1a0e41cc78782841b41a592dada4011a733952b017eaea47 1640716911622 1640716917252 5630
2920f527cb6db6848c3d59ca2858b6caa4e6ad5a12ad9bcd795e9461e58176ab 1640717006960 1640717009829 2869
934e5dc6a2518d9a023cfeef5787f23654bf0b65ddf1046a1c009b812e49e8c9 1640717101525 1640717106740 5215
b32a4059fae18b45d829b329cc464f3c82b154cfe87012c054d71ceef58d980e 1640717196169 1640717198439 2270
f41c05a1d65afeae011973decfdb0a88e8641259cf7b529b6c54a774a0662024 1640717293029 1640717298306 5277
