e77cdeda8a65b9337f4016217db341789abe3d7de708e13ec635d92959efd352 1640715482732 1640715488469 5737
ed2ebe23d164ad89cefbd913326760f1eb953f52fea4adb9154a925ffe7570d0 1640715578064 1640715582979 4915
cc91e70186b92eff1215be61f7aaf95268eca3481cdf37a6b6e647aa26c2ea4a 1640715672925 1640715678348 5423
d7d861fb70bd2c0541e485db3c272c5a8e3174284321e6739f66913304dbc8ad 1640715767787 1640715771513 3726
a829f96a2ec662557dd921a704e973abbe8ec12eb74179860fee13d4ab196138 1640715862394 1640715867947 5553
299c820b39fdacd4e0ce66ba49e42faa2c49a6bb9459e8080c19eef1aac2052f 1640715957668 1640715962926 5258
c07d56fca37bdc8707f9c0149b3e8e9b5726eaad38718c5382bc3fa8548b390e 1640716052631 1640716058175 5544
cbddfe3027a877d8009d71017ad96beee8e88edee43e3de83477f8d668ec8e4c 1640716147265 1640716152763 5498
a2195bfa56c490f97f92b36551084695d61fa42444c00ba634d1ac7039c274df 1640716242462 1640716248323 5861
f19e11292712f9b168c2fad410557592ca93c0ee4723fc1fb622c41bc9020054 1640716337680 1640716342657 4977
8974c31f913ee6a9734c7181a40fbe6651844aabab16a7162d3b501836bce0f5 1640716433359 1640716438452 5093
18cdfa5f09c860ad4117459db7c11d155b6263e5c32a9f381b2393fd59a4615b 1640716529302 1640716534753 5451
6740171a0907944049448e6e341c719fc3868bcdaccdef77fa10f5300da47f31 1640716624415 1640716630266 5851
e3e51769bc87dc1ac007238c495a40746d5dfce89d7156bfc28e98e5c83d5874 1640716719996 1640716725208 5212
ad37181f604f10b605fcd86cc0e7943031eace710aa703e77a8abf17c661257a 1640716815235 1640716822339 7104
7a457feee26904c48e602f7da3107076849b67802be8ea8e50cab5cc021a4359 1640716911650 1640716917366 5716
ca3c62cc343af07ab5e528204180131f47d0e94d659ff651ad8a9bfb4bf2b9d6 1640717006983 1640717012189 5206
0d85858db81f7093d1c047be358f895f643dac21be80b5c0c5957caa276bedf3 1640717101553 1640717107447 5894
3d129e4243788a5584ae5d91a46b5e90605471fe31653aa22592a041a46c419a 1640717196196 1640717203455 7259
0cee97a8a79fe5b14cdecb45b3caf5a820f675da36b925bd070088c19e9cd7d2 1640717293057 1640717296699 3642
