d9a262477ec66a790607cc42a5226b85b308b8e33c7b42086547ab8dfce0fa0a 1640715482691 1640715483123 432
456773ee5081d1f97db09c5e55ec905f6b347aadbdcf31df5740bcfa5899a71c 1640715578024 1640715579300 1276
e43952ca2d6104201d2b8480f0d6f464ccbb654bfc371e7a25f580c6193dfc36 1640715672883 1640715673803 920
c2afaa81cf5bb8fe42063f02d88e686a6a18a1656d1f709f8a3b8ec57258497a 1640715767745 1640715768322 577
7f39d9506dd71fceec9d2b0f8b217f77d32ac80b5300487b4ea5670c9da45c7a 1640715862348 1640715862863 515
f00f440caf0cb9b116439eb8ad399b9fb0870bca335c16885e982a20a0992074 1640715957619 1640715958837 1218
3179f6ede3397fab633c73cedcd544a3cf52ac6c1dc4e4ea2f3f80dfc906b75d 1640716052578 1640716053169 591
3619a9e90675d331f612172f0d815c72a995f5bb32f719a19346941ca1ecd369 1640716147216 1640716147841 625
f4150ddceb321cee64d77afd14f72875a0fcd09eb042f1b5ff554c755f9061a2 1640716242415 1640716243386 971
4446b0b839a83202bba80b25a39e19908763de5f7048a99c31bb48b189ee542b 1640716337628 1640716338538 910
840091e0acab4ae6fa8d37a6a62d513dfc6f534cf50004a0e954728ca464d4db 1640716433308 1640716434053 745
5edceb76affa0791c03a430e2cbabc3ad483e1fc1f2fd3b67bc654aa0afbce76 1640716529249 1640716530012 763
e5d0b79c9754c9ddd195c140937ceb72e098a952d4a216485402cc9b12a005e1 1640716624368 1640716625217 849
907a563b3cde15dd09898e46a620bc5ff4a30e476f063c001c2a9ea12f9d25a7 1640716719946 1640716721562 1616
32191b15eb37fe7ef416b3b0f936a83020cc76ce0d7907f7f7817da65247c7cf 1640716815184 1640716816510 1326
eeb438fc50867c1e556fcf01b60c362d2fea1f14d11f22b9a1808d8d5439a242 1640716911598 1640716912215 617
1272bd4594a8684bd579d27e87f920b6bab1f033d0f99372dd4396de4de8ef8c 1640717006934 1640717007516 582
fb9f568b7613e9b9580d8544fd2cedd8a8cce8510c3a01098b977c13c0a84434 1640717101498 1640717102561 1063
44d9b2b1de6fbaaaf3217865fdcfa07a1be94a95fab67cafb6ef5f6e0bd3b3e7 1640717196142 1640717197190 1048
1a153e71e298ac46d693fa91c8eb468c7aecc594e42fcc3a424ba043580bd35a 1640717293001 1640717293822 821
