241f8268915cdf6c96f6e6e47fc6fbcd1375e7da6c7f050577570ea8a85e4e19 1640352609941 1640352732264 122323
f6deea7162192bfaf3b5dc670859412d8597117a69ac80b395ce650e0afba6a2 1640352872236 1640352974300 102064
de00c447ecd6810c2fedf778c564b8c242798a5a2380030a393eacf4467c03a5 1640353157032 1640353292889 135857
bf83424cbe838b903e606d26f1a79cf10a252874cd664f1415addacf8379dc8d 1640353450812 1640353559461 108649
232a1319ea9e3edd675274e4aa9eb02874077ae8e5e485e8b6d0816a53527902 1640353744855 1640353863842 118987
7cafb2b81d5aa84abf79380c3a5b8fe2b24c3bf0c0819748bc2d247bec9f8979 1640354036936 1640354150295 113359
9610cd9620fa8c2c49d72764b60e8b81ebb67f0f026f4939da2bf779d422cf28 1640354331161 1640354429104 97943
d4ac517d88a096c77394d97852dd048f21b29478666ecef122e4cba43ca9f3cf 1640354624644 1640354728801 104157
98daf9ebeffb19af45f4aadbbbe50188ea1392a0bdcd6eb76a7fa6df4805b5e8 1640354927448 1640355064038 136590
b02d32b98f09b5cf44a560f8625286289bad7598a42ddde27168f5c9a9a0f298 1640355211407 1640355367570 156163
6dd23e7cd01ef3d457ba1965d505adf019953c58b370f12895dcdc2bd1ca42d2 1640355507077 1640355627622 120545
b9943ec4feb8dcf218a4b870faa379240b09fa3c074855c2ce39c4b1749e3b57 1640355803064 1640355955018 151954
1142a6ee7ecf15d8d1cd7443f7e332252c462190f64aea7d90435a136a66e507 1640356098546 1640356233870 135324
7c0ec5e162347f68839ce5b79cf61f6e7a42aa82af738d58af77ca804d0790d9 1640356393650 1640356513155 119505
3ec9f01665ac286c2918fcf245a661518e8ba1173a5f3277e99ef39e98d6d75a 1640356702003 1640356828930 126927
df8540973216c6600964b66f0c5e4413bae8802e34b7d19e9cf6b34ba0f9844b 1640356977779 1640357109018 131239
aff40910ffb0ed5d5f243a6a94bf6339da3484f68d4dc9880c32fd2c3d782d21 1640357272551 1640357378074 105523
264260e2b5a49be946ce2b69f7170ea036f807bcc496b998c9f6ed692fe9b960 1640357570140 1640357712543 142403
bfc581e879611395462c0d0487afb523d5de8a84a7b2e1979f302f9c019c1806 1640357867275 1640357986622 119347
19430ee1e9f8fb43a8e4900193c24e4b058164d8f8b5249bc5dc20c10d0e1c68 1640358165350 1640358275082 109732
