fb339d3d862ca75799d93317a440f62bcfc876951c9138944b7c3df805cc0424 1640352609915 1640352669690 59775
4e63ba741fe3ff9ea53d1dedd43e565d2f149bf0a247076a7bdfa36758ae96b0 1640352872198 1640352899438 27240
34ff1917657c3ffe6a7c744155f9d3dbbef5cacaebcfd3fdef6043ea2b5701a3 1640353156991 1640353178635 21644
b736065bee5b289bd30e63ab6ad9d74341cf0c4f4b9c3bdc0c29bba9cc6cd8ec 1640353450774 1640353478749 27975
541845f5f49e7d2e7e9bb86fa0428185829b7f7bc2190ba95650698498c49eb2 1640353744815 1640353758991 14176
c036f4652a0d4816b9da4ab649c6b33ad0f5440b89f2bb4c4b99c9ae7defcf46 1640354036893 1640354055477 18584
9879f998bd4d571289e9df1af7c2dd9e1e216ecf4100eb0ac9f9b432e14cec97 1640354331117 1640354357439 26322
858e8b10b9a7f492ea3ccec34f8c97d02e55272bf70243677800566d50584e32 1640354624606 1640354645793 21187
33a5a56590722c5e91184947b071ce6d1c91678e9dfcef6de219530e6c051160 1640354927394 1640354951173 23779
4ccec3e955f355611ea169ea630c20eba5d591ff8031f36928b6ae514f2b48b3 1640355211360 1640355247522 36162
281b7693d8cc6b11275843c22294e3e971d0019b306c445aa65ed9f768c32e17 1640355507029 1640355526227 19198
1b2a385666378805366a06103d894eef2f5d76e6b76afc57c11b3a8c6d59d57e 1640355803018 1640355823512 20494
b8b66cf8a15ea794622c2609fca9946f91c43056e916c4aace26a68001ec06e5 1640356098500 1640356116501 18001
e25590f1462bdc58fb78d751219db255cd4af9c0c823f2c42a2d0d4fc1a1cb74 1640356393597 1640356410389 16792
b68f6e2c0da8d4a483ace3e6a72795bd70ee33e37e1520dfbd7f6a942c403fd6 1640356701954 1640356724457 22503
8e80777156fe3b2d2a201f587dbbc20e518273dc33b74006034bc0ed83f17281 1640356977730 1640356997087 19357
c8588a2684b3b9f93b80317ad02a92e8a69dc55b924cf3171baee8bdb68cc612 1640357272501 1640357291280 18779
2e5dc0c546de221c4b1bfaa613a15f948ed1c06ca16a4f2b2933174bde8f8735 1640357570093 1640357591925 21832
5c03ac5aa4c5a59f57e160dce34fdfd8c6c5760ef9dadc31407a86359cdae255 1640357867227 1640357889528 22301
cdfbe23a6b33f315ed8a282436e0d2b5c6c630e8a8eaa91c884a2cdf7e38b526 1640358165300 1640358183587 18287
