6018ee2202ca913ef5b5a6de53217044e40a400c1266e5d556433ec7da36fbfd 1640352609919 1640352707116 97197
ab9a9a490fa21e6ca953bc254e687ad1c3ab32f288a712033c7b129ab16dc660 1640352872202 1640352910562 38360
43041580fb128a72a505951f1a1015124188e71234b000da253172d5f0310665 1640353156995 1640353189607 32612
61c3c7f0bafd87f302240641ff74dab30ef9fed65c6325830d3b570e6d81cd81 1640353450778 1640353476196 25418
35387c6998d4e596575dbd4334e6fb8ff9f0900134dd962e1ef840c22c3c8e78 1640353744819 1640353779259 34440
5615c8f95ebe88757973a7541590b8ac38be5f9675fe4a167128e4d92d68ffb4 1640354036898 1640354074170 37272
c1b375dabbdc645ec4e523d9e5b30492777cac498bdfb8dd0450c34e0775b1f7 1640354331124 1640354356791 25667
30849556d6e41e3adb4f0dc6b2707f756b4bbc748336c4f165df4b3069a9ab72 1640354624611 1640354652183 27572
1b6f157d33ac6420e23655817bf1b89169b9a3197ca5ecfdc0c97a0725610872 1640354927399 1640354958269 30870
7fd65964687f6a732a7c9e7557888ed619e9fd360e902f2fd8abe8a7b756ba5c 1640355211365 1640355236427 25062
31f87ab41658d0339c6f2548f01ed26fbbc678a079702e5b292a5413983fe603 1640355507034 1640355539713 32679
074a3fb4b01a9ec2f50678933bc6fafb6d073ccd05a1527efa2823d19fc6d4ea 1640355803023 1640355833154 30131
00ba958477887eadcc7fb7adb2870a7c2798492de01c1d876930055bf27b51a8 1640356098507 1640356127981 29474
c56a1cbb8226eae958c9ae9b83daf3bdd7e75d5bdaaf146adad39b37e9ab68a8 1640356393603 1640356430455 36852
1c2345e14dde3dc464bafd127b9e013d7de6fcb1eea9fb0b02a8dc8e08d5de87 1640356701960 1640356735436 33476
68549e923188560653eb78a40e4a64ada18b3fe10f475aaf24beb3cee427ffa9 1640356977738 1640357018162 40424
72a21c4cead0cc0d1054c6162f844d58702f420c128cedd5f97558b7b156a335 1640357272508 1640357322557 50049
ceee42242a42ef10a0ef2147a92a0d6c62a153ba1212d11bc413a27d40d868eb 1640357570102 1640357600956 30854
eb01d6680493f13c746a3cf38178f32357b603595e4336bebd257225987a2ccf 1640357867236 1640357907511 40275
c11671f8536f86e9a855fabe0638f948f8a6a64c21136c83699423286277dc8a 1640358165308 1640358197883 32575
