10cc3140f78c4dec997c6872b93a9ddc3970cb25f32661425232d606d048f486 1640352609920 1640352631586 21666
603b86be0d724b319f9a1dc7b34c51111d8cb048c33dde943c5560cc9e4578d8 1640352872203 1640352905907 33704
f9e4389c6a1ddcd1763945f72264551b9309748fbe8506cad226d8ac93065570 1640353156996 1640353193560 36564
294c507a91bfa24fcea3804bb4f0bfc9a93e498e1a08e8a272755e97a909cd60 1640353450779 1640353485900 35121
211b9468c311ebe443c50ffd1d48c82d429f2dc0c3f70ba25a69d073ce111d76 1640353744819 1640353780566 35747
f896b9d9306b8048130e25e12cc9cc9a1e740853362086e4ecec42cf924c827a 1640354036899 1640354074829 37930
b9133ef974b4773b82eb2677d8792e7305774f54d37c3f15dc7a1c3009d9d8be 1640354331126 1640354367222 36096
89e4497f48368431cc5178f98ee7720893da54b0b696ef67ff1e2b706b5ed9eb 1640354624611 1640354654122 29511
7c134d3d9ff125e993528e9977b50442546fe7a66727eb57302a98c6acfe30b5 1640354927400 1640354962248 34848
05d2421270b37cdedeb00bb13a69ecf2420cde6befa09bb71892763ced35dc0c 1640355211367 1640355244881 33514
3efa079035f09cb4f65182481e9c07c3e97d94b30ec11348cef4a37425d4bf9f 1640355507035 1640355541648 34613
12f5f3e75fdba143353580d453fb1fcf8bb6ea4aaf562ad7e5e967f0ab3a0b18 1640355803024 1640355839784 36760
0a7f31cf23085da43c1dcaba6a36004040f37a2ce1c8a382137ce4cd0dadcda5 1640356098508 1640356129942 31434
b131946ba13fe1b5d5b538d3801ea3ba6bba647c60ded5612effb89d0f9e3739 1640356393603 1640356431804 38201
6097430f3cd58a0fee18ed7430c29e645149033b8d8e1951c1cc7846da347007 1640356701967 1640356744105 42138
d5c0ecf86147412630a165572e5a645536d00b5809bd3b3fa366769eeea00afc 1640356977743 1640357039154 61411
82eacecb3835dfe4889630aced45e4bd923a70f5b07e0861630c8e1ee5cb4606 1640357272509 1640357305621 33112
99fa33c05993cdfdf219a7f3112a518d1fdc48098510f8742b0ec873c261b4c5 1640357570101 1640357604278 34177
07dbe194affee6f761c0af6187205c9982e25bf8589b89cf21863645183c57fe 1640357867235 1640357905465 38230
8511c2a2a8d27326d3e346e27c6e3ae2104ca7b79b65bc09554f72df588a1532 1640358165308 1640358203893 38585
