7e9f4a7a6fb0468ced4e07e76f01e02d1c8ea249058f298757d6f8d545ebe843 1640352609917 1640352700080 90163
96ca031be9857ef64b61dab1b00a6349cfdecbef42fe6584909b6fe839b9907b 1640352872200 1640352897522 25322
0fcd5c9b114c2eb3c213f831905ab60d4f50d70e859514662717e82d444f6968 1640353156993 1640353186366 29373
c9a75cfb9656cdeeb09a0f1e0d09dffe806587fca8defae3b8e1d7904f045a75 1640353450776 1640353476833 26057
8714f3904ebd23bec3d4e26828553e77d17654607203947668a20e58179a28cd 1640353744817 1640353763293 18476
c930693f7e5b996ec2206e176b644b620df6f264a4693b0cfee1e7dad470a5e5 1640354036896 1640354061813 24917
cc99a2e4825784d19af868e9518724a38e166d3ca87adc422908e1e5e8b56129 1640354331120 1640354356154 25034
f5c2c516182be1d982638c141bc8b703ba90dc6b729c1a675805c5fefc031f73 1640354624609 1640354645167 20558
17983e33b10fa315f4e49a64135cd250442d9c19e4ba8919e760dab9ce82856b 1640354927397 1640354948586 21189
dfb8ea6fbfaf258443dc4225acde1e8a9b6a067648e2589d407922b63c495a5f 1640355211364 1640355240297 28933
bc987154c93733e5e389171fdc8905929b6aa62dabb0e449e02a8ecff921a996 1640355507034 1640355547842 40808
8e30cc0559eaeb75383778f55907c4831890d1201fae09e05abed609f0c77d37 1640355803020 1640355829890 26870
5b1105343229351d86f7f15dfa794c37b57eb3c78ff321c95e8443226a1ff00d 1640356098504 1640356120295 21791
b220688fa8ea1c537191e626f41149248add117ce9c4224462f7326d02c83f5d 1640356393601 1640356425139 31538
fcf2b921a2612528f00dc06060757014d0ecf9ce31ab6a3c7ea60adf903bcc52 1640356701957 1640356730219 28262
318a794be7adbb4d6e80cd26c4ff1c9d84579c407d7b5aa806e9d506545def96 1640356977734 1640357008724 30990
0a25ce6f6a31a75728a6a3a096e8dfca8b96675f2d2ffc8fecadad757d6ef1ed 1640357272505 1640357300967 28462
0c75c706d26b7778d0afdb8815c89b4f9eb636a8002dee8a148cddca7e67951e 1640357570097 1640357603600 33503
13f9af74cc06d3a06e48ee7c9a01e7a0ea75bbb5927a2936a2b153f806b7c53f 1640357867232 1640357897486 30254
399c3f9c0bdc0ee582dc4c6444fd928aa4c13004df9788024ec59815a75d908f 1640358165304 1640358192614 27310
