dba0f21ff219480f4162fa4a8014081ad2b26c07145ff6d895b6c4c428b9e96d 1640352609983 1640352734831 124848
5dbcf754b3e3ba631dde001d4e1db93a5f49086353cac3ea27fe4ee97ea0ad0f 1640352872278 1640353108002 235724
57177aaf1594e4635e6df71f319b1e65f066f659fe0b17a1311603905223847e 1640353157072 1640353399401 242329
697303c339c53af3d2b107fa5ea127a59b3369233391bfdfd0be704a1400f09d 1640353450866 1640353684626 233760
fd47374f4c0c4c4171ae5a0af8d485fad3486bb728ad9aa3bb76704f453609e3 1640353744898 1640353962137 217239
40da100d20c8314d94eb8f57c14547a5c433e8d4c7bb3fda31fa3527f99243f5 1640354036984 1640354270786 233802
1d722bd678a0b21ddc58df0a1921fcb92227816b0777747ea7acce7d5d33d39b 1640354331216 1640354573336 242120
2a436e450d950f23bc289054a49edf39b43a48d545a19754c858eb15b28814e8 1640354624687 1640354856725 232038
1e4785446515e8bc475586b620f16705692eff4cd6d716b31bc46cced9545246 1640354927485 1640355140032 212547
f9221628324ab9a5394476d6e663de7d8da3d9db31854a055eeffb0cec6bb9fa 1640355211445 1640355422599 211154
72a59981aca2dbe07b0437a0d9f75e962563e2730a337c74bb1deb06d737c3bf 1640355507124 1640355743018 235894
3fbc0b5c3755f24dada6d388e89bae251982def9ccecfd5b732e5a32083fa468 1640355803103 1640356044330 241227
4be5a780666d39afbd6f7d27d1e91d55b7b34a6ead6252aa18b485ac0deb76ed 1640356098596 1640356306012 207416
af5bce8eba4e00ac81d5a53cc49db50a51ebbeccde9a1b6b87fd4e3368b832c4 1640356393690 1640356663296 269606
edb47df78614038323f6f9f2bd75b1df4b57b2c77393f0d923e4e0a0ac6daeb3 1640356702050 1640356913222 211172
fc121ea90e128f721fa92c2db7de2783e153d33b51c0adb0805f041716a28638 1640356977815 1640357217096 239281
511e071eb784a0820177ea816d889468f621a9fa351ddcb5c7445e99b11639a8 1640357272648 1640357510037 237389
089bd916e9742710087c4c438163fe3ca06ac1896d3bdaa96520f61f33556f8d 1640357570202 1640357813486 243284
bb112b576d65b47ab66a5efa094194fc2312c12810b1d12008569ccc930f1400 1640357867334 1640358102433 235099
a7840b488bca32e6c12e0dd28df85db1c97d07f1572dec86a59712e52beaf420 1640358165397 1640358374566 209169
