1e231084f7e13de026540a2c8242ceb4a86dbe32476718a06727af9e54d2de7c 1640352609927 1640352714290 104363
576a9033b9606b13e001ceb709d17be13016088258fe6172609fb26299af745e 1640352872211 1640352922785 50574
39c4241793cb0242aeec1b7d6005bff5f0e08d29e8673c0d72161813046605c3 1640353157006 1640353199531 42525
cbdcfc464b7fd22dd36357a36f7371cd2a0afec2bee48491352235056d108dad 1640353450786 1640353502802 52016
b6bbf527d19e94788527b4a148249269793e96c7b7ab054e4ff3b4490a475d55 1640353744830 1640353796746 51916
993c6bcd1876cb20a1c91d27336513901cef6bc346059caada228b142fe2cb33 1640354036909 1640354091154 54245
4c085429f1791b59cb85f40c237bc9e6d6f4f520b02b67d277dcc97041c064a8 1640354331134 1640354387055 55921
88328a1b66645d323007b16acbc65d3934fc889913239bdf04f95fa1d7a31e6e 1640354624620 1640354680544 55924
dd9a6578ab77cdeefc20c0fe6f09ec29edcf823e68a5f858e46e72d4b52b3545 1640354927409 1640354989913 62504
b261afbbbf235ca015f5ec3855c9211dbb95a35dd73650d88e61edda039465c9 1640355211384 1640355284016 72632
db3448064832af2b49ba6b76f0a31eadf0d0d873cf89e3a0098d95e7b4c56ab1 1640355507047 1640355564392 57345
74c5a2d1bbba53da925e14c1572b4efcef67d64824271728d6a085c465e86b63 1640355803033 1640355861255 58222
4cae33ac12e8d1f6dd27471c2bd067ea0a7dbf99738f28871cebf4961d341e28 1640356098519 1640356152478 53959
6a9c32a1ade8e6b64f959318065d8e527eed8a5282c82a26c8f63d809d8b7fc0 1640356393616 1640356455376 61760
81e7abfca6eafee4618a0bd84cce4a3f9ac700ac99a7f062b4c703207564b4bd 1640356701976 1640356753689 51713
b0c4f763298335bd7a71816905bb8c2c3e2b46cfd93f1113fb948ea4c5994705 1640356977750 1640357037020 59270
16ed6e3f2093b3afd76dc460012b78c9300b1071c11449827d835db5b549feb3 1640357272517 1640357318423 45906
8ba5289822d630a79c30118cc6ff9a40c70b7bdcbf5d866e9cbfd067ec1f3c2a 1640357570114 1640357619366 49252
23dd4e7106398e37271e36ee8bb59845760d7e76be07577440f66a56047012fd 1640357867246 1640357912985 45739
b76ba790a170310e114b4e9a58af31676e566b3d5187f4993027d9412fffad77 1640358165323 1640358221837 56514
