48f1fcd5639e452bfa6ae685130bc41df4e40b48aaf35423cd83f7226ca6f039 1640352609938 1640352715882 105944
ad6b302c761d78cde82c3a8e947b9b690097146a4d5caafdbeefab68a4193f5f 1640352872235 1640352981562 109327
c6fda5326b3af601ce533961149d189ae3168423bb186577563fd045b4ff6c4a 1640353157023 1640353270001 112978
38dc49ff8086c2d7cc8c7e9601205d7d80b555f25cb56bf7ae689e1115893d23 1640353450802 1640353564374 113572
dead8de75461e45eaa815f1a8baa92e33a5b739343e6823cdf77de32bee1c316 1640353744848 1640353851599 106751
afe97ab5a9ca74fc8dcbf95c508655b0c1648d5138c9d486410590610e15d263 1640354036929 1640354137624 100695
c7376fe44f7e99c40c740534b49770ef32a6c71c2f2c056fc53ed8aceeba0434 1640354331153 1640354419592 88439
dcb63c2553bff62bfa020610459a261d0e48428229b8cc6ce4f99c6b4f08cd0f 1640354624642 1640354732028 107386
d3c441ac9d1062660b8f879b9281f28875fa0db4f46d3485beec9e3ee6ae9aef 1640354927431 1640355048783 121352
d31f4f4647127b0f9a6d9c701515146f5f68c8600417ba47cacdcf99cdc32def 1640355211412 1640355355194 143782
3955e7328b5fddb9c06149c8409b7e8463545e4351a650ee00f8943d6e11febc 1640355507069 1640355617866 110797
c9de6f37cf325301a43c7bdbc518bd16c8ba7d3c1d856e0e3dec771f557a46bb 1640355803055 1640355896272 93217
5f11d809f32a53823fc2e410e76c9625a3249544bc9cd218484c19df90b34c1d 1640356098539 1640356195067 96528
5ff1564200eecfa59d1446b7a2e3eaec51279720ce6cbd3d620fa6cb52e77807 1640356393638 1640356486665 93027
9262cdc7eeb3446c3864ddf2d2ff2a3fa964010321b06c6c145b81ef02b582a5 1640356701993 1640356809990 107997
7edf5c10100122375a3a5686601e662ce2fea9a77f151bedca63f2ef1ba87917 1640356977775 1640357093855 116080
1fc76a1cd89ce5fda04adb4d7639a4d3930ba8fb0b32797536854f16bfca453c 1640357272543 1640357372419 99876
8aec8c3116b36940ad9b19653def0df28fbda2b24dd35dec1db81405a66c5126 1640357570141 1640357697927 127786
8ef782586a2531f360ca54a51031dde816dd7a27c88ce2f951aa6caeb0acc2eb 1640357867277 1640357984128 116851
921dfa44438e60c535e8d948445f14a677bff7fbdbcd992ad962c6d07ef7b8a2 1640358165341 1640358264623 99282
