95e8938695a48f5c4f7c3aeafe216f3d8f6019148d4d43ac35a7e1ed0e9cbbf4 1640786548251 1640786551117 2866
84ee47ac1f38be13bf5719758a5f8137325f9a56db0f3160eb185606c079e887 1640786577169 1640786580076 2907
d5d53c79926ae6e49d0cb2859d00365b8555124389c9e1c2ca21a2d6c817cdc8 1640786605534 1640786607778 2244
e32622d9bf1512d66b7ea059f0630ec927b3890186f168a001d1670bc87b97c0 1640786634120 1640786636960 2840
1eb9e91d8ecfb6e47dc43b40a56f8694d3050c3b49321d4030b858f9b1cc2961 1640786663041 1640786665500 2459
9e4eca133b56543a2cbf97063f7e19cab75765831e17eaffc7e4227748e6d837 1640786691970 1640786694515 2545
ece5f9cc24ab668915d28f94f2823b4dee407d7e664b09ce7621e71d14a29303 1640786720857 1640786723372 2515
6b5d722600842cd8c6b5c911e9c9469b2d25434f23046912dbe2526e8eb899fb 1640786749182 1640786751479 2297
2e75b09b7dae72718aa664a5cbf329e2582ff8b7ff411a9261171d49a2fba564 1640786777718 1640786780425 2707
f5b4d168e17c0644a32e4d4a3c38238422ee56d013ea5797ae981b199d5d7be9 1640786806396 1640786809211 2815
92663653e89526b8946abc0fc15d1fe7706ded4b660f7a061bb52a3adab19fc8 1640786834865 1640786837495 2630
521b00cb686a81d48365918c943407af65f8135a36f915953ac461a10f28467d 1640786863214 1640786865854 2640
50a500e295a07d58512156ebccc90cf9942ac68446e52600b0150d4e7d7a172b 1640786891869 1640786894760 2891
69fd4926ebb1e259dc5b783bca6fbacc07dc9b568aa4d44a670ccc1ce372d9c1 1640786920196 1640786923003 2807
4ac560cbaaf79bb6f2cbbcf955e8e19306ed9b0f7c8b4eedf16676be9d268232 1640786948732 1640786951477 2745
416d5195fa006da4c0e9358b92892e7c81b884821f938a602fdaa43e702aad9d 1640786977516 1640786979545 2029
2b6e6e4a1533dcbdadd4f4754cac1e4318ceae6de67329d39275ae98adc62ea2 1640787006430 1640787008835 2405
4aa85a90dec7a67faa7d4e40d55ad0796462dd735a62a222b2818d2c6529c1d7 1640787034743 1640787037152 2409
54a331aa0a41db41a10e4faf0b46eedec904c39a242f3928b9b5a2e99eefc0b7 1640787063168 1640787065909 2741
2bf30a2895d38674672a3a8b8a45c623639eabaa66f670aa364dc5e0d10fca4a 1640787091640 1640787093685 2045
