de52b6ad23a902a35bd022e6d05a9f9927c0ea7075083f463d46519abb05539c 1640786548239 1640786550743 2504
5e99dec509c8c174b02019d8d1ed2e37ee39f1258234a8a1b2dcff3b8bab92fa 1640786577159 1640786579714 2555
65c11e16bf0601ed1a31e6726147febb6832a8ddd98a388b4500355a843bc5e7 1640786605523 1640786608305 2782
e61638c667c77acb6b618d13e32ffd0f9d755e0750d498ddcb348f2b8f56f224 1640786634106 1640786636299 2193
e76cd67175d342fe2b5cab88c32db5622eff7430754b878777dd773317a597c2 1640786663024 1640786666012 2988
049e8efc899e40b7ec8404c4b577d4affc421673edb05eaaf5cfd7dfcbf81a84 1640786691955 1640786694944 2989
d1fa8d15db0f5b4a66b2b42f62e2d3764d0163db4b9ba41902bd42cc022936bf 1640786720850 1640786723609 2759
b85d0df04c004eb0881376b08d0da91c124f8638849051559263d4850ff458dd 1640786749171 1640786751975 2804
6e667ec3f63181846fe06d2b52a730ab938546ff1aaba4f4ed7f34570754ffdc 1640786777706 1640786780551 2845
4c0e9974c937668cbbae2f95b16a458b4f25d844b0582ef21d46e647a2b06643 1640786806382 1640786809321 2939
f7aa59ec14ecc050182a960b3a4519dfe6e1c65f6d636f4fccc9eb518af91e00 1640786834850 1640786837240 2390
f695d7bbb256f3deccde30b11e759c48ff5c12a7441d136ea8eb1a4580bc285e 1640786863197 1640786865896 2699
9cdad98e86b2ba781312ad69f97f29d62676ee5e8d0bd1e9ae4c4eb1d065777c 1640786891853 1640786894704 2851
095e485f90ab7f37dd3227ab824292a0aa8936ad816476e5d3af5ba42c738f75 1640786920185 1640786922573 2388
fbd5ccbc81bb9c55ba66f87eca95ede66445706190e19f7e3e165a7b48604338 1640786948719 1640786951438 2719
641f246bb912acbe272b0eb562cc9049151684c7c90ff3aaa874d3fc24fda102 1640786977503 1640786980022 2519
02c4e2ab5db15c2b2cdabcd77dc23ec682e52d2d7556e42ac69b71f5d9ac29a0 1640787006416 1640787009102 2686
21ab57f7f7cfb471751a2201a17ca17272f379a08f1cd8fbf8d99ed9f53a8c5f 1640787034732 1640787037573 2841
709e93f6ff31e32db099d2bbaf006be4bea33db1ce08593edcd705bad35600a8 1640787063158 1640787065360 2202
0318cf7ae4bf38728175545ba992157e1e3ba469557c17d2d5fdd71284484968 1640787091620 1640787093801 2181
