2fae829d47558473aec8ae755fe3995f89c5b7ab52a2fb3dd77bc95162f05efa 1640786548253 1640786551088 2835
faa9719f6a87a9f0901ea6528380ef908238b4c31f6963d571cbe702c12d6c98 1640786577170 1640786579832 2662
7bd0d9c3f82eba5642f1a4dab6eb104cea4b8bfbe8b66fc6b054e2cb02d9e116 1640786605536 1640786607783 2247
7e70bb3ab71cc220a6d9cfcf29fbfa76e4ffdd8b2e687110e3704914330b73b2 1640786634125 1640786636905 2780
36876161ecc80bf9ecc273ca05e9a324313fc4929cf90b8b4132042d0dba6906 1640786663044 1640786665980 2936
e83392fba682c4a64b2d85f8a612df24ee2ebb11356fe08f49a233359b020342 1640786691970 1640786694857 2887
d6fd2c1d9a64996da79a56f45d2db884bb582a4cd670bcc070bbed474a31b504 1640786720859 1640786723710 2851
dcadaad2e3b734ea80a1cb9cd1e9e4b0f5331ebeeec1843c76374ec1cbd90f37 1640786749186 1640786751515 2329
68e11e662124f44e60952beb8bb38be22f467544977b437a20d2ddd7822e276b 1640786777720 1640786780518 2798
261f302f809a12bb0dbe6f74bb99d24cf4b1dbfd1134dc6614dde96d18b3a21c 1640786806398 1640786809299 2901
30a54075ae2844f6c62bfd9e0ab2a60c474b870e075384a1083f09a467d23255 1640786834869 1640786837651 2782
dd2f74d273eaab53e2edf62cf6c10ff3baaca8e2aedd1f90601ffe577adce636 1640786863217 1640786865343 2126
848a68a50df157124a8d2499234b8d16c68081cda69ee6fc8ab2aebbc3a871b4 1640786891871 1640786894235 2364
6c36641918c89fa52f4aa15d9f6988c72114650b73bf145c32dd668e3e8dedce 1640786920197 1640786922353 2156
be315446d75fbe5b27b9a08dfd3aa23670f5445a9bf0476bf047f8079f53d1c9 1640786948734 1640786951545 2811
c2402cf50af0c05dbe6b4aef8aa1efdbe3d8a86e2998e45694184c98bc2791eb 1640786977518 1640786980010 2492
4964b932ba33c3da6eb2fab82479c3a2ac0284658a13394875f7ade2ff4355a2 1640787006439 1640787008849 2410
b5928ad86b1213e58233f3ac67097773ae5ce2b823a01bffa3f2ed80f276bbf2 1640787034745 1640787037536 2791
0a2d6bc57c04ffd376dbbf7dbd1bf5dd1beb764e692b5d75c9fed6026bd36d72 1640787063171 1640787065801 2630
2adbd218c493259efdab65897027d7636afb08930dce606efdde21d844c7d73a 1640787091646 1640787094304 2658
