f02b4d113fa2b549394e567bf852c3c051f0467705cd02d5701ff4f7a8b6060c 1640786548229 1640786550086 1857
6e4c93fec80ca7013a75ed669f9f2faea51b627e5423ea0a7c72a016479c21c2 1640786577148 1640786579712 2564
342c6d5b3dd8f102aa3985b2a794040c2a9b4ec47f04b7af701bc486cd5b5fdf 1640786605511 1640786608488 2977
a8e3a6427f03b93518f953a050b6f10091f416bfe84314f06c11816513b70489 1640786634095 1640786636364 2269
d66f593ce23b61a5d16b784de08067e6ba333e0e37b2930b41489579a2f6049c 1640786663012 1640786665447 2435
d07745734e6536232fa0993477fd9e8421284cdaa3099a6cebe3bd8960e1796c 1640786691940 1640786694731 2791
a57fd148d7e69f5b73b1af5ee1c31384441e7fb6bbda57fa1d7f66af39b8383f 1640786720836 1640786721255 419
63eb2b2bafc6102a5bf0bd672371dad5b1c3ccade807f525ce2e672de4932757 1640786749156 1640786751665 2509
a571abaf8058d00d445d6dc3290517a8e48f776b1bc0df24bb62cea0a3dca55a 1640786777692 1640786780565 2873
50e1f6a974366ee687cc924c0d8dac02b497feb35e05dba2d9cb02e9b2e18ef8 1640786806367 1640786809215 2848
0f009b096b8667e4db52b79513b5852e580fa623a76b7b15831ae32129796d18 1640786834835 1640786837658 2823
90f0ac699e470332ee5d3a8a9c2145931ef4c3a9fb6603818cd8843b69f31a4d 1640786863183 1640786865298 2115
899a3db4d55d3c80c801b5bf8bc8051c612b6d999a79e4b7cff777cb9b7d97ae 1640786891837 1640786894502 2665
42e0f61e28dd39b709cf1df0912a306ef1e8ffe012ff7eceeda7013b108dd77f 1640786920171 1640786922863 2692
12216b929f01c8182c3a6730101286157a2c8eb208cf07f4bc9bdf9a2ef6ab9b 1640786948706 1640786951034 2328
5d2a40d3a840c513b52224cc9b946a371e373c6afaf7da32fbfdac2901990735 1640786977488 1640786979864 2376
a96cf7a9cf48bf5a0a63859e4fd2fb0a55614991e7e138fea3c01cbbd9e4846f 1640787006400 1640787008655 2255
a3fd4ccd82bb62542ffa106d0bc54c2c396004611031b08b621553df2f39d7e4 1640787034717 1640787037533 2816
0c6de46ae8ef1290900832b796fe4d2720d7ed16501bc54ad40e250764b88609 1640787063141 1640787065785 2644
de2e3360235f949624c5b8e9040acfec7b192c53903fbc4fb53c65584d652e36 1640787091604 1640787094353 2749
