3a059a324ecedd21748ade348922757346fe4063355e5632f2eef09aaa7c7e9a 1640786548275 1640786551148 2873
59e3aeda9396e7d51d2fca1c312f843199c0ca260decfa78a5e53ae662b2733f 1640786577193 1640786580077 2884
8866db39b41be840c12b90ba7007bcea88bc724cba449abeeacc0c9d46c9256f 1640786605575 1640786608500 2925
a228a38741c25fc6584df58cd1f96a9f52207cd53b4d6ba9f49034abbd1a5e29 1640786634157 1640786636330 2173
33ac0b4473b45e58f8b3394e9b3e46f716339d96f161da4bcc84aba587faeb46 1640786663076 1640786665863 2787
48b43ec4f2e188cb41011c49bad21e3309dce3a3725f24496464fd6bfdf8a2e9 1640786691994 1640786694371 2377
a59ac270a741c84445dd2acf3795b41b0cc0b0e853a35aae1b6d04a6a20d8746 1640786720889 1640786722952 2063
3b4d0c521d67052edd521d41c3569e793eee8fd1045e996b8da2a5130299057e 1640786749225 1640786752019 2794
4188eba84b7aee056fb035d974bf08c5969e4ab01a1e138c76337c03da2f43f7 1640786777764 1640786780433 2669
cf192631820a68c6dcd6f45e55f6b1246b54f3ecd79234f2a38dfc9b4ebfebe1 1640786806443 1640786809220 2777
1bd336fcb15822766f173feab298e1181c459f716d1d106c3e5f45ae63ec1a64 1640786834924 1640786837678 2754
76c9b86059f5b177fd6874d4a4c82edf176b22bb52d9adc5c9fc7055be7672b4 1640786863262 1640786865474 2212
cbcbe7eed342ab5fc0e2a5a2f6ca8fa958f0930ed945a06b74d0a79cc97cf810 1640786891910 1640786894666 2756
dcb7ba903a36a8d3efb864c5636c5cfa9ac22d4bb8db6372e7e70bd9fc6b2720 1640786920229 1640786922704 2475
d602fc815be92857c344ce9adc45f14d1fb1d1b2f68bb17840b462c79ad85ca1 1640786948773 1640786951515 2742
25cefe0f453ba358a88b7efaae248e448637ed42dfd2be12e3cc6bd1de8fad2c 1640786977562 1640786980047 2485
6c8612c9563e04cfaf8f3db6a72875d2ead01ee96f4f1d4d245aebccaa493f70 1640787006490 1640787009040 2550
a12beda73ac62ffd02d1d480b33dd3e26bfe69b03a04ad672786fb8444d09f31 1640787034799 1640787037599 2800
2e6050f5773b835e7808f42f7733634648dd4d1853c5173ad9c54ed6e206eb05 1640787063221 1640787065918 2697
dcc8190d7b8e2da7b82fcf736b9cafadeda359f487c822086a95e5c29bf43cd5 1640787091697 1640787094365 2668
