27a45a8daf7f7d7bd6e78a2f6cf68d282311eb123316c749e5e94a264df8aa70 1640441032698 1640441041269 8571
3e55b595a130a4b8eadc1cd9d6c36175260e127d399250e1eb7749f29197f855 1640441088792 1640441098834 10042
ab99ba7e4ef895b7b956bd3630d30d6c64ee3a751a6a1199ca5054e5694829cb 1640441144828 1640441152153 7325
f3f3e859995a7937fd7ab23f03748d75f623a4d09e5f22860b42b7b95542db3e 1640441201067 1640441211444 10377
84a392a14813170a4fa4d23ade547893f7d7f4b9969f8d239aacd9398a06c179 1640441257051 1640441266847 9796
424d24cfad9b9f97ae1c63e38dd37736ec96a4bc754562114405bbc583fda210 1640441313004 1640441323430 10426
6aa789b5b115dad86facc872e1f2ae9fe6de47c7dfc21b4449118a37be3654da 1640441368789 1640441379355 10566
91c3655c369f3f19ddd2772fdddc8f10cf538bfb8b84646da84ab4815a9e6c38 1640441424942 1640441435564 10622
78d608bfa2a823ba37bd6cda3bb910edd9a60b0732e499e30f5ffe8d3543d8db 1640441481349 1640441491604 10255
03d8a5b37d32f6c893e653b253c44c1f1a76e4e79535d9ade13598b1935b1a42 1640441537071 1640441547290 10219
d3e47f3c5a48c0f5063b105c86d09e570500d506fe21aaed7e1b9c137e2f2018 1640441592362 1640441601767 9405
f3a32bd5c6d7ba3cded3347faeda05e15f90740a15708736e4227212a6148f8f 1640441647927 1640441658772 10845
971c81bbe7aec10cdc8a56a01ae609fe50d4bd37f806a5e54dbe906a2f57d1d3 1640441704927 1640441715232 10305
7b10b53a2d141c53bfafb5706f1acbe5d78686204f8a537bb776252db7d590da 1640441760843 1640441769998 9155
8939c7e0fc32a7aed027d12747ac297ccbb5cd325ea86c66ff0d3e539a3d1745 1640441816311 1640441823864 7553
f2ed7f2a6112d0a7938b925eb58bcc7d59bd1cdff39aae67804803761da42b6b 1640441872195 1640441880349 8154
91056f102ad4136f669fcab028537cd422ed7bfcbaf0371bb792093cd6e3ef48 1640441928087 1640441938659 10572
3a9ef35e912753814fd47676d0d321a539586fd0e552403791f9c14e39800f0a 1640441984309 1640441995139 10830
e2bab260db797461f68afcc28df338675be7605f376120fe12258e7afeb3fb69 1640442040684 1640442050193 9509
fa92cb050d20101b00f2dfdc93605a31cc8e84c9fa693ca27b44cbf8d8979a15 1640442096038 1640442106089 10051
2a31f8ad7b79de32d199be0ec1f0520320d29417930bec1770bfa94fac7d4ef6 1640442151612 1640442162285 10673
c1114432ad346fa952974d2b9a0ac4517bc2f9a68525a77fd71695d118ce52e3 1640442207735 1640442218718 10983
ae7a301bba0c3441e3d14c7b4dcbf14ef85008dafc9f064e2be6339bdfe81782 1640442264633 1640442274294 9661
b8db9250b0c3e0d59f991fe5ab9f4616dfaa7effa266637cd1f48ccd8016b5b1 1640442320622 1640442330810 10188
88235ea8825fe7ae2d8cdc000681529fe3c3179961416b49dd273164798f95d0 1640442376723 1640442387113 10390
e017e75d0c28b1fc5d58222df470f6b43843b899b004899d6ba531a47a623135 1640442432960 1640442443071 10111
db34fe0031d643a9695957c09f9900e5cfdf4c1295e4e14f8d50b5dfa9c18c90 1640442488643 1640442496652 8009
e60581b76223e753f2778f37b07f4c6edac3145f4019fe6f5893c10e0fb541d5 1640442544385 1640442552014 7629
8ccee92af72a63e1b96fe556771210f00fd3ef0b4466ab6d42e3bb997b9e5492 1640442600684 1640442611280 10596
b9c9db4f8935a9308c8af2cfbe86c2c72ee65c4ff37fa7dabd104a7ed33e6379 1640442656653 1640442667069 10416
8d6d815ed05722f4cf372874d9bac823f9f142c8bbd890a353cb2b0764d37b6b 1640442712779 1640442722943 10164
2f6d2b56bc5c9337ac4f70385bf04d3a5e897cab705f0163da79be950b75a416 1640442768680 1640442776770 8090
607caf92a28c36e4da443bdb1ab4b78084abe24c1c2f4a83ffb6a5c5b9e4bca8 1640442824942 1640442835597 10655
0f309204e3e56836e988656ab309b9e926f55989fc1fecb64e0854f63f6f92c6 1640442881272 1640442891569 10297
94f124e390dba9616ca3a49bef457ff5e28c781a234c44c4c10b91f6d6839a1d 1640442937567 1640442948165 10598
d03954347c26a0f850ab2f3664dcd10b5bfee7f2b441db27bddbf55a7f5ccb84 1640442993683 1640443004214 10531
6fec2e0871e219e400c0d40ae30e7336470d1f5c1a2bbe13fd998f821fb45203 1640443049884 1640443060270 10386
06c562199bc077072a0063f261d5969143d1321caaabe91e45ede071ff7854f0 1640443105555 1640443115685 10130
cf2b6c36aa4ba4eeb0f6fe052c51878febd91537b6d7646000975cb5ea145264 1640443161364 1640443171694 10330
c70bada13761e4582059e4ef718e83aae054cc3f4b3707868e73aebeed56da2e 1640443217257 1640443227644 10387
47438345ca3bb6829bf3262999fc6177d5ca1e61e37d1bf45803982f70c64688 1640443273023 1640443283037 10014
55ad75205e0215cf665761b5651e84e44c82694c114a11aa2cad567ebfdc61ee 1640443328148 1640443338553 10405
6fc2bf0d2803148c711aab1462504b7438e1bc1c3010ab7af34348deced26409 1640443384033 1640443394718 10685
ac45265b6826f50ebf35ba4e8697a02fd1e304bc4952c228511fd1d89396a189 1640443440575 1640443450803 10228
8bd65ed7eeec9691134bd90c06871f88c8c6fa2f06baaf87e0343c276cc29b4e 1640443496235 1640443506243 10008
aa3eb8f496c2274a3c1f2822299674db2f28813c9a6e91b207a63d17f2f11d05 1640443551631 1640443562132 10501
dd93442ccfd3ed08b1a25327b9b749d59a7c46f041ab29b4524451ec82611148 1640443607557 1640443617727 10170
2f3510d1dc8268dcf4dd89c2f21787773440ee4dc003c692520fc3a62278b39b 1640443663329 1640443671685 8356
4aa59e956b247b28c6d03b3879fc82ebb3864624b68cd165190e2075d88e5c70 1640443719125 1640443728823 9698
a46b79f69fb737ef4da244e1967fed41c76e781a8652e0156338c076c1e0af3e 1640443775158 1640443785622 10464
