d341b7187de9f68a80c9c0e1bab0147f532f1e57e705e719aad949755aeefa2a 1640441032687 1640441042034 9347
4ef8a9aa1db5db49318bc2e1b12a908eee2f98704efaf548b72b08abf21a5e68 1640441088774 1640441098759 9985
9acc4dac054a89ab82cb1355ab3e39eb404c1e9d153eb5895ce29b9edeafef65 1640441144813 1640441154964 10151
f7d0665e46ba469a058836de756fb2208c11c17a04077e28e1bfaa8c620d7d7a 1640441201049 1640441210183 9134
5f6d95e5e16ae98258828943944968c6b4071a984cf5726e0a3176a7a0071ef6 1640441257034 1640441266774 9740
a3c6a6bd1746525b1b4c7cbb41cb0f4cdbb4e41c7d0395013fdbec619474754b 1640441312990 1640441323476 10486
2c1e2da6c9e82e0f516e4936d2fdb55237d95da53beea12320ff77a69b47d9ea 1640441368770 1640441379286 10516
e218b33a62913c85af1ec0c620208209d432c0a50620e585401964fbfbf4efd1 1640441424930 1640441435564 10634
a8dc928b3803d60d71e03c3f7ba34d166744125d5fc18aecd9b1ba90824d9506 1640441481329 1640441491850 10521
6ae28a13d1dae164bce9f712deabb46bf8f9b6bc4b7b3c5542c1754f2d6dc66e 1640441537054 1640441546656 9602
ee77081baf09199518882c7622f5b665b40c70ef93eee91dae976aa9a69e0707 1640441592347 1640441601734 9387
46579a833ae695afa338471af094543aae8655d545293d072d31870bfbef9f1e 1640441647910 1640441658524 10614
ed2fb66a37fa91debcdac5841d9d8deaf86056c1b4e5e0e518031f9e3a811ba1 1640441704910 1640441714274 9364
d11cc590167a0ec4e01177c3fb1ba7a2a279724c9ae7d02a1bdf50e51979e0ef 1640441760825 1640441770889 10064
43375a0d43e0bc75a93c16b492c8ab5bed4b943228c3fdfae141ada6ac0f09a2 1640441816292 1640441826775 10483
c4b2edcb24a40403d184f9d6b3009f05f95ccfabb6e70a5d61bd50b8ee779ee8 1640441872176 1640441882717 10541
98285bbd3b36adce516fd6c1aad1891e61b8909ff9b44a45ba036528abc1bf9e 1640441928067 1640441934963 6896
3be774bd9890d209f98269c1ff6e8c9df804a929b048bf86eb203904308b06ab 1640441984288 1640441992245 7957
71fc8c06a8e9a082c3ce81e009d2a2a9025aca9ce1c0714b2cf2db2c838cab20 1640442040663 1640442050264 9601
b9bec5906f3a88f25f01559b9d5e7d222595e1d94789f1a991631a69589001cf 1640442096018 1640442103354 7336
9bb46d7e5fe4ee548795bf6bbf4f3d323af157b829a9adaea8d421b330e0c1c2 1640442151592 1640442162161 10569
3e52e510cdd0cbcba50d84ecd35e4347e50e15acca3577ccdbc3717d7f840843 1640442207717 1640442218527 10810
2f83203f34c3f207fd15b039fd9c654a263a545df5858e64c32ce640b1d0f343 1640442264612 1640442272448 7836
471e1bb7f6a653ca070ecf2e7b6db1bfec0bd5bbb7e0675b394e65b3fa247e06 1640442320603 1640442330456 9853
bc64042ad1e3a7009580bba63dcfcf8122a812f13614314a79a906bb0b6180c9 1640442376702 1640442384474 7772
ee32f55f8f9f485bba4f3dd941cf40621635ac62b8bf9658afc446052cf711f7 1640442432942 1640442443315 10373
baa337ad070f3b427767fe14de07f09e5a31e944ff4bf8606267f2f8638bf47c 1640442488620 1640442498717 10097
0a36d0c826c55193512b56ff924b56a7cd537a650cf3a4e00e408b66589d5654 1640442544362 1640442552047 7685
95c3416dd211ad827d3800c4f6ebf5c776158aa536c9d8eb684174d1c06717d7 1640442600659 1640442606916 6257
8c20c8c946f124e5da4374f2cc94007cb044153a867c6f0d066e3585298c304b 1640442656633 1640442663728 7095
e825d82bc918d525166d52529fe5550217bbba60e0726b7e83c8b25f3063eff1 1640442712759 1640442722944 10185
b454f5e1bf8d2e845e8e58a9326455b250a78b93c527759acf7bc5658db42481 1640442768658 1640442775202 6544
8c829daeb74e21250a962738bb2bc8f518a38a9539e356497c066f013e1f022b 1640442824918 1640442835480 10562
218d1e2d0e82b4d24698e6c4e13de1e9ea5d76e6a5edc3bc1ecaee3c0ca0ee54 1640442881236 1640442891486 10250
b4793c66789e2d0e31446ae87cd37859486568f1a31399a18e7ebf7523698d3a 1640442937541 1640442948128 10587
f308c91cb998c12c4e0d05282b051e80590696b13a7bbaa6f3f6ab03d83897a2 1640442993660 1640443002549 8889
0b66ce6dc3130be521c3d94e19e3ebdaaef5ef88c198e9f39f5c3a1b703bfb1c 1640443049861 1640443055933 6072
2554a9372fcdb657a2f792358a28998ee6c660be30096ebd7d90ea56ab70b567 1640443105528 1640443115269 9741
f4be6a01cfc6c842e660fc649760d8193d033f78cdf65aa5af81f5d1cc6a057a 1640443161343 1640443171589 10246
f554933a474e054f5aae9b585f029fa843f436c6f38044386c6f8f16224cc23b 1640443217230 1640443225122 7892
687a083cc5fe2fadb334459df960733a50b4dc202fd29d9e684a8edfb070b558 1640443273001 1640443283019 10018
598bd23c57f36fe30b4289e75f98436821cde3a4f9031948dae5f00114fb3264 1640443328121 1640443337454 9333
de1bd7481665ee8a31e9d06c50d077720cc6a8311b329911d682df5e9c5eb7e0 1640443384005 1640443390744 6739
4c1a1611c94eaed4323061d1e7dcd4676ffc3da4b2d1cb414d3d079119b126e2 1640443440552 1640443450777 10225
2b37548aad971d0bebc54c8355865a200593d4911d70ec5438fdc92400b4948c 1640443496208 1640443506214 10006
880f00bb6227a949647cfa50c3d73c94ad326cccf0f500dbf81d68683045d14f 1640443551604 1640443558969 7365
ea9bd329c86595585489c34cf1b6922754efc898269c2fceb499db4eeaa888bd 1640443607527 1640443617831 10304
14c0ee6a5015df905b9b72af3f75fddacb7c48856bdfdcc2ebe679afa2e7d4bb 1640443663302 1640443673910 10608
2b3f73c20bff070cff08215a448acaff6cfcd74f0a5169d7ef83ab2f750a1e91 1640443719097 1640443729632 10535
ae4a387a3d8e536e8f82b16017c2a5fe32938475a84dbc72de6c8c92d8cef853 1640443775127 1640443785724 10597
