f71ccdd15a7f2b89df8ef462fe9204c82650d847b63989d04cd12fd10d7ad662 1640441032675 1640441043194 10519
2d01666f462bb5eb580289915f826fafb404060109d4d169606be715ed2964b4 1640441088764 1640441092256 3492
d01e5029bc09ea02507b688fc63ed6a631c37be2c86a5d2f3974fcbe2ece94c0 1640441144803 1640441154953 10150
4f23ac0cf962c4d1a9bade7cfb4f9ed72da854aacd93e9f3784bafd5e1aeac94 1640441201038 1640441211461 10423
56778cc8d8053b69d46bed68082b95cad4aef9383ed15bc11d58867e90aeb751 1640441257026 1640441263440 6414
ceec69ddb0d0f17ae4006e159be45e4d78c0208ccd9fee308adc537fa12b6145 1640441312981 1640441320888 7907
b056c2700d9cb1e44ac6f032e6394f9b8382183fa3984eab329e0fa8f0eb2747 1640441368759 1640441375655 6896
2bd33dac5356da7bafa4c51d6be761cce935645123826c90a96eedecc2eb6bfc 1640441424917 1640441435763 10846
0f64fafb0556d58cf1b58e74acf00e61ab6594735e7fa98c7429d90a9c49d7f1 1640441481319 1640441488700 7381
aafaacb76d79a57f1a9f60c4aa4c393b6a3d8852af251854e481cc9f80f105a1 1640441537039 1640441543767 6728
ad78e7dfcf476115d695584de0b9997a82b76c2f5e744ed2e957b3e724a85c99 1640441592335 1640441601147 8812
67953224ce0795f684c2ba38255a20255d9fd8d0864401eb1fe1e106af9f2ec7 1640441647901 1640441658323 10422
0c3f7a91a15f9102e3db54b0480c91d04e163dc06950fed90f6d71277b0a8cb6 1640441704895 1640441715270 10375
866ae7413729959fc97223a74d62901c8fe5daa60fd3217c4da880b8bdacb179 1640441760812 1640441770572 9760
4e4bd17ca01d9405f66b6bc48727507ea94bd683efb1deefcbdef2ffa61a07fe 1640441816282 1640441822127 5845
cb2290c4165d3d9e691d1bf7cb2e5a16baadc4f6cf5fdf33a6d16410ff7f41c1 1640441872165 1640441881678 9513
e5974446517a1ae4b619c6a328fac6f69fd17562366e86f6f733b7f93a89573d 1640441928054 1640441932776 4722
1c046c154d116d67ea1ea06b520a656508da556c1e24f9542184e80ccfb94a13 1640441984273 1640441988219 3946
1b2aecaea13783762e3d7b20296152bb5139628891d9a7624cea0230a6b785c3 1640442040653 1640442046828 6175
ff4444866f41a7c7dd3dd50c135d1429dc6d4cccb8cb287fc7821c76e1fcd6c5 1640442096006 1640442102925 6919
847d94b630851626fc49f18bad7f5f1772230497455349213ad0f8619a687690 1640442151579 1640442159805 8226
124b92bac841bc29a9d1e30403eebc6f5e4909fa80f033e455aa3c5e2d877a85 1640442207703 1640442214044 6341
abb2a35a47fe5cc595a9e6151a039446aacdd3afb9f3206e827cd6eeaeb91fb6 1640442264597 1640442269395 4798
82d80b88fafca534a13b8e93ae53355ad534eaf4a982b6a013f018f19cf570c1 1640442320590 1640442328035 7445
ecfe43d86b4302da517026f4766c9de5e15229a12cb07ccc65c205ef22516d08 1640442376689 1640442385842 9153
1fa2b58e36a0f5fc9eeff75fc301be041de36c50f283e121de567a5d3117b762 1640442432928 1640442443082 10154
7b3898fb10e2eac8bafc577f9461b293d038ca54353fe18e5009fb7bc60d8466 1640442488608 1640442498957 10349
7f06bdac4255e86820cd5f4aed1855a592945b6aa8d5f3201f779616260177f9 1640442544348 1640442555200 10852
034825a9af9855886bc33d322cc30a3477c691cda76189680b38be1674789ec4 1640442600643 1640442611154 10511
93fda60ad2ec4eadeef6d48e174b8c8afb4aaeba58d806235286d1f9e285311a 1640442656619 1640442667167 10548
5eba01ea9ea88cc6f7d8c7bf4806eb7073ddf5674fb4be43c57da011b9730764 1640442712744 1640442721509 8765
9f1befa1b4f0be55cbdd3593ab38f7bd9225367669ba9997d66b83eacfcb18cd 1640442768645 1640442778462 9817
1c79452415831f20594837dd59ce65d9eeafc26ef96ac43428e3cc21b08fdca7 1640442824903 1640442835559 10656
bbf35e4b2d9382cc8cd0abd4b3c2b5a03bf4fbfdb8eecdf335f1d60bc807bca5 1640442881220 1640442891402 10182
ed5326e1311ef115ff192acd0ced4a3ecc59fc8d43e1b6bb1c2ac0acac4dc2a9 1640442937525 1640442947825 10300
1f1cb90127beadc4b6991a748eb5b1dad576ebb3771fb613aaaf38c4079522af 1640442993645 1640443004314 10669
b9dcce78265e92e7d883185c4259f43501dcf5d0cd70905049af50a29654d698 1640443049846 1640443056706 6860
e5e5a36ada83eea801febad0df7e3a829fc61cce6665288996bfbca7f2737da7 1640443105514 1640443115579 10065
55dd6e02e81b639de6591b9ce5e50a37b8f97e93ed533d7d2197e1fb73fc7cc1 1640443161327 1640443169315 7988
c496ba9e99e8afe7876b722fa0efeb2f879ca72b9b2bc52e408b56e1d7981893 1640443217211 1640443226104 8893
de9b54768e13599cf5993be9895d6b9c0f9031900c872d40adb8008b5294e4f0 1640443272987 1640443280305 7318
9df76d620e41b56fc927941dded977690360b3763d06acd5c4c76f96452f0dd3 1640443328105 1640443336195 8090
1d448053497091cda5627172db54a8f7e5154641e37cfa525751907ca84c03ab 1640443383991 1640443390089 6098
351e3d82158f057a58e9e7d5c5f558a2db66a5e343baf9fd930a7ab6698e1648 1640443440538 1640443447760 7222
219802859b2ea2a765f46e7fa591ea19d09ffb44a78311c219e2001e1b3bc01c 1640443496191 1640443502016 5825
11755706936e76d84a43e58ac21820bcd0737126c9fb97bcdfe031cefe54c817 1640443551587 1640443558783 7196
ab34f7a8a3ebe04924fc67b053c4fefc9b4329554143924b9c3926b275ea2a07 1640443607510 1640443616057 8547
b7c956d17ef25ddbc5f827604079a9e2fd4ac6f70946e516dc5162bde576a9ff 1640443663287 1640443673793 10506
665fb9db4464f96b940b1904e6c239cc30ae8975734ee74bb1ca3ca0101355d4 1640443719083 1640443729538 10455
eaa64e2b2feca7efa74f9002e8743045b6707a57b2f45195a0865b850c9715e6 1640443775115 1640443785714 10599
