0aa3a38325c3bf5c1a1aca4d0e39d87c7f39ca3e3fbd447019726ac8e7eb55cc 1640441032657 1640441038365 5708
cfacf3714bfe83a16c384e3e951fc220ad3fa6a23c9ab8922763bce530ce3ef1 1640441088749 1640441093580 4831
e1f136201984fe9497ca650de7db4993e367dd4637a347c8ca9bfdb47e0c5594 1640441144788 1640441147431 2643
584d06e7d69cc0b452c864032d82768455d49ddfa5818051bb39ed42d34f1c45 1640441201022 1640441210552 9530
9fbceeda7bc7f5450acd07a02a94e567c11102576e5aabd08d7d08a0216bc963 1640441257010 1640441266875 9865
9b043dfacfd24d984fd2afc1f7379a92ec8883fab8d90598806c5cb3042a3af3 1640441312964 1640441319075 6111
e3e500d3de20e86ac0199fd532cf71b77aed511f7b9c68c76d92d2fa580cc55b 1640441368740 1640441372947 4207
ebfcb7548a48d354176aa97ad81cf99eca284a93cc90e3d635ba13ae762e5ede 1640441424897 1640441434669 9772
254e03058f9b7ba7e459305027c86a773af77734b4e41fd61163c2d662f44781 1640441481300 1640441488717 7417
3179bcb8910ed97bab53c453f349dd131a2935f7acbfd7d6f6de83ca6788236f 1640441537017 1640441541390 4373
a59f1b62ae2400b374e54dfe96c12b81c9ba502e4651ef568bef824fc947b22d 1640441592317 1640441598438 6121
1e892e1a0b08b5861c53cc3b40035512682f4eb2817e59155f590fecdd62a01e 1640441647880 1640441653067 5187
bb21d7b90d311d4a7fd4d1831e093d361f3e6363ac52f339b953e916fbd6b3e0 1640441704872 1640441711312 6440
98e8cbc59fcac851c2fa90fd7cd38c49b4e093792aa22469c73af47aeb5412d3 1640441760791 1640441764042 3251
69c2b00637f847eae3382dee6475536e02030915f5bc7735bc94263dd8087915 1640441816264 1640441822121 5857
66d9cbb029b77a11d1c044088cd923819127879c0f84893085af3093ccece0f6 1640441872143 1640441875643 3500
f97eba5dc6bcd5c87cf7c2398c8ae04fb887289702a1874bd5a29aaa967352b9 1640441928032 1640441938498 10466
8fc71d17d20ab40e583b95d079283954bca4d716f815f8b04bdfc3f86ebdbb48 1640441984251 1640441991591 7340
4063922b71998114fb0c85193c3ae9703118b32824cb90a350bf530f03b06af8 1640442040634 1640442044820 4186
b1f1c49f777fa9b70f76fba7b24db538a4362bfdfa308a6bafa891833720bd03 1640442095982 1640442102417 6435
53656214bd379f2959f21bdb9fb51240cfe4247d1af8760d2e5ea19a380ea5cd 1640442151560 1640442158035 6475
0ec0bd83373b17a99f0bf11fcaf50ca6d876199a505c69738d86190ee29de6bf 1640442207678 1640442213183 5505
2ee7637e3dcf5514cb0a15dc032283fdbb2ef1bd94cf0cf658d1087690da10f3 1640442264575 1640442270522 5947
5187bbc0dd8bf65466c5146ae7b9b2624c14beb7978b7ff8370e34d31431e8b3 1640442320566 1640442326817 6251
4d7956f95d145546f79abbbd658c664499f4a2cd449369a91c87705a472f3745 1640442376663 1640442381558 4895
99193897205d4bae6cbb71f86027d94182a8f7dfb95680cbe80d5737058d288f 1640442432903 1640442440459 7556
a147874c0cd3177f517ebb5d82cd5dd15fa606bb87f34b52ed6201eb67f07e01 1640442488584 1640442494946 6362
6f93fa44e0969d4990e8b0b718c28579909a5ffe645f7cd9a932ff869b48d223 1640442544325 1640442550255 5930
d833f2f26dcf7ba68d4b64fa09dffc7c1e608f3c174ab2fbd77f7841a7f572e3 1640442600618 1640442611370 10752
d35712a6d8b264c0a4795e19d6d6155943a9f6dd0f8c0b1cb2c61548643f75b7 1640442656599 1640442667075 10476
f8f182f6feb49c42f796dfcf0373d6f4bdd020d9f84db189aca129fedfad656e 1640442712721 1640442717062 4341
8a2836c55b974d3e25351cc881588dc6b2afab456fdcfcf07dfe200db6705ba1 1640442768621 1640442774854 6233
ef37f7b355fd81b514d030304e6d5d4ca674ee80d7ca36d932f2bef006e50f23 1640442824876 1640442830289 5413
64c876dd308e84cc2faaf877e26b8add3122fd4db11dce18bbcf5db76d6cb703 1640442881191 1640442885205 4014
7f08d4544e2c49c96bb481bcf8d97bb4bb131364f820795ebaf44f982409ab6c 1640442937502 1640442943154 5652
da5b0c2c2d41acefa0de896b70e23f868ed31091fdde429df6978a47cfd81d3c 1640442993619 1640442998956 5337
18bcb00acadbe53e7bf7852cc99bddb24ca8205e42f60de69bc6b7d283852892 1640443049821 1640443055099 5278
f42428276907238b5a90b8507b6bd1390c7bbf49b5d41ec91fca106225547043 1640443105487 1640443111887 6400
713d4864ed066648efbde1e82406c3ece671f7c1e03657ee8caa2c78f86abe24 1640443161303 1640443167005 5702
849f48199d99ddd6afbbda206f6415106138bf6c2f70c85491774fe5b6b004e2 1640443217189 1640443222649 5460
d3e759145fbd72952868e6a5b2580b273d011e52abe75b7623d68681493498cf 1640443272963 1640443276314 3351
93ce73e5590fcdb446e57e5a282dedc308da9fe637ef4af41b34e17a287c1bfc 1640443328082 1640443333812 5730
9e43bc95de89576fd34c64c1a7273f5c648e40b77d21e1186448cdef1b0c6232 1640443383959 1640443390089 6130
171ec547936b8eb3cb9ab0b3605af9debb136fd04ea859e14a96c9048d1465ec 1640443440515 1640443446594 6079
ab978cc72bfda685201f1f6c0a4a8387794c779ad9df4117391f0f6b89178671 1640443496164 1640443502244 6080
67215797e5a7ca47cef36ab476d77f794c99a154e6411294c861cbb6ae4e2690 1640443551560 1640443557079 5519
78203235b2a0b325151190d3011fbd5fead267c319e370af200db811d6b0a76d 1640443607482 1640443612242 4760
dc2c138e3c42f5893578a435aecf12c038375b76f32f8d2097473b2cf9c82a2f 1640443663264 1640443667479 4215
1cb81700c96e952737a5343e709382b7a84e95371d7e7e8a103c369021475fd0 1640443719059 1640443725678 6619
e5cfb651ec7644c540df93f3ef6346c8bee9105aeb9189cc5c348b930a2ea8f2 1640443775085 1640443785079 9994
