e150c1d34e3d9fb8822af1eb128e15142e9e66e0e3b33b261437035de80ae641 1640441032642 1640441034695 2053
6965b04e9802789e6d5657965965b4e56ed8c4b42dd7b716610e35a5b2ca1dbb 1640441088730 1640441090479 1749
3c5930d280db511c469fcb74b04fa9c44ae9f018d05b0518d35c3b69b5dcdf60 1640441144771 1640441146389 1618
79165c895437403c61f66b57b47634bf95c0dba4225c2f9fb0cfa7ebef885d4f 1640441201004 1640441202682 1678
4e5baa7e6a104d1168bbd0626d6d3b1501a64f159ccea34ff0f314879a852f1c 1640441256993 1640441258629 1636
8c6860a7df0a570371ba48eb795a298322995b9fd9c156375b2e1d1bf7ef17cc 1640441312947 1640441316054 3107
eea69f5a0d1ac00de11abc55b923f7b0b17d841b43516fceed78cc8a60aae921 1640441368721 1640441369823 1102
5bedffe7d796b478a5c5080c2605ba540bc51d672e13b1cb6042b26504e3898b 1640441424878 1640441429230 4352
514a932e4ea70cb01fcef0174ee51a6c2f92bf1ca4628ae2fd4bc05b5d367b77 1640441481279 1640441483123 1844
0c4280f25cfa78fe1bdfe65f1fbccfd25772ca50cefdcb6a3abdd5adb1c5e812 1640441536999 1640441538523 1524
0701bddf5cf2a3c9a0374b5f943b74d684921df2ba8aeed59a215d9124a230f8 1640441592296 1640441594054 1758
ddce1fda73dff93ae18da1e8dcbed17409457c3a37c7d98acf368d5011de934d 1640441647859 1640441650813 2954
5835f06e07f6c4ed4e4def268617cbba402ed14202d8db08bd92ba6406e948d1 1640441704851 1640441707406 2555
e6a2e8912e46eb0eea70dedc5ff7f557a1344dfe002933dbf8d96b20342abd69 1640441760769 1640441762325 1556
aa469c7fa14ad7586d9da8b310101e8035526739f1e1204ff7ea02447828f0ad 1640441816245 1640441819559 3314
db61dc6cb0215cfaae993cf37f4168c8e490b142b856f5c887f8ecc53293fffc 1640441872121 1640441873917 1796
2194836a4d96c2d1673d34519802c0d412e9b8bf886690327418832a53ed5cdb 1640441928010 1640441929843 1833
7c0960afbd75b4f5b299c476d516ba686df142a2a8f69dbc89448e9f208b9b6e 1640441984226 1640441986482 2256
729cd13c86e8ead40d2ab9f70f8b8d8eb8ff076e1e50f7cd14a600aa6777e928 1640442040611 1640442042437 1826
ec070d06c81a65e4d716ed29edecdc12aa975502c9da3de818fe0a73c66441b9 1640442095959 1640442098164 2205
d2fa7cfd9e18c1f2d8054c264c63dfdb499ecd80f1a4dc2f4e9a6468f7f09a1e 1640442151538 1640442153908 2370
8941c598a424e04033ac35e053423969bfef5330992cc7322010684dfeed77b1 1640442207653 1640442209365 1712
685409dd609091f7ba3338d6f3504bade391b6eef200741a7a11a05adad57bc0 1640442264548 1640442266727 2179
de86eb0f9fc8986f0cb06067488e47f37ab7321a49393f651b48122fed06c719 1640442320539 1640442322243 1704
6b05c5dd9793a9aa1cc018681fd8c7c6067f28db42787a0311d4cac12eaaf592 1640442376640 1640442381456 4816
2dd83c113fc8baf906a69807333601438f63d8454ce3743fafb32b62eb32b700 1640442432877 1640442434520 1643
c2eb91fbe1d16d835ea8feaa86269b9f874692f1b622a7533d69dd1723672337 1640442488560 1640442491668 3108
2af9e7fa0f220313136a85d1d1063d5e2ebea6195433f58c2e7ef65d78f84526 1640442544301 1640442546545 2244
d55185940755ccdb4330cfb4faab26361c43ad8d0c06c59119926f44b98b028f 1640442600593 1640442603216 2623
8a0530768463ab92507f49baa187ea1e776722a11c6785a452b72d1188b0c1ca 1640442656572 1640442658625 2053
b2698d6ede4d89af62b49dd1249a16f36ccd5ca3030c6c6ce3ad64801b98f0f3 1640442712695 1640442714294 1599
1e6931d018c7b2bb6529da440a7ec1aa4c3cbfeef2ce8069cc38773ddb5adc2d 1640442768593 1640442771003 2410
56416483541ff12274f351c45d7090b686e3484f401d42eaa95665f07af796ac 1640442824852 1640442826830 1978
6d4c4d897401350cc519ab4583efe371a038bc8737c7901a54820f29eb6684df 1640442881166 1640442882612 1446
600dee6765691266b019317869d0d1d10b416533399ddf1c5e7e68abafad8c4b 1640442937473 1640442940146 2673
d8a91484c5bb8f4065c827c335ae2aae2718e3318dbf3b2afb660d874b98d130 1640442993593 1640442995615 2022
481d77f63d34ec94fae2fc92f1f35ad92b1b125a525f002a27c19423e0749449 1640443049796 1640443051744 1948
64f4134074048d38ff7c29e79dfbd92848116de079bd644c77fe061fe09d37bb 1640443105459 1640443107026 1567
1337ad97622adc9c862c33ef4ce3815a99d6e599aab8506c4c9e2ab92a05e36e 1640443161276 1640443163534 2258
b251d2a405c9298268247303c8a62344ab31fd2e2a43f2bd54be42509b9f41d9 1640443217161 1640443219032 1871
f8c961d05c2d3edd388d7b08fe29f6f55d56e3b8231610672c692296b1b33d61 1640443272937 1640443275797 2860
72db368012fad0a73a65bd936234cb769c4016e4c2d8e197b6e39bbe4d2e8317 1640443328056 1640443330058 2002
69a98066b263dd0fbabed3e4489ad1349ee1c227fda33832cdde4ac3c0ee49f5 1640443383931 1640443386843 2912
a790d96a577da9793f7d38ac46091f9ceaad4ca56f95d5d503cf7ba9bbdad33f 1640443440487 1640443442070 1583
b58e344e30882ee08d601009543e5da7a6df6253ec96b7edc2f20ea4cbbe7bed 1640443496135 1640443499328 3193
10b6b9021b9cb7fdd99e8da79fac87a9f5e9d331e0f6b442707bf985d4eeb2de 1640443551531 1640443553229 1698
4e50a09bc616a0a7a4b65a876b3d160f4784c4d12dba396b5cd3d0ba687a33df 1640443607455 1640443608803 1348
7977aad4725f8d9fb3143bce313f8ce14cba9f90b90d07716c1d124686e01e31 1640443663239 1640443665704 2465
73746795abd76307fe1cba03032ba5732ebb5ed6185b6d2da95c4404285c7e68 1640443719032 1640443721407 2375
2971d6465e59e1877379282a92d8d949e0c6ea51611910970a38b1c0c3444326 1640443775053 1640443776504 1451
