a160323e0232d781a47b435637d1363219288e898939a9cdd7649189aeac21dc 1640441032691 1640441041296 8605
15e472af97536751718fa543047675c93a1e03721c9d8f5f911ccb8a5a448efa 1640441088783 1640441098803 10020
26d09122bd2bf5fef3f1c2d727b411189d6c511a139a989f687a6d63cf7dfda3 1640441144820 1640441154118 9298
f5713fccfd690e918dad07caec755c066b493c337d148e4ea160d168d12b799d 1640441201058 1640441210772 9714
69b8255deaddfc55adbfc91d67f27cba69ba9f3578b220a5c7b35fd778a29872 1640441257041 1640441266234 9193
e36ec224353573873d637107021e259c00ddcb303fe99ee6e1a26bf367d3d0ba 1640441312998 1640441323522 10524
5a8dc0b53c4aa740d88fba2e6858227485c1a473cd904fd2e9bfae69fa756698 1640441368781 1640441377523 8742
bbe17e9ce98a900d0298b8978d5c00939153c16535ba9e2c835172e1dc47a3e5 1640441424936 1640441435736 10800
51e8161374a3de461828e44de8fc84d00fab81d103b19539cd306c0e35b89779 1640441481341 1640441489848 8507
1907c17613b408833ebeb374d245781e60f069e826c3483e34347cd310c4f931 1640441537062 1640441546434 9372
fe01d745a3b1b6cc83da0d3b3b3fdfc1572e057e45cfd40c03aad98a33ebb553 1640441592357 1640441599914 7557
18f2c87fafbb5aff0fb56060e0ad1312b4b773b02a9ea129db855df62721a571 1640441647921 1640441658264 10343
9199245023f7cad88b2c4efdc33ec5db5b7c1c9a5dd49c785e74591200999513 1640441704920 1640441715333 10413
95b8ec3f918745fe1b39ee9d8b050158a2e6dcc5655d244e27639717952d04bc 1640441760835 1640441771007 10172
7909eab54b9e19973ce07ac6770022a13bb8eff6ba690dcbefa7d813ee686b56 1640441816303 1640441826954 10651
5ae278970b1b98e722ce0fcdf835c0335dcebdea047fbec69a5df338079931c8 1640441872189 1640441882591 10402
ca25a135582c0095f83b6c97a9910199ee3d97fc259338890bbe1e2081a4163f 1640441928079 1640441938639 10560
c845373e43913560eea8bd72bd04ebf7d25b2e9a4d890565ada6990373beb72c 1640441984301 1640441994036 9735
0bb9787cbbc4eaaa01e80d3dd896a138904616cf877e4f28a4091c1a40b43e07 1640442040674 1640442048937 8263
24412db30347abb97892fe8fe34127c66e77d51ba36ee4447b0ffef37a3e5d7a 1640442096031 1640442106245 10214
33ac823f1d5ad7f95d9ec9d7e9270fd18ad0d1a329dc66b31b65754fcb2690d5 1640442151606 1640442161491 9885
d26f5618cb690b27b7ae40d2f3474049c44818a056dfde1a6978123a106d9b5c 1640442207727 1640442218586 10859
d27bb9d141e3dbe921eaea161f40116d2ea5f0700a6f4d125db50770f932caec 1640442264624 1640442273954 9330
66af1fb64231c3a6be2c1f74b6f4343b1e3f40d5b55cf57440c37f14f7865e78 1640442320614 1640442328518 7904
ef60d234efa94c4a196fe6ec2ffa423ef4519ea4f4207f64154a5d66be78ccfb 1640442376714 1640442384823 8109
1d778a3fcb018ea75c057dae3997fef7d8f559f709adcf170d2b5b35ca9c2706 1640442432953 1640442442601 9648
506f6160ed9e63068208178bf7c0fd7f1292ed24b967cc412d3cb3035db614cb 1640442488632 1640442495689 7057
35a1fac7bdea0abdb2c0fddf716a57fa5a78aa6dde54dcb0f473c16441b8cf20 1640442544373 1640442550393 6020
069759848bb85aa1a060dd13677232d744c95f0f309e896aeae6b9d841cdbb9b 1640442600671 1640442611174 10503
d6405d9e42636ae3a5488f2e6ab202a258f1c67aca58e01bf33f9872e533e7c8 1640442656642 1640442667222 10580
231935d36e5173a9e171557fd7122f79a50cd95de38b013b3418ea87cd45490f 1640442712769 1640442722287 9518
15d41912c586ffbcdca7ad1cd2befe099b9d1e4f9e4c9cf4e89cd84ba8d187ee 1640442768671 1640442775292 6621
afc17932bf57c7cdc097c9660616804a90c3e31aa855ab28e99f4393c61f4bfc 1640442824929 1640442835604 10675
043c136b6bfd5ca779c001e893bbe8661c5c8a6efab0e364180a189f62f243f9 1640442881256 1640442888654 7398
30566b1a78284583f608bc5d9755b234dd57e076888e9fcaf55810428877a546 1640442937558 1640442945252 7694
ccbb1e4df0f8ea330a6252c7b062fcb04b6bb4ab66444ea41c252cecd1795839 1640442993673 1640443004204 10531
075ece8fadabf7594b75ea1649a7603805ec7b3094869abfd4c895a8448f80d5 1640443049874 1640443060192 10318
d058c5259481b3936a88361e8238e05ce4a4b06d698612f3ff60f6e304393855 1640443105543 1640443115686 10143
b449c07839db2d3bc5f8f194acad128349b44066bc0a53eaf6177b4e9d4bf49d 1640443161354 1640443171700 10346
5a6f9945524e54aa4f713172a8d07a14b37379b66d46e47c1564ba2ac404ae3f 1640443217246 1640443226274 9028
d879e7ba38a00bd258ef063032d83a7bff4b035598293296b0e10f7daa1308fd 1640443273013 1640443282996 9983
ea44735acd92c7d5edd6b7ae04ca2b81a54e549500ade4ecdb437031f9a8f4ef 1640443328137 1640443338434 10297
71778c157273d3a0ec52ccb19822617b1d100ab2640554a131739784ad4a1532 1640443384023 1640443394676 10653
45a7f8779bf223719e03783c99bcb245c9ca945dd3a2676b895e18986434772e 1640443440564 1640443450777 10213
01fa023670ca883364858a6149a53d0fe885446546726202a6412113d9e28185 1640443496223 1640443506228 10005
b6018f95a79f3bfbcd49ed1ba7f54f444fb6d23f203185f53283d4a341e2d908 1640443551619 1640443562196 10577
0f082d653fdc7a2d70eda96c7192854833c6250a929328e102dccd6d0edf0225 1640443607544 1640443616357 8813
1424914e65c5990e1feb325a029931685431d57c0ec03f794c51fb25859c30c7 1640443663315 1640443671275 7960
4ad6f164e3bf808391957b9047adaf456405fde3b33b9bf2d1cd36b5a7a931d2 1640443719110 1640443729615 10505
6a791fb7a0c210cf267466e39704249fc9cc6760d0b33ae851de14bcc8e461cb 1640443775141 1640443785771 10630
