bfa6cbda88b316633315ef8039da3d506d76afb82275fa383405608dd88c4b46 1640437840540 1640437841588 1048
7f86eeb6f1204a1df6aa2fd958917c0eea9d579e33cac24145a8ba2af3b068fa 1640437844149 1640437845130 981
1221d0cf410d9645a42368299836fb3b1081c5bdaa403fc23c3efb6ad5304650 1640437847688 1640437848767 1079
6179232fb0ceac14f13f2ed6148d15ca1e32da96f7f0ddf66d7937931362e51f 1640437851309 1640437852246 937
4682f64d9d367af9b05f6bcc0a0ea883f043c626d8fab7828528c8a6e275eafa 1640437854854 1640437855935 1081
a0d82f7f2f8fd5496940693721403e2818685cd8f3ee0ff6375de7b2c53323fc 1640437858508 1640437859570 1062
567eb569935ba4efb96c4f5415b4ea058641ecefe2971e5cf601b73ff8ebf8cc 1640437862125 1640437863131 1006
ac5adc7cef54553fdc22bec66acb28ffc41734c4c8ccd3c510bd71f22f436365 1640437865755 1640437866822 1067
a6407c979154d59abc15cf01058ea00d91693ecc71927b88d175099ee887e5d6 1640437869390 1640437870466 1076
bf7787b8aade4efaa5af1791d85d005c200bce836c3bb78ad7dca3ecf0268a3d 1640437873002 1640437873862 860
694d46cf65cb13eac5ec53c01f53a010da629fff0ee7459bd2473debb4079f8b 1640437876580 1640437877619 1039
816c82581f63865411e86a1d60f0fdd77ba9a5794a94611202d7347d1d61e46a 1640437880227 1640437881282 1055
b0d9281fb9831d9bea1349ea3e9f5b332b5e191a8a772c18df5d8081f2f2fdcb 1640437883807 1640437884640 833
254f94fcbaa8f21ce5eead61f1821e0d5860e0121c440ba9a0a6039bec42231a 1640437887342 1640437888206 864
ad3e4b461e70aa067ba7b0901b51a4d1d6bdc2775083415c2c3f1535289f6ea2 1640437890878 1640437891883 1005
ee6e6987315546fd5c830ac00be84e60145400460ec309b8068ada4fdc70e984 1640437894484 1640437895520 1036
915b0d388b19cb57489d4d2bf616a7df3ed645ad4206d6668806eaab4337c904 1640437898048 1640437899113 1065
f9912810e330206eb6194ac440717ea62132726c8264ce26dfb7af2e2d923fae 1640437901670 1640437902730 1060
84629e9652e030ea0c4cb98a0b4a6fc43dbc6615c9c35237d2ba44620c8e4b3c 1640437905233 1640437906287 1054
eab9483b4e2edf1e298694c22ebdffdba50cc49beb0aa64a7d34d63ef736a52e 1640437909318 1640437910211 893
03acb530d9efc09679bd7cb5cdba7f8e4a1ae5a0a934527584f22a8d9eb4cb18 1640437912952 1640437913748 796
9be468c203a07b033ecc53e3dc0da44679c0b84f8364862012731899c56869a7 1640437916595 1640437917534 939
b5b242e3d663b937646255e88577f2b1cc99781e96ade30e57704d2342776af5 1640437920256 1640437921237 981
c9bf271369a224bd4e99e11cd7adaf32a7537e7156dbcbf14c859471a90ca12c 1640437923765 1640437924819 1054
c778e74f67d56f1b3d05ea92f4c1ac5d543600f844e86cfe785e5b98ebd5a5a1 1640437927258 1640437928326 1068
99a67a357a4871ff345d0aae859d33625140fed7dd1567cfbb230f6e9c8f7978 1640437930955 1640437932009 1054
ebabb7c1ae695d247f5b0b9fa0b60cfe77ffecb8eea28d85ad746f04df19c0c8 1640437934535 1640437935571 1036
b2adf24241bc4011a5e6850d186aaacdf85b7f2789a26fa8bf87f31ac20d9443 1640437938165 1640437939214 1049
0b8ee0b27097cdfd2e8689b89f2fda7fd790c327710ef6ac8135537bee299bd3 1640437941769 1640437942806 1037
0007eb1a48553c597f9d95061ded24cd2c4e834eb411dd96281f2e797370850d 1640437945360 1640437946411 1051
1edf8158c77ac20d35958f8a60fcf95cd7216a6bce7052f9ce07479f14420eeb 1640437948929 1640437949985 1056
6cf4253d6df1b3852874f7de9c17046e4da80bc653c919135d37f1ee6e7910f0 1640437952662 1640437953650 988
9fb7dcd31dce5b4bd64cfcb27cde63eec64016efd149aeb5525d57f65fecfb65 1640437956243 1640437957309 1066
e4768f86832080467dab3128332dbc246d6bb3a2985b6583259024cdc89f1178 1640437959846 1640437960757 911
ec320d1256dc088045b9e09b39a5c6a8343a80cb8d9d3dc367ab576e2715e5ae 1640437963507 1640437964429 922
73255951bbd7f99994bdd66be64aaefd72f7afd7dc779d24afefb53692e4fc29 1640437967133 1640437968208 1075
ea92028203fad7bd83197ed65a09cff82befb7eb1f8d96430fbfed180e8dac9f 1640437970848 1640437971720 872
5fee683f2c7268c7a9acfc7d1e204855f142341750f1508b36e10b723e98c8c3 1640437974524 1640437975599 1075
ce5669c76b75108f67c9391a9b9dff89ca08fc614bc1a5ee91ca6a6c31d72004 1640437978168 1640437979219 1051
bf31030c03e7c2d94a94307a14f1bca445c71720fcdbfe226ec55702106dc065 1640437981736 1640437982800 1064
6e64094d764089a2aa089c91ecf33d380817a00542485fdf3c3d02daa44c06b7 1640437985328 1640437986331 1003
b7cd28e2e72ba6faf556b99b93487b09568ce1f98ed5ead3bc050ac7d746ffbc 1640437988929 1640437990001 1072
fee3ab24fa5d7b6eb2091af454134e7d84e098187bf9e8991756494b125c51af 1640437992540 1640437993588 1048
cb29a633fd75198b2f28ab37a177d09518a17070aee3d6ba1446a412ff34f7fa 1640437996082 1640437997153 1071
21d89ae0a2f996314ba9660db66999bc17c1ca6fa64e967034e21f232676790f 1640437999722 1640438000633 911
f26a60ab1731a221e1f59be70e0a2a126097c00739a64b6e911f65479a585e1c 1640438003371 1640438004223 852
220e14e405bf5f05a680eb8efb53dbfec17b48a1a08ce4ef44f28ae51423ae01 1640438007067 1640438008135 1068
3979abbdcedf9ce0d173dec046b619542485ea64c6bd24d5a69849ec26abefae 1640438010723 1640438011650 927
cbe991500fc758d0f4af1f1b2354e8ea65bf214937e7f28f574a4987100a0396 1640438014342 1640438015400 1058
10bd3865c2f2dada5022a53416d752348a15b0824d5d6be609e3d4bc667ee999 1640438017939 1640438018796 857
