062fa57f16735ac33f6c8b4e9bcea11ee535e0d8f8c538116f669e763e3d72a3 1640711151094 1640711156396 5302
85fcdab3f1a6dc7cf59017d3dab4bdcbdc249b1a6586225002271a980b0d6550 1640711314720 1640711318501 3781
6fff559ad6b318a12ff2f620f54f54b85133afff98be26d2707c0961cc511743 1640711476945 1640711481790 4845
9dd3d04ef44117e74a5d4a8419a120ba3c0b4f94c68d004868466485e731389d 1640711639270 1640711641750 2480
4be8234f1cebb3f96a404b050a8acc72d532aeb3bb1451379913d51ae7f85b8e 1640711802353 1640711808156 5803
fdef864cfe65e178c62c996fd2827692359ef6bed16444ec4dc9c090c677ae31 1640711964829 1640711967933 3104
e4a0ac35483ecb1d14dab4011e964b97a723c0eb318859926a4c8a0149c4b799 1640712127629 1640712133083 5454
c546b80c6da1ff51572cb2ce5006c3a2a1a041ada21f878f1acdedaaa7d69ae8 1640712292459 1640712296575 4116
4c946fc77cfef9341261d533384a8030608425092f77ec314bc7df3f2fbf2d20 1640712455149 1640712459866 4717
5caaa79bbe2e8bcebcdbb0e94d15fa17570691d753e4d949a602998d2a457904 1640712618580 1640712623036 4456
669770c6df2317b427240a3794b473c7e8a299c461512649ec5f4b870e9ee2e5 1640712781017 1640712787527 6510
9b735ec4b4c71be27d33b4ebf037ca7de0384d9a948a9f881a40d8729ce8ba98 1640712945184 1640712949715 4531
b82d9c9559b19686e9ebb4b02ada5ef795a2e7f6c6a53821ec7d2e894d97b268 1640713108203 1640713111887 3684
2e0113c2941714abd2dee3e417ae5c6bc8165cb85c42a7a3685afc2c85e61171 1640713273124 1640713277409 4285
fa9cc450720f8bfec91a5f42e14dd37b186f9c5d6dfcd417f0ededc94faf6ea7 1640713436874 1640713440743 3869
0e0eb7afc510a137cf586bb6001e7c07cc912d8e3237be008a799a460a193e37 1640713600802 1640713605057 4255
d7dd08216355c48c11d5e63517735145f59587406dcf8a1f8bf413268247cb00 1640713765106 1640713770117 5011
276183be342598b34257d21ca41b565b119f832a2c948305840a01951a851aeb 1640713928436 1640713932652 4216
5bb8732a759852fa7fa05906eb2ff9b0265e8707375ab02fb904ca73775518bc 1640714092710 1640714102015 9305
2290f5811c266a6b48601cea63d2eb530a446d9d39093443f236d6febdc90778 1640714256749 1640714262224 5475
