186050310925ba9c89849cc7b2681a3255381fed9c5bb1c00c407dc8f6f30c7c 1640711151088 1640711160783 9695
498004633421f36b759e7aa240cdcef7e2f05510d1de2e946688c1abed373afe 1640711314715 1640711317691 2976
3065218f1a424d75bbf3c2c668f6af5bc4076e4d5e9983aa6d9b3ca7da572238 1640711476940 1640711479851 2911
5853779bfb0a2ca7758559e8d7b03f64c44484cfa4911be0cc2efca1d6ed0eb4 1640711639263 1640711642946 3683
a422d44bc4a526365606200003fa20de829917dfc97d92025344f944ad240aa2 1640711802346 1640711806112 3766
3b7d36550e30159cc6d4851419ecf790d813b73215302908d572823ce080fc04 1640711964822 1640711968218 3396
3ecb5552cb7ef8677eafd1a5b7a5e2a357723639ba09d49637b0de3190eb9ef7 1640712127621 1640712130943 3322
b30e08555724b7054b62904ae5497da841673afdb2341022af941b5f23fdf2fa 1640712292452 1640712296347 3895
12254c1050131ac493431e734e6ef5f03f64e86631b0b78886c76ff604220f47 1640712455141 1640712459255 4114
440d6b6dd71e85215fc7f60ffb0945b69b6793644a94e227890dad5fa8c9a316 1640712618574 1640712621253 2679
203614881183f7e47b5d491fa85342facc33568ca3ce0cf4ff60c9d100bd70b2 1640712781010 1640712783938 2928
89377a7fbd5c29f70dff6cb4b30ff85c6d3fc34255f55da6a3dca0e757c14eee 1640712945175 1640712947437 2262
4abb499ec4916f1beb3ca2b2b9463e57c5aaf19dc840c9a07eb261a0d85fa213 1640713108195 1640713111095 2900
6b915b1e5b9a8711ecfb31ed181648d0471f54f38dcf4efd5d805736c4b1ac31 1640713273117 1640713277011 3894
63eadb54deae455c31cd7254d75ab82c04feb718a7ecf24f760d21918bc69908 1640713436866 1640713439889 3023
f641f378e2957836f7e4a710c3cb4599d92d3cbb11a0dddd1612a0de6008060b 1640713600794 1640713603818 3024
116d6cf5cc1dd4f0e01eecb152b39b89d401a244a3547f98e3d446bb918f71a5 1640713765096 1640713768048 2952
e85ba8efb8d12252f10735be65795a509f1534ee4415d201a6781ae6486d17cc 1640713928427 1640713931100 2673
fb551f9fc56c78a68599dc1197ac210ac5aa519e7d7cdd59331380ec99e33759 1640714092701 1640714095209 2508
200b781a6425bf02bc725cfd9a8377caa7a49a88d184cbccea92fbdace0fc865 1640714256741 1640714261578 4837
