b5369ba2ab17d0503d0e188e661a1f5131970921d7f04b72668d2370d36d1179 1640711151147 1640711160786 9639
57f9cb2f18ae3d0adda9cd8658280781ec356ce2897c210b70dabc4cad7cefbd 1640711314778 1640711323671 8893
f5741e9dff3211bcc00d2f1878324c5bcd790cf5343d90c83965eb57f85f664d 1640711477004 1640711486574 9570
4eff058443af0807674189ebefb19079dce6265fd08b8c358ccbd056526b526a 1640711639361 1640711647782 8421
9abad48f54f4259660d2a67687176bfb5c191deb46df9d385e9f5d3f208f8497 1640711802420 1640711811383 8963
dcd6cb4bab2801fba2f1e359ae233bacd8f13a04c319eeaa65185041d74a4722 1640711964899 1640711974474 9575
d8514f085ec2b0b0a88d37dfc76c570085a66e4ee1a2165f055674a3771942d5 1640712127705 1640712137479 9774
d85bfcfd0e63d75c6453ccbf7dda3698611067749678ea979c86566972e8108c 1640712292575 1640712302650 10075
4445f91113adaa5f695d94dd6ef3b64b1483d4365780bde1a27fcd0c9cbe9120 1640712455237 1640712460115 4878
4bbded19121e9482dec9406cdeb4f69ff849298f8017dabeef2c734ce03f7b77 1640712618643 1640712626073 7430
98fa5a0f9facac03caf77f2fe2a3dc12411c090286005003f1ce89152e00745e 1640712781115 1640712788876 7761
236721c227e4df00990e599b63337015ccbfba54a3af474e9bc0725ee546019d 1640712945316 1640712954486 9170
012e959dbac3b676c64bcb865e5874ed71c061bb5332114b96ed9ad0288fc2ef 1640713108375 1640713119277 10902
549c655b4300bee03398935b18cce3f8cf091c8ea46e74e9e5e64c67e875151b 1640713273269 1640713283800 10531
3649173bf054bb52110da0699c52fbd774fe6ff2e489e034999bf992e832f2c2 1640713437045 1640713444927 7882
7e939fb67216cc0b6192704c00ed7bc85dcce5b53bef3974f1ba782638c1e3cf 1640713601019 1640713610482 9463
a4404419dd712c9a8173b53c176e0a22b5f661379748249ea6a5dac5dadbb64e 1640713765209 1640713772741 7532
637169713bbb80aef01f00055ce9786a953840e0dd71d1639a7f96d69c821563 1640713928694 1640713938502 9808
0984c9082db9923e401bfa4876bc255b58b74408c61b1cf622b2530a9c041c4a 1640714093098 1640714102683 9585
0492767bac248f8739ff44c88d1fd81a08543efa677a1bc81a157d481b803fc4 1640714256895 1640714266038 9143
