580dc3c69e84f9e2726daa5ef40b4c1e3a5aaedc3a9c10d76b487931e65d03ba 1640711151120 1640711159568 8448
5d3051ba3ef8fb8404f31ce5a60113e23759be8aa7c08f0212ca35caa8ba9a65 1640711314750 1640711321903 7153
70a9ada01516a111a9acee203860bb3daa33cef90db8c29683e41dea9265736f 1640711476971 1640711484995 8024
e1a82acc15a1704c897e9ba57e8579d056fb6dc8e01f056c817f35098228ae09 1640711639317 1640711647395 8078
cbf09b08ca12629f2b4629d8e8bddcf486f1a506f6398be64febf183ada031c8 1640711802388 1640711810096 7708
6b5279943bd915cb3e4f07319c3f2db448d30aad429ea83a4b89769f911d9d07 1640711964869 1640711972660 7791
6bf66f1a38c2debc08cd0c5ff1004f96ef1821c3024ba884413fcafea61764b6 1640712127666 1640712134627 6961
75a8e1fb90376cf33d49d109cc80f9261865539fc69d02140b327ce09dda691c 1640712292501 1640712300968 8467
336dc5bb60ef61f407fc9d8a7827222cc926337fe39a7f9db317e9fc9214157b 1640712455188 1640712462053 6865
78d76d533b28f8bd83d7bede86f1e3e07f86f12d7ac6932cf1df36fdca6c466a 1640712618613 1640712627374 8761
f34abf8ed2f10e84bdcc90c286d5095ca6df7aa637830083327e2606cbeddf86 1640712781068 1640712785600 4532
ef8a6f0da8c8b6d654cd6b240bcc7e9cb641f07bc143821d6f0588a5b48e3c57 1640712945231 1640712953101 7870
c4e4c8bf304ffeab549d90082999048eb1b1bdf5e7f7caeb1f53ca49204a5623 1640713108250 1640713115661 7411
78087a381a86073d7c8d826deb7704440f7cedd6ef449b8b9f3a77f5ab665d83 1640713273166 1640713281678 8512
dad68ed09c9bb6f8a9ae151d2bce280dc60c9457c1d464b03d4e8475dd359de5 1640713436922 1640713442111 5189
c4af680c9479deb415d4ca73da3ee085be8e3448d8d1181065170fc4b1aaca05 1640713600850 1640713609554 8704
ca9fe53e4bd15cb74984ab82e7357964b7585999fdcdeed3858ce89d560a7207 1640713765162 1640713774504 9342
6da557be3df5976528385bae1a8e6e2b6993e898f48a3f0f80e007bd86c4faca 1640713928488 1640713938128 9640
18fc48963de70136cb8d6c8837541998e7b9982b93035848a80dcf963cdbf259 1640714092762 1640714101844 9082
3243a00f44666d98df03a6f2ea4f3cf71c36e9d4156ddb5ad9bf269cb1133c6e 1640714256793 1640714267912 11119
