ffb1c57f562d8104373ffd84e75d616b8b42a74dd5f59f77568fccb002fde131 1640711151131 1640711160777 9646
cc4c76aac32c55849f08949596c1bc2961c1903fa8411592d552a6f08638ef8d 1640711314767 1640711322480 7713
5e3f67f620aef6ab78728be667698b874a3d20bac340afd0bcd339987a21fffa 1640711476993 1640711484997 8004
9071d9d3b08f82f736b0b5b32cb60edd2516ec622f1c7577a7a445cb76702fb7 1640711639338 1640711649270 9932
1823b4d17420b94e36e3e165dcea2e94a3d3b840467bd6f240d44604c9c4af56 1640711802410 1640711809858 7448
b4867a7f9bc6ed330e2c574246b4a6955241edec690c4b634cda5f0510e6889c 1640711964884 1640711973845 8961
5f4cb52aa1a70f8703635d0e1fdf3aaaee676f481c944adbb2df4036591003f1 1640712127690 1640712137296 9606
c8d85259cd01c2b198949cd3f4399e9def3a2bb7917d241d7198fbaaec701284 1640712292533 1640712302717 10184
5955f5a904ce0de12b174ac1244e923fa801757f868775ae6f691cdf9033a3a0 1640712455211 1640712463825 8614
ca5e2773f0389b2957fa6310c292666e6f8c7bce68192157ff0d3c5ddfcbc888 1640712618632 1640712626697 8065
5196c6b90231551b9e1368106cd9ad46ef7dabeb6177603405ffdd0c17fbd368 1640712781091 1640712790018 8927
27d97cde3b93ffc8d3bb80715fc9bec0494ced18805dc2377257c78169ebc50d 1640712945253 1640712953846 8593
b35e0b2f81ad3f4dc2dcc828e27567d001bf5f9b37dbf622389ca77bc9b1fe22 1640713108278 1640713119590 11312
db4800af2acf053baf9646ea8ee5efc384620eecd5c034b23d4046c0d13d5388 1640713273190 1640713283488 10298
ae5d2d2e337216dfd06795cb05b68c445219ed0c54e1a1090b1893159e815617 1640713436979 1640713444033 7054
0b9259fd8f2d5ff3b1272bda2f89f727e971ad63fffe97dfa6918cb80308b6a1 1640713600902 1640713610088 9186
ef170d82f458c274f9a676c4d9d517e9b93dc00b50b1ac35d15da161f6f7c239 1640713765193 1640713774235 9042
4551016876016830dd0b36bbb94bbb009fa5876ee9db303142de7c0fd6df3b65 1640713928534 1640713939002 10468
eb7c4780a1b3625134bd74ffa7bbee2c10652ef3c2c25b962d62fe5383f2084f 1640714092897 1640714102648 9751
0fbe1428ecdd26efe450161e572cdbeaa277888ed986586a0083743d86623bcc 1640714256813 1640714267892 11079
