ae6d55165a6a7d28bab25bb78fcd2565fdf989371b4e588ef73736fce0c6f3d7 1640711151077 1640711151625 548
8ce94b46e9a3f639d562d99d2cb79c0241e5f9b0331b38968be7ae00abc7d056 1640711314702 1640711315355 653
7d289321c7ff05bd6a720e9e69ed0b6f2be9b4e6dc4312c22689e7bcd4011310 1640711476927 1640711477650 723
365a7909f9218de92c93b8ce7c069d4341e39ff2981a497b5cd28ef66885be3e 1640711639249 1640711640029 780
40009d671526e7a860eec3e06992fa0a26163ab155c355e2ec6dd7c8c0325ce0 1640711802333 1640711802933 600
03959af45f95d2593b61ef76446d724940821fa84f1fb98b13701375f6e8ab54 1640711964809 1640711965492 683
2e191671ea4bc12b9484f8514d96c5fcc4b4178afbf2c67d0c461548721bfea8 1640712127606 1640712128373 767
9157efc8d6e825af14f2d1587bd79e0860c4ff56d27b1844da1891a07ad9ebc2 1640712292436 1640712293204 768
45bb439673b6cac5cdfa8fd72862d05cc753888b95828c03eb9a6f3b72b3e963 1640712455126 1640712456098 972
8e9b957901132b21b47926347731e6929365568d1a32dc263056bce0d4f62cf1 1640712618560 1640712619360 800
054a09e0af9e55c1643d369a5e3fec4bbc2c6673488485bad762be92d346c53f 1640712780995 1640712781817 822
4b8bf9dc1058d8646c0eac94a466442f887429082a51e29b6efc0cb857c6b9e2 1640712945159 1640712946086 927
e340b26a38da2656178420bca2ac2b26cecf8c163d97ebb50b5d59184d2de99f 1640713108179 1640713109187 1008
642a306184c1b2f297fc601e148f39c7fd31d11a5fd5dfbd5ef53e0aa31724e6 1640713273100 1640713274038 938
1a00acc5d12c21011b5b800c45777624e8d65100a2d5e1562f7195db99ee0d9c 1640713436846 1640713437676 830
b0e7641dce64e57cb79488eff38f2d7b4a6dc43073f2e952bd2d386b8a984330 1640713600776 1640713601682 906
b5c09576ce00869df2f24385409075c36697b3f75c5d4fc41b39a27c40ec1587 1640713765079 1640713765586 507
e85f50845ccf3585fad26a1cc963bd8f7389598fd494cc44b7d67cdfcd3e6fa2 1640713928409 1640713929454 1045
cd8d9f1f28452aa08e669d66c3072fd58297e32dfa0779eec430c268b4643598 1640714092683 1640714093628 945
ce41de6b17581f40e7c16cb4bcc50ea74807cdfe3160e05e0c184c01cbf6005d 1640714256725 1640714257382 657
