cbe9a380468e79c00ab75636420f040657a5338a96ac508c9aec25e0ff7c16d9 1640711151106 1640711157445 6339
720335d4d68431606bd1bcf75f444680ca04a2d65720782fe75a7e6854ee4c05 1640711314735 1640711322320 7585
d089a614871f6e12164ef28e226894f191f54ae1f5e57760ceae1646130e2256 1640711476960 1640711483709 6749
d757e56cfdb6b6bc60ffd425528d500c5343fc94f991610808d168e4b1d3b4e8 1640711639301 1640711645251 5950
f1939527e706f07e3bcc559d7ee7082ff5cb69d448ad68884aeebcea9c75fd8b 1640711802370 1640711807995 5625
8d707ec845706c692681afdbf666e184a65e82b9a998551e120eb3388422db69 1640711964847 1640711972337 7490
66a7e85af27a0326c14e95f10b2d68bb02e287db9cdfc48df71531b3d570b0ae 1640712127646 1640712135869 8223
debf87cb51aad6fff019e2809c103fc29838a702b7263f4c4c808f48cf90e3ab 1640712292479 1640712299637 7158
705a44d9abc3dc9359e35da2f0e901008024e6defeac066c73361880f695d3c1 1640712455170 1640712462901 7731
c3c67581b747f3c5efa4253b03118e56607cd201007c20669dfd4fc716666ffd 1640712618595 1640712625385 6790
b8ed8410d5161dfa4f9c07272158c0f3e38dfd7468e59b294098da8467d666cd 1640712781049 1640712789147 8098
2b12167bb7fb52528a95e7403795cfe74a949b4fb53bb31e3a89dee8213708cb 1640712945208 1640712951430 6222
3561b16aa93a0eac7557bd5f920854c318b4c9a17ee31bb80cafbebf737ea14e 1640713108224 1640713115478 7254
64dfdf8def9440f7517cbb3d5e873c12a24c7308eb3ddfe4979b8bba00fed8c0 1640713273146 1640713280708 7562
48d976898f44de9cc21a8bc4d9def6dfe368795945e1625bfa18f7c308f51ad0 1640713436896 1640713440760 3864
a13571e0ae25d44a57ce8591be1fbefb430fe5d67a3b24da36296dfeaf38ac67 1640713600824 1640713607311 6487
68a16dd45943014a27189d3140683fc67cef1f2df7eba58e91992932789e8640 1640713765143 1640713771939 6796
e968e4a78a968f562267a999357d286bc8cc6f030a1b10c4b6dd047de45b98e0 1640713928464 1640713935496 7032
ba6fd77988e5e68f2b7c0e85bae6622206460c34428d93cf4db8eeee83ee0fb5 1640714092735 1640714100625 7890
f5fe0d57bab52967ea346a60ac935499c760bfd685c06c7e56fb37b831e82619 1640714256768 1640714265046 8278
