ae267912b851c540b8b5f535340e3051e7980745869468cc01a0c1340594aa1f 1640711151130 1640711159119 7989
663ad389583e4a258fe327be0399ddd9fe94f3de7eefd410f224e28b21924839 1640711314767 1640711322493 7726
fce3d964363f72546fdd4120340d40d1e67c8e348631f81af4ee49466f0a5fca 1640711476992 1640711485222 8230
957014dec173aa7dafec5fafc4f06f563d0b353105680d2550b5007d267c303a 1640711639338 1640711649573 10235
77b6398c717c1b9b9d226fc8a3d92d42967fe11e030b041d6fee9ffa736d3161 1640711802411 1640711810512 8101
842bb87cd9cc9c583641b7da7f366ced44e2569dae53a8a7b49ed560733fc790 1640711964886 1640711974268 9382
31cb922748d93834120807f5b435ef96c5282c628a5929d7d6714f4fa4d126a2 1640712127696 1640712137889 10193
933b48623a8da9e37df28659f0c9c682ca12490983dcccb3546763d2ea1dde7c 1640712292533 1640712301827 9294
fff7f8ef73100f1cf27465ee003a243d3e790ac1fb1e7f7db4014dfbaad5d410 1640712455213 1640712465197 9984
2fe381727b368358f3d6ef877d760325d4ef303305e9e314cd1a008a994cae32 1640712618631 1640712627215 8584
6d5b74a71b62ce60ab2768f2e9ef1a2eb57e03f8e531f124e29aca92e42a6686 1640712781091 1640712788849 7758
b444195660a9dc781bd8ac653db7a1248591d71174a1ade456a9f1e675d0f792 1640712945254 1640712953534 8280
0931e085927441c4d50d8a6a22be981258ef9adfe9710d004ae353e28c92084b 1640713108281 1640713118572 10291
58354053a5ebc27cde99aa744937018760c6865baa3bc756e2557365057170c9 1640713273190 1640713282018 8828
0911e41e7fcbf59ee428aeae84d9744649320ca7ed84efe008b7ed4e0aead25f 1640713436979 1640713443941 6962
5d84af4653e148851d87cfe8d1ed01d64d4e5d5b77cec8de496c5b04f14e0745 1640713600903 1640713610588 9685
d51c7aecae144d9c1b8be4da12b138d55718561c618eb9fbcf72616d6be9cec2 1640713765194 1640713774501 9307
d3c8d424351a71e45abac5086ca5c4529adca2e50924064528d4c0b3516c572c 1640713928527 1640713939558 11031
ed649fbbd471442ad64198c02df8692cec8867076b3c6670e1c06ac805e28cd4 1640714092899 1640714101865 8966
6c959bb45991569baed670c83b74eb066db3b65dd16ce794c295884cc11443e3 1640714256813 1640714265015 8202
