5a6b862da6ebf725fac8f847aa3cc5bcc98e9dd17ebba65247942fdd39cec11b 1640711151094 1640711155005 3911
21fe8669bfbf9953813467ae5445902b343f1eba954d3d13f1d99dd6290240f3 1640711314721 1640711320154 5433
ff4daefce44bfef290d3cb9cc104ad278054e94e0f4e5abf57fa4c4514352db6 1640711476945 1640711481494 4549
afae75c2d8d96f4aa32d402617dbf8a5b37eca7522f99ebea01564b1ffd26e8b 1640711639273 1640711642013 2740
5c041ad6780273b17fa1f9d2925e9ed3e12bfc8946f4e33b0b202c072dc8ced3 1640711802354 1640711807599 5245
2823eded4171d6e01fa6cb5cce173615d7f7d0215145576ca1a8b39789214282 1640711964830 1640711969479 4649
dd8c5720c83b55ba326b9ad4863e26693a8dadb46970d42c56bd1d0a7eddc8ed 1640712127629 1640712133586 5957
580636e093eb2b442f71927f7674c120d2228f6bb0434d456b42c1e8f5558385 1640712292460 1640712296903 4443
a5f774b2a8375787088eb2ac69d5437dc04e73a09a34959ce54b03703fb4753a 1640712455150 1640712460805 5655
fa78cfd35ed9c5fa449b8c06f76d3636db25dbf645e2e48cc80776f95aab7045 1640712618581 1640712623854 5273
34fa68401fd9a6ac40d1899ac17c6feb7d4f2b81da2d182803198947ec04b3e7 1640712781019 1640712785610 4591
3fceb9861a3b354dee3e810397d91a617c22d37abfa39d691ff4c3fb7b7ef0d4 1640712945184 1640712949086 3902
88d636750917c40a50141504c3e47e05c23dd91723f6fb65382b97a250ff3e3c 1640713108204 1640713112675 4471
ca05778923d1fcfd764f3c016d922e0f0094f3b84f81f1fe47162f59d2f917d4 1640713273125 1640713278196 5071
4118dc3c2fa7bae0645efaded49a482766ed25bbaa91aaf487be51661590c25f 1640713436876 1640713440071 3195
14dd2e57008066141c4f9b04ee66d0d86365347c9a671131a9bb4d9ee4fa752f 1640713600803 1640713605943 5140
ff8ecc08d712e5bcc023e362a1b3bce315b06e60b3c32d09f8a71de66ba93693 1640713765107 1640713766986 1879
2dbd376e3978d460d279528ded49684e90640cd6599d4c9fe6d34a38030e1dd1 1640713928437 1640713931928 3491
4c54bf3c59cfb1520cf4d54c350c4b2bd71fa232989027f0d4edb76338f4cefe 1640714092710 1640714098258 5548
65685ff6347b03d13eb38e83047280744e4f2bdc274a80da3a7367a75a6c21dc 1640714256750 1640714262215 5465
