fef39e1d69f30847e947d93aeb66562669b91f562e42d2a159c0cd312003fb77 1640711151123 1640711160778 9655
6c3f4c599b5b3af977477c9daade674aa1d6587232833142d7cf8d917b9857dc 1640711314753 1640711322474 7721
9709fa9fa0aa77c277a8e8dd92181b236a012da857d49cf1769f148850457f0c 1640711476975 1640711485545 8570
d62c0bad8035b9ef25a1563220691cec6a1902492752ea86d6ec5c0d73571d96 1640711639322 1640711646896 7574
67759c93ae54d3486a594411d70ec02b7e0fdf8705a0a2c3de3101aefb5c9895 1640711802391 1640711808987 6596
9cd6777efb3c32bfe5abee2f121a3a48d26bd8f4e6a9ec4cae550ceb2c8e67fb 1640711964868 1640711974556 9688
8f02d1c2777101c9f773f550a6c4808727338b765cb292b2ae9c540f516f0e8b 1640712127671 1640712138556 10885
a55ef0a45f17d727d18c4ed3d5ef2464c1722aa33e80c2338df42797198c3d4a 1640712292502 1640712300468 7966
91c21c99f055e4b2627634203c05f74a3f8c5d0303669dd3cab1e7b8dff5b393 1640712455193 1640712462806 7613
d55d8ab08d1a107601b637069664eff1e2cce57653bf96c8ac31ceb2e1d9eea0 1640712618615 1640712626188 7573
003546442e3de4ce3e5837202834ad5ebe630097540f0e9f14e12bac0b44f908 1640712781069 1640712789824 8755
3bce23a7ee1b5aed3ee381b4ee95abac420ca53c3b57de675d6d5913055eb88e 1640712945232 1640712953064 7832
ba112e528a541b424142e523c448bc5c9bd590566aa65f330774cf56ba255963 1640713108253 1640713117630 9377
0299658ddf57079246cd79c34d2eda6d76bfc2ec8f436c546f36f3c49a2e94fd 1640713273168 1640713282960 9792
c52b7c4721e4f7cc7af232824e8f223f1e8c5753dba3cb2788b30ac586ea4dd3 1640713436926 1640713446962 10036
85c318060ad18e338812f563235fc8df97851d581470a8c1953d580a6f1fc96c 1640713600850 1640713611383 10533
0988fcd2bdcef65748b4d142df2bf97e5719a97193d8d5f1951b2f87f688b5d5 1640713765165 1640713773711 8546
850e9c4908c3344b019d7e03ae7f61b7c0805c49d6068fb01159d138f959ff9e 1640713928493 1640713939786 11293
db0a13971d4ea84f09ac08d04125c27d6f1d552fd6df1ba427fc921967dcd0f8 1640714092766 1640714101308 8542
bc1cc41f2299f86c2f77f8ae19fc86c3fb8ef089e2f9612b84439b55f2ed412c 1640714256797 1640714268011 11214
