9583398bccaa76646ff750bbd925a0a4d875bcf84def0b6c5a99b4022f80a8b1 1640711151096 1640711157133 6037
f8c8b30acec17b97d2f9accebaa5265024760f9a468e555604991d5c7a9b7046 1640711314723 1640711319830 5107
1f14ac8f35550c67b7a9849385860129979889c90b0e0ba098b112b3d6366d16 1640711476948 1640711482755 5807
88557abfe2f5549edf290f33ac763269a76aad85c65c4996984300f4fe8690a4 1640711639275 1640711643218 3943
76a80743dddc1abcbedb277ea4f3811fb04ef4aec3b14ff125e6fa33107579ce 1640711802357 1640711806764 4407
18c40d73dd526015ce468c0a911bcf363eb608688ed02e08982e093d80b41d94 1640711964833 1640711969737 4904
4135bee873ec3437346fbaa6231594348bc4c396253bd7385c569a0057af938e 1640712127632 1640712133529 5897
41653a729cc09e816bbe95c4375917f6a7718d96900aec124d10f5787c77ef9d 1640712292462 1640712297031 4569
f4f9d3f81e5415f6145dfb6bec721a24878195642e75fd5b59df994b0cb28cfe 1640712455153 1640712460747 5594
00262230a0f78a4b77f43d2b3bc771ea338ddc6fcfc33ced234ee889a62a6323 1640712618583 1640712623909 5326
63eb0b7653b49fe3b5bea8aa5eb11ff6ca3e531920339cb3f58e1edad87b1845 1640712781022 1640712787127 6105
b9bb5537b21922dbd0b61aed3e2889e43fa2239be6a30621335574b5c747046f 1640712945187 1640712949153 3966
fdae7f5857de9b66f4e620ce0f859882b245e7fd10b5c70cec23db52e2b15ea0 1640713108208 1640713113519 5311
cfb75d95951634505841c607f1d109fac2383ca422e8670b7759ef5d5eb49f7d 1640713273129 1640713279115 5986
c1fa518c94e0c3db14a36715a8d0d8dfaf03bb388e6108ed78ae456e252d60f0 1640713436878 1640713440877 3999
33b101ae82d32699c7b1741afdcd4879aff024acf583d3cf7ec939c29478c103 1640713600806 1640713606385 5579
f353c1e14d1035fa3a6f805d1c58a320523997b4379cf97be18f06478fa5fcb0 1640713765112 1640713771761 6649
fad5accf3bef7dbefbbe17e8de40cf85fc8b05cecad76f7ee8202fdb3f23a834 1640713928443 1640713931628 3185
8ac8c37356f804a5b892cd2c4276ab9fcbef50fcf4877c8c67fbab4be5856ae8 1640714092715 1640714097072 4357
b190fe294576202795ac6c841a16d6282461afdd33108fd99a551a1e8e79e8fd 1640714256753 1640714262729 5976
