eaff6400cfc6b252295ff5f0ef84a551e79f4a5fbec34fe40dbabd848b1e9ee6 1640711151127 1640711162274 11147
70eb75cb64bd1b7e83fd37ca0bfde975dfe24e0581e32a2da5fabf7c2bab7b7c 1640711314763 1640711323293 8530
02bbc92cdcf540d836bb26decd161dc3a561aa75a7b6a74acde6cf4da2284b0c 1640711476986 1640711485288 8302
9950a7d8c60d409ee1a88e263078a138a37d9d9a3ada20cb406746804499e640 1640711639332 1640711649560 10228
4774d5ae0d5f1d4f5d115a9750cf9380d723abc30dbc19edfed9d6622f87ac95 1640711802405 1640711809341 6936
12aca38930a4cc16ba247a8cc63d2a9f419978c3786b23d61d50df7c8452889e 1640711964884 1640711974362 9478
a5182af3fd51db0a67450089bd5b75ee54179c46a95992423be39c13b9aff3ad 1640712127681 1640712137166 9485
f3388f7209a992d376d7461c84547aa9018531813989953d1a3bb7de083a976e 1640712292526 1640712301133 8607
16e9df135672e66c6ecec682d9b3f7b9f7d5c2ca95aca16feabcb5fe7503e3a6 1640712455205 1640712463744 8539
1f677760ff16ad72d42b5fa1702f28f224801b41cb3dfdd25aff103d8b87878d 1640712618627 1640712626488 7861
f64a944a58bbc3b6e3454e0f52f802e40649f912dcb78de5a1c09c8e79e03545 1640712781085 1640712789766 8681
bb4b78216a16cf0a193da1ae0450d7cdb0fdfef70a6543b65bd58e0dfb732de4 1640712945249 1640712954257 9008
af6c500bd0da797166f38ca2d4e69831377241b40fe210e4ce08e79db87e9ced 1640713108274 1640713117761 9487
8ab638c6ea7269f63c6d5685948bec8c45e937158cc5dc41e49ec4baba2ed28b 1640713273183 1640713283223 10040
c561831a9fc33e9ef26ae4a8b8ad28e304f3f298b3110929a3361b1893949ff8 1640713436939 1640713446495 9556
f0223b05176870cf0c8eef036894570a4c3fd9e6931c73846cd9191086b23d5d 1640713600867 1640713610218 9351
a281aa02725cead0afbf02ace801a88e965e0dadbbba8717092df67e0ac37c43 1640713765181 1640713773312 8131
515923ae49cf7f1565be926c202959e4efbb68f1de4834c0fbf6e2a476fb1ee0 1640713928509 1640713939330 10821
bd061e3994532b0516dd74b7cebcbd2faaa14a5addf4a21ec748d859c3a849a9 1640714092837 1640714102205 9368
a9572f358aa19ec2fbb31ac2b48a86dbb40448dcc9acb0ec7cde2856db582701 1640714256809 1640714265256 8447
