6ce1c73d927775133ac6d526a9edd212f1247566b88ce7f67910561ccf531096 1640711151098 1640711157138 6040
cb97b8984f61786cc94b82d5b262ee4b24fca5617e17e11771d3c2589a4cc947 1640711314725 1640711319317 4592
eb06af9fbfad585f575492a1211d8830a1a89e20bc1c7eab187db7e60dc282e4 1640711476949 1640711482122 5173
3e74d162ddc1ca4754cda25bdc04076b4508c69ed438399f84ef8f886a4117e6 1640711639281 1640711643490 4209
5ae1042fd6ab874e70a7cc6599658a22c41e56b36a6dad3ff1fa74635a8c68cf 1640711802358 1640711806883 4525
c406e2563f241259af92eb9117c72e4f99cb856cd68e11f90205c4d1a3186f79 1640711964834 1640711969467 4633
d1406c5aeefb6af494adcf7971da5958ef00ceaee76ef7a5425a86383a13d6d1 1640712127636 1640712133371 5735
e07f822b44f167b93ec8b011168331b85d681421acf6b201d58a12bc4920db45 1640712292464 1640712297761 5297
b8a2959923335eb5b4e10ff1a910b07b75ad0a9dea1cbb75db21ae8034966de3 1640712455156 1640712460113 4957
56517382390e43eaa121fba143c0d4af35adc327c33766ab3a89cb78cb226a85 1640712618584 1640712624721 6137
a19ebeeba5ba1a95872bea1a8d9221fe0cd44de1c560c3204cf70e9cebffb725 1640712781024 1640712787072 6048
a202ed30d3b75ed09640605e2f606c4ca39c7850d1c522e16d394097bf4dcf12 1640712945190 1640712949863 4673
07928db95f766910f5047cd131b285eb75ddfde90933a62588373f19b2d57066 1640713108209 1640713113469 5260
0a9cd608c0331c301d65913e6e7bb3b8f97bbc759e38b53a51d308d27e0076e0 1640713273130 1640713280021 6891
6378db5912947594fd40c25d17b2d5a4951cac0c13bac575b750b78f02ca62d7 1640713436879 1640713440820 3941
13edd93b5a638d783517108973098010c0c5ccb4d85b64a20b1f971a141be02d 1640713600809 1640713606273 5464
7795a03dad015ed56bc9fe7020883ff3e36c065726cdef00630a80e6d235a2f9 1640713765130 1640713770890 5760
501ef26a897f777812d87b5a96af08d9211bb3f6be48d7e0cca46b4a4e7b0d5a 1640713928443 1640713931649 3206
9f0fd7136cd9a781be5fab628ce8268068ce16d9b91323e00f319652cba1ec56 1640714092718 1640714099124 6406
a0db10e7cd3a3ffb572d2001621c7fd45203d370319e1872424a3e6f5f476558 1640714256755 1640714263211 6456
