8182755842a299d58d6e8282c8030b63a7c5ad4afda86fab5f136d02f42df1e2 1640711151083 1640711153963 2880
c3c71d21cabc85b9cd83a49b6002f9807ab0c6f15948878a203dc11ff3dcbf85 1640711314708 1640711316096 1388
43bef0c752997a97ff994698274191f07ee190e3d3f182c16afbfaad7fdb765c 1640711476934 1640711479080 2146
3cae1e78d841abe3761f32f1e02635bebe7023a8713ed3479e25291d9055d471 1640711639257 1640711641698 2441
0bc73f754eb543558a9f20bdb7183c7e9fc1bb80669b3a0b4c50a2321ddf2d46 1640711802340 1640711804038 1698
46994da44e824b31ecc576011bd30c3fd12522379626b946ce3ea0a7bf92c0b0 1640711964816 1640711966427 1611
d9c9c199097aa52c5b9d5bd58fe84169222e2188fa89e775e857e1ac384eefee 1640712127613 1640712129042 1429
c1269c1928b31a5f87df4fa100e12705671824f4309cb4f70c025e1081d5a2d3 1640712292444 1640712294277 1833
213b24505098fdf23f3e7c9f9ddf13d8c261f5971c72b950f11a7f0a9b71af59 1640712455133 1640712456052 919
24f201c1d1264f7f123a1c4460eb01a33075dd06fb5824c711e50802e54647d3 1640712618568 1640712620597 2029
834729de0ddeba4ace22f5cf7c557bb6430b535b4cc588edb12ba145e78281d6 1640712781003 1640712783063 2060
a51aa0757a1156611914b62a2d3b9589c02ffb6bd3368e7a7b7343168a215202 1640712945168 1640712947363 2195
d9d9885f87e69cfa5a21fc7c806996179cc1a3c2bfed831284010a9be90791fc 1640713108187 1640713109969 1782
7fa84acc765fc076f2e6609cfea6fd27f08c1244608d76c5a061770e2ef201bf 1640713273110 1640713274962 1852
056ab0ca76fc7e778854e3a59899de2c00ceaf951c7a4f05ce3ff9e7f37dc83d 1640713436856 1640713439074 2218
10ce5331ab701a0d0c3f2472f4e2022b2611cf18c011f0eea7f4fb6936ac1cbd 1640713600785 1640713602426 1641
1b2c8215bbb3507d2e83db3baf1665afc8a4b269eae1e74d8a709b70cbd537ce 1640713765087 1640713766885 1798
582c643d943c71ba7dd11e18ed085e4f2500d1447b351364cd57c6f4490f47ff 1640713928418 1640713930806 2388
ef3c3831f9050e1d844c95024e13655bcabf8bc14ce922d7047ecf953ced5790 1640714092693 1640714094523 1830
0c067acfb8ee41e1fcde4d15ec4fbece95294c0b09fb51fc10ae9dfa3ae3aa5b 1640714256733 1640714258227 1494
