f3601bf130c35cb544c16d2132f934f57ef4ff5a312fafa58c74a0dab54185d8 1640711151103 1640711158351 7248
deb7455b14f2bfbda8390b5811cbfe00830cc2aa38eca603fb3a2e32372ad82a 1640711314731 1640711322199 7468
e0495807dea4f90a45d6397d5ec0b2782d10e72cefacd149c4a066a0855d93b0 1640711476957 1640711483270 6313
353e49c6562c6baf8b852c7e456d01b2458a251b7b11614639d3af4f4bdf2d8b 1640711639296 1640711646257 6961
a293bc23b50bff7bb545bfcaef3dc16aab6b1f901c3f630268f095a3e5cd06ab 1640711802368 1640711808609 6241
7f9a7d3bcabdc36ba04af3c4802663cce321d7c717a0cf008ec3c918e7afd3ea 1640711964842 1640711970288 5446
ea58e360e485bf551bfa2044c0dddda1d4afe6b2dbcc897d24c3895a92ae76a3 1640712127642 1640712136775 9133
683710999104d125056bd082c7555d1f9ffb3718b2072ea543b03327295a7a73 1640712292474 1640712299170 6696
3907bdd5ef4b042ed2e8625c5f1d67dd9cc31508c70ea866bea469f47607842e 1640712455164 1640712465627 10463
fe467376a8d8d66a9d90cebc3f989ef14bd5a54f0919154f89f346f24b1eeda3 1640712618593 1640712625432 6839
7f782aac594a1b4199b78b8be4c8078c88084d67120cd0f7bcf349637882a62b 1640712781034 1640712786573 5539
7fef3f873f6add314ec8b399894288273b95e46cc38218159648ee4e3a1e80f8 1640712945200 1640712947882 2682
0d980eb08c234af6ba3cf3998a15695c7ae0c716314e472ef65476aaef58d77d 1640713108221 1640713114618 6397
76d4d91d4dfd36e1a1f6710c3f6f9778d2a2218d295992fded83084e1ce585e7 1640713273142 1640713280202 7060
94feac00e32c531c080968db2247cb6e253a9d01d37a9b9e5a676a59c69c29f5 1640713436890 1640713441863 4973
a31bfde98e74c84ebab85eade82fba85adcd852c0cbab348431e50e43b356208 1640713600821 1640713607150 6329
d70427d5a24dcc9d05ac7e657fb7a48fe411e89c02e672e99ad73e15d83b7309 1640713765139 1640713771865 6726
8ca33f5b3987d34c147e79d9ac8ce85f0900ee2e5f5cda388e9482421ca270bf 1640713928458 1640713934229 5771
c28429c20b2f240414d4276f72f1a2c3208d5608139e2f7bacbe857ca0115bd9 1640714092731 1640714098649 5918
1a8e7d516fd92d6bca36270fd8c2014b98a994f7a8e21e09e6889e8db815afd4 1640714256765 1640714264945 8180
