ee82233cfde0fc722ce9a47ac03bcb68a143a3a84a98ba373a9d01c624610724 1640711151099 1640711157425 6326
74c1aff951b98238852c3f96b56425e64350f5e25b4897b7483832b3a9dee50c 1640711314727 1640711322241 7514
da944d3cc184fb03ce2d353f726a0a16b05da2d336eb12056e19ffa0d1fe575f 1640711476950 1640711482206 5256
21e5dcb7345609a4762df5b5e1daeea1c5dd98869039d56b933d697859830496 1640711639284 1640711645474 6190
8fce54b5ce4f1e77c2a561d23d92b00099d37582742ae726f759f48fd9409612 1640711802359 1640711807970 5611
fdd310a8752f9aeb55b60faf1d9c31f88a11de92b4ce4847e88aac1b1675e3a1 1640711964835 1640711969454 4619
973c6be85ae4251239f3c2935d6cc59d149d12bceee8c16d534d2fdebfc2afc4 1640712127635 1640712134822 7187
7cded2131f2bddd43b606ebf1fd312e677b898074ebb5dbc5ffcd22476662c17 1640712292465 1640712294846 2381
c32ed7f1d1d5f0bd6453405e1706da61926068051395689549e8d63b6f4ca6d8 1640712455158 1640712461796 6638
fcfaeb709e6154a3eab8b4c31c62149a9e7091b16a0b141ea16708ab2f1e51ed 1640712618587 1640712624795 6208
17577d85200ad9272f778e096c4a86e642f82f2c50bc8b7768bd0bace7c382dd 1640712781024 1640712787031 6007
62c65675e95570f3595a363ccba040fc8c9b596f625faf75b0d166b4b9ea6811 1640712945191 1640712952310 7119
ed3b252454de5a22d0d8666dfcef2d95af484feaa5ae9f57ef69966af1786ece 1640713108210 1640713112593 4383
29c07e04f8fc1cdda1b70f56f615be9bf9410d875b6ce6ca0e0b5efd2ade7b05 1640713273131 1640713280172 7041
0cca9994cbb334ada8e5bf868ea8327a5b1dfbbe1b8632088b0de03f450cd16d 1640713436881 1640713440611 3730
ca9b7daace15b718126e998b413160c2123318f214f8c224e945dc463de9a948 1640713600814 1640713607185 6371
0a3956fd4a49e8c9de3f4bce6375ff78a7b853ee88f5316e3d8f0c867eab82e0 1640713765132 1640713770880 5748
92a2fbf36fe0ec1ad9f238d791979534bd04ad33bf9875a2840276e2e8601032 1640713928445 1640713932698 4253
03b0e863845eb9516d2f6ca994c07bff299564f0fc2990a69d5584cebc7c6859 1640714092721 1640714098051 5330
c8a8cfe1e064db97af3c226f8fcf3cb2f11421d8634c3b89bbd3b3cdfeb3fcc9 1640714256758 1640714262730 5972
