67b45272c66af5e373cf23c8f67d2bfdb370454ce891121c72eac6c29aa71ad5 1640711151131 1640711160687 9556
2b4fe62f159a3d4d146639ecfa18ba3e0a253455ec6f3c6adad756fc09e83568 1640711314768 1640711323607 8839
895c4c22310e9b08315d4a96407554ce26228dc492c217f25e1fe88cf47cb6df 1640711476986 1640711485029 8043
265d125c51dc06b268df7e321e7ba7796003e732bab99c1d1b6e328e449cece3 1640711639333 1640711646896 7563
d3bca30a733015a0275d65e40122d14d2a5498176d5c2b3a6f09dbde88b94a6d 1640711802407 1640711811223 8816
7804b44e498356c86aab54178d2a0e46e2ab8f3983e9bb8aec494dcafbe1d9e0 1640711964884 1640711973587 8703
53b6a4683c463d95e584c7e6051bd46494d0c96967282fd5064e3cb5e1398412 1640712127682 1640712137338 9656
4444eeadb43cad2eacf065b4a79e13d353ce8bcad38f8b841f5fd767ea9f10da 1640712292529 1640712302330 9801
68fe7b601af944b71563aa6aaf42dd913c56dc5c379c0aabf2daede9fe325058 1640712455210 1640712464615 9405
a257ad08a4285e7197543187e68c8aeb656cc613f6f4e099d1b5db2cb22239cd 1640712618630 1640712626083 7453
62559653834378a05c9e2aaa8e86bf70231b1809d25b8bcc47829ea4a41b9aca 1640712781088 1640712789923 8835
0c962014e8e9210c4a9ccb6bad3874b05b7e29760813c40f801fb14f0ac748fb 1640712945251 1640712953844 8593
eec25be6f83bafaec35af1499e7e111a0dda7d18c0d16f1a7e561e554e0b4f0b 1640713108277 1640713118566 10289
d083aeebe60d9ccc7a002f2c6ea263d56b20f4c97467b975aad46ce87ec1e9bb 1640713273186 1640713283521 10335
f50fd69ec87d57cfa634fce9c0c2a8a791a22ee92a5cf21b395a0717f368a118 1640713436964 1640713446326 9362
8e7005563c233b1bb7bec62216dd7ee81f47d522ebfceff5e49471e174b8554e 1640713600899 1640713611392 10493
3292ecab31acc250f4ff4cbdb2212c8dbc7e9ce2f19dbff44cbc2647e73bc051 1640713765188 1640713772940 7752
3a1bba5097c254457b96e2a58e90aba4ec69e1f7247b405f89d58f42193db5bb 1640713928515 1640713938295 9780
7fafd7dadaddea9189cf2a3c4278245f8d17cf6e2e7a7aea73d13310221fa370 1640714092873 1640714101705 8832
0250fae5e50fec1b1db25b6b842845b35d3e07679e2ed5229b0f6aab6416014c 1640714256812 1640714267635 10823
