dec87e7006330fc6a0fb694aebd19fcae068969f5fe3e00aa8edcfdb4e95c82c 1640711151125 1640711161897 10772
332163e2558be30488eddfc8bfeab97141901eb2cf544687fb2fe01b0553ea61 1640711314759 1640711322386 7627
5b959e3de533c397a9245b3df3c2cfbedd1f19ab76e7a985adaa2d30d3808ecc 1640711476985 1640711485558 8573
1c0014a28af849aefc490ed0d326aa2e8d48a5e357aa06d79674e5658c725411 1640711639324 1640711649431 10107
c4707de50fc0677c731664927ee2be22190c0e9029a218fbee40e9a64092f050 1640711802392 1640711809532 7140
511e5c85d05ae7cbf249bbf6e2f4976444450558b10a632f19e77f98c20a451c 1640711964876 1640711972660 7784
9ef73b27dd1f1d6b1df57481bd76794f82749c849ee67ec3a18c381d761a1a39 1640712127673 1640712136729 9056
2cd7776e5ce232bcc634081dc698532c204c4e03a5e89bc9452c886527f7fef7 1640712292519 1640712302418 9899
0f34d0a4f8cb55a38ec103bef14d46a84658f8d7b333532b45c0369ed1c281bc 1640712455200 1640712464464 9264
c110b5a84fe058d1e647f67a98dd3ef6dc4d4c1b8eb174ebf8b1628ca4ed6326 1640712618621 1640712626906 8285
36ee137aed027f0c0a8d024c4531aceff758fe30418301aaa5e5b37c41962ce2 1640712781076 1640712785654 4578
deef3dd5b24cd3c1000aa5f09e6f16e5695080f0238325b74dd4e490c26bc32f 1640712945241 1640712954642 9401
70690259473ad985c0f94c9d298001a3784da88603be9a3580d5ca3db2d09f47 1640713108262 1640713118566 10304
8ac8c64f5f714e89454df6f924923e1b0922286be0278d7748eaea448a9b7983 1640713273175 1640713281693 8518
877a769cb6ff6158852483afbea48e2a3fff5597657e75b0a87d6b47303e13e6 1640713436931 1640713444249 7318
9e9ef31e849287161d617bd7a495b611f9597ba20411eade2446c93f9b5cf6ac 1640713600857 1640713611109 10252
0cbbb66c225f9b1f0bcd49f548df9a0bfc2d87b0e51c167947fd7b5976c9f4b4 1640713765172 1640713773749 8577
df001550850c08aba44173344d4d3e8911e4ad5139891808c42410e4b53cc122 1640713928501 1640713938150 9649
b1d74038128c45c4211e4d316e5919673947e7f9071b47423ed5a44a82d5ce2c 1640714092785 1640714101324 8539
92e7c4ee7be88695aa42ad8ad118506308526edfbd6b1d6732b54cee2bda74b5 1640714256801 1640714267953 11152
