42ec9dfabab3c17353e7459b7046743a2ad1904f6eab73d11bdd7a25429ff9ec 1640238648564 1640238649803 1239
41d72f87b2421a1b47427d113639e04a09cf433e777799e891048b2fabd459f8 1640238672490 1640238683977 11487
343d602dccfb03b4797ddb20afff66d4fb0d5c06866240927e8ff9a3987edf5b 1640238700991 1640238714158 13167
dd5dec11bf376f584f7044ce393639a0b1d4de17da25e4075d93efb84431d720 1640238733855 1640238735898 2043
763c1fd073089dafb32e5468969958519a3263884950c8d2b94d4d868bc33525 1640238765535 1640238778552 13017
76d7eeac309607e9d206029ec96c4c5422d5219de8137ec8f44d7f4114f1bc8a 1640238794559 1640238808968 14409
4b522ef6008d05b9714cb52d015d6edc88ff7e8c927b8f5f5cf7abec5c5d232e 1640238829387 1640238841761 12374
1088c1974a9ccfa82407bde2987730f151bcfb86fed65f6d716efeecaaa2ea06 1640238860040 1640238881028 20988
12d7be4910178b265afbad4b06c2a44d68f60a0aa4cadc469cbc22cec2de579a 1640238890958 1640238909534 18576
1829f98eea0c586f77c73e9106c185519379ab3b0bc220142067cb1bd7de14f6 1640238923799 1640238938797 14998
1169a01acc78a884262d68a876c0cbe409fb266aa2d8d0bdc85350cface77c30 1640238958880 1640238970879 11999
3b0b83c8bfbf21805d4317843e5959a8231d94b3e7c939baee176b1bb2540f25 1640238992148 1640238994571 2423
d9adfa4c0782681cba3bf7b7be74499541cbc3a32bd01000993a8e12522d7350 1640239022282 1640239040857 18575
d66fdd1423c0e01f02c655b698ab45cff7b9fd4ef8f328728fe50d2495dda009 1640239064859 1640239067404 2545
5cf44d59d11eb032a47dad091bcc330b603737a3f7c6a9653e5f5bf93c240ab3 1640239099872 1640239103342 3470
22a544dd791255738d671f53009dbb49661690d8b7c40b09b95428522da75ff8 1640239120154 1640239122596 2442
c07a1acc426b875fda988a61fab93e4960bf8d89fe7d2cbb680b7f713c8c440e 1640239155150 1640239170713 15563
b33b50fe64802f3a447fb7eb44acf342e7cbff8308966b50cb4f2dbfc67279fd 1640239188111 1640239204390 16279
7dd03aefd439dec3962ebed37820deeba90cc9af8591d11d88e695ce02f246aa 1640239224161 1640239226034 1873
c182906a9dcb3afaf8406370514dfdd3bd7cbbf8daa5e99de7bc1cb1d04c25fd 1640239251967 1640239253990 2023
8b7f458f1b0cc0f6506530f866cd164964892d26e28bcae98c90a591509b8cdd 1640239288595 1640239291239 2644
390be6b9f05fb92027fc0806d8469f200f0ae79794ba3a1ba88a63ad9a7f951e 1640239317917 1640239320239 2322
980c11acb8d52721531c5d87d26ccbb9ee2d9ab60b75c702fd5895aca5fcc477 1640239353028 1640239355321 2293
0a2d4517fb87cbf37b2d35a265691a4c75285ef0593840b2447e446ae3b7a693 1640239384097 1640239399272 15175
9ce5356f384192d7bc086adc4af5ff767fad614b7fe9746e3f69f6e6a19488bf 1640239419972 1640239422843 2871
44ae88b9ed0085aa03a2ffc3cc411ca798d97f1e61e383d68811b990451b9356 1640239451151 1640239453641 2490
1f514f2810b82d194c2e5dade26817faf4008478834f84da2b14f477ebd098cc 1640239483378 1640239508182 24804
3ecaa14651a6629fb0dcd2726083d20ed647e7c2e82932455c7a486a4a4f971c 1640239516984 1640239519075 2091
de39e72087fb8230b2ea93bc5b79a3830f1801c72739d7402af44ed3b90762c8 1640239550361 1640239553024 2663
1522c7a63eac4becc919b79171df1edef797ee3d2a5acb8f2df4b8537e8a2322 1640239587216 1640239589464 2248
39b06feac4f9b5c1b541e3ead4308b6d108811df1c29a8bd06421c4834ef794b 1640239616965 1640239618979 2014
b8dbc15607f0ba3ae8459ffa0c0d68eea1269ac68bebb9a00c1e8d1ceed306dd 1640239652390 1640239654621 2231
ad41952d493a31a011d7709aeb3b6514d3d09ef081de3f89f2867c0a50fe7399 1640239687062 1640239689710 2648
fabdb8d0de87fda727ca4a3c3cc40a33c15baaeabcc707c0fe3b21249ae9034f 1640239725476 1640239727695 2219
9f8f1fce103b8fe4e0fee5c73ad186671ebe52aa97fdb33f66d385b4e04b09ea 1640239752241 1640239755404 3163
ae30bbf4bd0597eec0794db933f6398ccd9d3bb54b6c24e0c9cafcb9b90b27d6 1640239789831 1640239792273 2442
446dce62af4f38a6336854b6db6226d61325117525c779787430f62907f6ffa3 1640239821356 1640239823772 2416
e7ee827e941feefcbfca9a9d295b0dbc83c0515b38f3506ffac61bf5896e9971 1640239858286 1640239860520 2234
9b51c5cd23a184ebd3837eb933de7ccb2ca0808f02cc5b71fca6399686d09f4d 1640239891407 1640239893952 2545
f9c56c2acb2193d9ae0f890f5d5c6e4c7fa3fd7f7d808d65c044c362d76a7180 1640239927079 1640239929534 2455
34fd890f42671abd07b322a722cca1d677fdd53624c5c426b85a5d912dde05ba 1640239960919 1640239973879 12960
0759757164554153c2002e32c2464f9235524e8d722c36958b9d74f657d59d1a 1640239991971 1640239994563 2592
08c47b0cd9ab083237e503c7f5bebc1f48d3218e787eb706147f73bad4f97228 1640240028956 1640240031667 2711
7c94689b051bad69a15247ef79f5f2f7d11954eeae5b47cd810c9d992598d16f 1640240060116 1640240062986 2870
449cb9bbb3e8b7d05c587d858afce951c11cc685de28231c5f90bf61e3300809 1640240106745 1640240109612 2867
da428581eea9f89f10c41072a14b79460a47e1fe493ee3646ba41b1c885c342c 1640240128226 1640240130536 2310
f1351d7daa39b9f2973b699565759b616b307a1a992fc1939bdf2cd06810a89e 1640240163290 1640240165883 2593
65591a86ba517fb10027117b42928ea7be8847bb555e8b27fa1370e44cb6f49f 1640240200982 1640240203347 2365
016006b9458a01f22a3bbc4144883ea69dd7f4c7f8a42487593bca5ade3c300d 1640240234995 1640240237684 2689
ec7b539f1c8bc3e0d7a2f11e73e1f49d8ea4f828462b831c652ae779dadb3bed 1640240270209 1640240272888 2679
