cba46fa403e6a5a668acf43ed92204cd2850ff38d1189f7cc20d1d3e6ada765e 1640238648609 1640238658878 10269
700f084f97dd351bd02c73ec673a8385db7001f55e38ba68d424751ee196d2fb 1640238672536 1640238693298 20762
a199712133b41d07cfcc9224da98407ffc4a587d078b6280354b0f249aad2698 1640238701027 1640238723297 22270
401306c8283798dd5a5a523fb9f971a8b9d06d03e687b3a40b41a214f51dc581 1640238733903 1640238757118 23215
1e53f8bd083dcaaa4ce7b1017ac36b3cec7fd65d53f77bb90452a92dc587ac98 1640238765585 1640238788797 23212
eea37b9004587f79a3699893f96d0fa17a1fcabc3580af9ef4682974d144bd99 1640238794604 1640238821641 27037
21b4625967afa6190e787f931929446dec5d1c86d26da9c3c648c9534381b554 1640238829441 1640238854125 24684
cbeb95e5e82ca2124314966af06328d38760b371079838a5ea39d20e786f0bb4 1640238860095 1640238886700 26605
cb43ab71088c9f2442943cdab7d92d02d70098ba468b1fb083a9dfda8fbfd9b7 1640238891005 1640238918692 27687
9dd5cf238b71866fad7e7c2bc4c6613b276ea0680de12aac23e7b81c282cf910 1640238923844 1640238952559 28715
f1632c3fa9712bd82cafbf4864a02ed2fee59b07a90923c008ace002e4678e13 1640238958924 1640238984957 26033
a492e30103d43a702efcc9f8a35c7a92d47773c6f7fa5332997b9a8c5d64d8e1 1640238992202 1640239018006 25804
e22478fd98a0f6a7c89513194a188be8282b3dd3790f072ba17d4af66aa23abd 1640239022330 1640239043616 21286
d8c5b0ff88f9339831429169e2f1199e7029841d161130d1246dafd8a3cea6cc 1640239064917 1640239079104 14187
8e6c1f6bb0fee7061a6ef1c9bc8a12e086c189e7f8670661754e5f5fdf46f840 1640239099919 1640239115497 15578
809a94ba5286d044a0e57be3f60eb7b82792226e53d54f338e094c2ca09a93eb 1640239120207 1640239147757 27550
4bb6d14aaa96dcba41183ccb32111e83258be6ca0d3555d5cf524dc237eab248 1640239155204 1640239179753 24549
d6877efca69d6e61639588bcbc29d21af9283f2cf51a2d629a2fe25f64f34887 1640239188158 1640239211937 23779
04d5fd41ba202451c40f22bf62e8e73dc0b526825f62d7c1f8a37fd55f7ce15f 1640239224217 1640239239309 15092
1b5c86d13dd0e9438b66983887a8b09ec34e1cfecd12db296edea3e32486e730 1640239252022 1640239272484 20462
cc0bbaa45ccafa73d189447a4049a7bb44e3bc8240fae26d97a77b0d82c3d7bb 1640239288644 1640239309666 21022
1bfa9aec301e37cd1db47a7235c25701e97a36e857247730f4145812d0762f08 1640239317970 1640239345345 27375
632ae9d3efa237c15fdbee8b6507910e8acef87368275a3019ade0e896aaa4c1 1640239353077 1640239376267 23190
140465200383ea50320b3f4fe50065991bb55de4a807e876e381e420f5521a51 1640239384151 1640239407450 23299
637eb7e028f3939290dabbcb699f415b0d999f01c97462f823a55317c1ad47ae 1640239420031 1640239445762 25731
2a0f2c2fd749da2882850646a673277504e218ac3e8165e425a34753f44bfa7d 1640239451210 1640239476551 25341
f1b30372a44e4733d98e4fb4d7fa4d7c9a39aea7d7980be103d79acf7e0baafa 1640239483423 1640239511784 28361
9c3e1b41298d6841811b0ee3bfe46a44ffb4ebd76a89dcd41bcf341a9f55f279 1640239517030 1640239542164 25134
ac019c4ab76ebdaf0c33c6ff4c7c29505c06c7dc8b19d2cd159410871fd061f6 1640239550415 1640239572244 21829
de1d8fbc61bbf219fec24001bb98c39240b7cd66b53af1303ccade5b364fcc51 1640239587270 1640239613217 25947
c4d92f2a4cc1fab56b3f78ed6cf0dedcd9fef1d41d77071c57eeb58f1c61e2b5 1640239617017 1640239642570 25553
7d8db1498e4baea8896a848e8b3ed2ad6bc1e9ec3e626343d329e3951b89c7db 1640239652445 1640239680765 28320
312816a7d86cce896db4fcd1f38c8932b99998e997aecc888f55e84d703cde14 1640239687116 1640239710733 23617
25ff3c8a66c2cde55d875f4248cf94e01de30df6e3af78bbde05c067abbe6c11 1640239725536 1640239748079 22543
02f32a5e1ba88f042a7bd5b7754ab5812e5bcac73f41d512f5f47ecd19d7f2b9 1640239752299 1640239780817 28518
c7bb1461ab3109495df1e3248a4e77b0e0a483f4b1004ac051ffc2e2a68f8062 1640239789899 1640239811876 21977
8fd0fbb218ad26f631ad939f512f3c8f5e9372e98de8b21a430708b5352e39fa 1640239821414 1640239850243 28829
6de8a069f426340ed0faa29cb33ac885932c32db155504e82dd8e3d2779ab276 1640239858357 1640239881565 23208
c491e41bd32eb755bf2f770bf82f30fb64c52cb8290f48ddf3898c840fdb8bf3 1640239891463 1640239914967 23504
d12c33e65fe5bff89c926f980a5d5f8165509bc1e90b287b327bd3e55cdc3640 1640239927138 1640239954004 26866
e65773228cc62ad47726befc465b19033476f2adfe7374534f3bbba102060a56 1640239960974 1640239987699 26725
ea87418b5ee6f05bc74dbad80d69114e50d1547a8d742792ad8da2c86ed4aa71 1640239992031 1640240010007 17976
4eeba54e27b06521fbaf64c95970ae2be83e03794861266ab24325eb1c1ced83 1640240029014 1640240054024 25010
e1838c192736f2e3d441fefcb982a0c4c1d3b45aa7f996390fc847f1e0db91ba 1640240060170 1640240082771 22601
f09c99d73fcdc90bb2b6079927c7dbbc57bab5a6c0cf2843edd89453805ed6c6 1640240106806 1640240117488 10682
70180cef158012e1188ec3015f4a4c258ffa0291060838e96053da974b2887ff 1640240128283 1640240154741 26458
b8bc2d506d19da8cb864de9df5f0cbf512146429cea0775b36d2cba681eefc43 1640240163350 1640240191311 27961
2c5172c791441fb15ad0f0ea8f03aa87a4490f0ce920b681121e52502dbf2818 1640240201046 1640240229087 28041
e7ebb4b7a925ec400e2e38aa03c56025af3f5f68023c7289dfd8ef5068603750 1640240235058 1640240257769 22711
54a2822f2da4670919822d27cb2cdaeda9c0e011a495c4113e166bcac1cc9a6a 1640240270266 1640240295571 25305
