80c3e6017ef3b84e8b5a2f375d06f036b110482ac2ece94af54eb9d04c3b1331 1640238648598 1640238662192 13594
a609323dee31b48d29751c41746277a232ed6ed43b0733098ace003de08bf8c6 1640238672524 1640238690943 18419
f4123dec5327bcc7783aeb9fdf60cb782d87d1aa99159eede06baa22d073de68 1640238701023 1640238721570 20547
677ee6c345bd633c4cb29aba6af9445b2db77a8e4c6d867739a40685a0c59d2d 1640238733895 1640238753845 19950
2ccd2b9790a30b831550fae69ee928fd89655e014496aab87da5667eb2ee1ad2 1640238765568 1640238780986 15418
663e2b89aa4046584ffdf68c15398ca22e9950663f315228bcabc93d0f4919ed 1640238794588 1640238819091 24503
eb3c22c7fc9901c1dad50b7e39ca3169bed8aa5bee1ba28df5a0dcc0ea8c75b5 1640238829426 1640238851349 21923
4c569dada41e5dd5a5b27646130abb6e9e89d7ac598f1af7dcfea1215fa90e1a 1640238860075 1640238883432 23357
7d17c6abfc4c2886f000140b4a2bbc32afe2d21137297657b44eb280d5ed20e7 1640238890987 1640238914888 23901
0a1717025b6b6bc2bf5f86ca9fbc687534c1d9bee2b5a805912ccc1f0453275a 1640238923834 1640238950487 26653
089903473910496804885218cac0f66c11f24ddcdd9f03551866387de5f022d5 1640238958911 1640238973493 14582
78fbe9abb7a7cb2ed3985e865e0b75418934f2ec070ad9a8706110e11e4dba2a 1640238992181 1640239006749 14568
01896112d0b4e22b1688bae4ca931de8b99369f554e6c647bf75277aa3913ec7 1640239022324 1640239050165 27841
2bb90fd710f95dfe163b2c956374e305aa1207c3b46ad80960eade03863cd344 1640239064903 1640239079165 14262
313dd8acda2ec988bf8efbd4beae3b367887928f8837786ba99095cd7fe61125 1640239099905 1640239114204 14299
ba8cda1a0173eb5ba8ce107c849dcb5999abe5bd384e52200ab0ec88a4bb4398 1640239120194 1640239146576 26382
a969a637cdcbe4295fa3a2d335c48bf21b9240e45b680a194e6da40ba74ba252 1640239155183 1640239166798 11615
ca093496df808a8619d7db9aba5460f0a5f0ca01b5fd0801898589eb97ad7add 1640239188144 1640239210997 22853
64a90e8478485d7ae63a0a9f58ad5d06cc0b4b1523a76c63c7b442592ef504bb 1640239224201 1640239248520 24319
a87fc20a574b626e049a4b279aa3645e84b30cc47ab9b05cc0bc870e3866c2b5 1640239252010 1640239272786 20776
7c844f6c74fe2f1a6eda17ad5f3c2019b1583f4312da068c40c103d6d8106788 1640239288629 1640239314687 26058
c86401a5fd7e83a2b208a0659713e88fe177e55c1d8e706e971deac953c5f032 1640239317951 1640239342969 25018
7fc7c3077b3ef9d87b7a8bbcb584cc772d5916fbed4daf813047d7c5a609e2dd 1640239353064 1640239370650 17586
50d954e3de9484420c9dee617c672298b292b83379fb28e2420d1e3499c0ae7b 1640239384134 1640239411274 27140
2aca76060af30f31b14fac6c7bba2dadc99420f4ac70651e399a403ac1e02772 1640239420012 1640239441549 21537
ae4104e77eae54665ee37d8399ad6e7a1605608ec204161746a9225816ec94ad 1640239451186 1640239471099 19913
7a74fa9e2cc7e2817bb387331f49139b279b9193487a51e36f6213149cbb74a6 1640239483411 1640239509397 25986
97268635b8ab1c1d3b4185fdc20e6a0526fafeb80f891e0a9119e21606d9de04 1640239517032 1640239542012 24980
c9faf53ff7b90dc55a8d3f91b8f10e81eef1fe0ec42c872222ed1f29a9f5d2de 1640239550395 1640239575462 25067
b4ff62589482b55f451b431db25cb953de5cd86fc191f4f4bd29e34e1fa43756 1640239587253 1640239606768 19515
548ee5fbed04a821744690a39b306fbc4af87603e1c37bb7a3f20c9e353f9668 1640239617001 1640239645210 28209
c3ed68be26e590794abfd9fd1139232cc108370303b94c03928c4c3449212771 1640239652428 1640239671675 19247
ea2afa019b067a4058b98e2e8dd465b0cf5c0025a644b12c55df1a895280710d 1640239687103 1640239711856 24753
c49aa9f15ece54bf030fbe943e870078f584f838939b263b8125df67a5370251 1640239725516 1640239742593 17077
7b08932b7526ede8e1e5c4ecaf856a424c707c891f168cfe37d6d89b80309678 1640239752280 1640239780322 28042
6851c0c7b6412e08f69ce9f7215eccf60a30848d01331ed2ab367228fda310be 1640239789874 1640239812217 22343
ae8a0a03103643090313c2c1e66928e726ba8270ad53defebdea1f9c9f6ab92c 1640239821394 1640239843553 22159
8e891f271631f88586cb860df4bf3858c5d979be752475ae390ea8c8082b2504 1640239858340 1640239883331 24991
7c6fa2a189f3aa879f0b8977259199775378d8ef8fedd39fdb94871053b2ac07 1640239891448 1640239919457 28009
66160a183200de04cef1dc048c8f9f9c8fa4955fe08142f86c8172e7230af0de 1640239927125 1640239952682 25557
a3ddf4f173dda78507752a810764d0cbb0d6206b3cd4d738f1d39967dd5a3def 1640239960961 1640239985990 25029
1af277eadef6b5e3d55cf6ea1aa91fe91884f6f560bc4ee83df91d7510727d82 1640239992007 1640240017799 25792
02b0e7a8a33d6ef88c95472cda167456620495e97366db4ad9fd480a5f24f1d2 1640240029006 1640240050878 21872
807fee1daec018d6006ef28ae2de64afab241cbb551351b6250e98424472e740 1640240060154 1640240087791 27637
5686e9d5f8da02bdf1d79ba4e78b62aecce0595f27fdcecb78e3bb8a2c2a4c64 1640240106788 1640240120240 13452
afff17cb20a1e8c4c1f3cc26fec5fc2a72159c542983ae3752bf67d831475625 1640240128270 1640240154310 26040
3fd5ddbea8fd1a11f9362868bf9c70e2274530647f16d45e50790c72170d4d94 1640240163330 1640240188838 25508
c7e73f8546bda988b0a9d68d589bf4f11391121ec4990516be222a00d2629a09 1640240201022 1640240220854 19832
a43d2358476366b1925a461bac550bb8f53138f564d3c499209530d973e31b9a 1640240235039 1640240254380 19341
4b1a5f7e9c1662a7e1d2b70f0ef1184f7de9fb629f94c41da905944ab144a481 1640240270254 1640240289645 19391
