2af57aa9a244615944acb29d049a47b4a00b18208da2108618251790abeccc18 1640238648572 1640238655563 6991
26be3d3b174d4f34181982a4765ae5ecf578a6830a47c48fd7b5f9b06c03d33f 1640238672501 1640238688044 15543
c0bae9437fac4d8c72ae3b0b31d1557f91f48e4d41a44c16b9ffc7e66ea43dfa 1640238701003 1640238722768 21765
027d1885b492a76a74c7e13df869eaf878bbab1fc782270c6a227b8a12623284 1640238733865 1640238749405 15540
5eff90a5ca873b44c60031cf746176f9742df0d1af895413135af59d7f02da73 1640238765545 1640238784309 18764
de0303a529de5cf8c8eb14b51f369bbe73d58988019e7d8d3a2393974fd5d8ea 1640238794570 1640238810173 15603
f3d980dca9885d178bf9cd48c32235287bdefb72ca20c2852a18c5ecea221b5f 1640238829396 1640238844336 14940
d18124be97039afa0ecc851bf9bc333dd1d03f06a54bb168c0491d01f537f830 1640238860050 1640238875980 15930
89fa05935298135886a894b1f2ca599f0f3c323bd91fc384de525ff85942161b 1640238890968 1640238907567 16599
6a088b17320a23a8733cf22308ecc2e222b017f1099a2784d5a52530cf26e522 1640238923808 1640238941980 18172
f94c52f3e0692bf1597b829fcda94aea738e413e3a5191b31b512b74d13182bd 1640238958892 1640238977937 19045
a44c86fe5b2a5544d07171ba26a0255dfe078a68c74a8174561f945942f26136 1640238992158 1640239006181 14023
3efd2477c166db963cffab1f752ca06e524a0997e4cbe714a788e8c703873818 1640239022293 1640239045503 23210
4e69e52fdcd1a5cc4285d7e2318d660cd34ab7775f6e464668f212d9641d10aa 1640239064874 1640239073637 8763
3ec1fd266a2181a9e0fd43196ce5434aa407045f09acefb90c62e1ed1dc2e6ff 1640239099884 1640239104975 5091
542949348172bdeea0a48b92d1603ae8e29882a900bd47027da6dce9fafca53b 1640239120166 1640239136951 16785
4c414dbb918aaadc220e372302e0d89f93b56ed51e019cb40633509dbfdae79f 1640239155161 1640239169271 14110
a78758f49a39edbfe2fba8501e4c4af0450fd757a665d799eb3be21d2afd3c4c 1640239188128 1640239205062 16934
2995337e167deabb93e3539dc4f73f9f6c0eca72ef7a5316b437384568a93842 1640239224175 1640239238956 14781
ed39713487ae7d54dad3019c0e5f75b1b64b6d4f343230530399e925a1d39738 1640239251981 1640239270469 18488
b58c1231eca784e3f4f956896068837172a79bb0fdd7179eafffdf5fb86ff0cb 1640239288605 1640239303328 14723
eb25698e9f8712d2749c1a1ad9407c9a3b660ad47fcd3fbcfd7a680004c3c42c 1640239317930 1640239339291 21361
574ea6d1ed7f2870a510b5e8135548c2bea57323df8d2cebb9df1d753842ce66 1640239353038 1640239369895 16857
bf02e81bcb942727a0c18e7978a12f78455ffe0cab16c07898f11e06cf0cec0d 1640239384107 1640239400911 16804
02e2376ef5c98e71aa03e4cf35ac286c36ae2c624a7b4a693e2c5fe4e633550d 1640239419988 1640239439570 19582
d35e43f1a15a9b45574339a2939b725429e534bd319d246e539ccd8215c51cc2 1640239451165 1640239471535 20370
5b155211891715240e29aba5125b77e87ca47a626ece53d56fd9292bfe809ab7 1640239483389 1640239501046 17657
d26a845cf65ed6175ec0a7dd26fc6077947a299a60f4a91ba2eac3442266ca38 1640239516995 1640239533658 16663
f4b66bf4c421cf30fc685b8c5c604b3a585ce2051ea2062bcf4797a78f571e14 1640239550375 1640239570249 19874
0c20601185614235c53e09ecb302d3a049edb77abf4c1c02dd8cfb4260d08243 1640239587229 1640239602095 14866
e66959611934175fa5f40672cf679e6ac0197902321454e87a79a544fe21a45a 1640239616976 1640239639649 22673
10e4c33e110605eb294d32e7c42dfab7e15518db7c4fc38c285320c6619f191f 1640239652403 1640239670272 17869
d004da17c7248987976dd94ae2aa885a04fc6e2d5fd12d2d00755ea44a5e62a7 1640239687075 1640239703700 16625
6b2a41282116aa089cf5722d684c128d828d044db53e6f1a14b8e7009e202915 1640239725490 1640239731674 6184
cbfaceede92c935a5d30ebc9ed2e37dfe7778c6af02fc258b2e0d1272bab070c 1640239752254 1640239774295 22041
acb946ac4e4ca865845a70fdbc382ead0f0e306c6366043799e81425e8fd063f 1640239789846 1640239806261 16415
d8aba348fad18f6a419ff19ac7c63bf8785f6f7cf67a2cd01a362b5d1266b36a 1640239821372 1640239843269 21897
278f3c0c36fd68412e27eafb6b5f88bbe3ddb32b78cdbb9bc1febc45ec400cbb 1640239858298 1640239873683 15385
d2f76243a1ccb72c44596cf762ccc1d036b417317d0ebcb34b90a5fefeeaa858 1640239891420 1640239911998 20578
f34f48611d1a09111bfafaf887804e5d257a96ede4d8ecab57b17ae9a4edcb5e 1640239927094 1640239932114 5020
50c62f94fef500048d18826dbddb077e54cdf78f12ffd79823ef366714d16fdc 1640239960933 1640239976268 15335
ef648b6b98591db49c782436946c0a530b1806b1d5d7943e2c808bd228093bfa 1640239991983 1640240011647 19664
d57eb56f9754de5c69042b04354d9a38efecaf0272ec4e610b2ae9de24ba470f 1640240028969 1640240045308 16339
21908c3037868653d8d926e54663fbee57da0d3fb93c8f53cb4a865d97d45f4a 1640240060127 1640240079445 19318
74a857a947473c52a0e45ce2932c138c348b80c60c8dda3ab6fb2f26146a4833 1640240106756 1640240112548 5792
fe6f4be5b6578ab1b60d1f11a6f8940e0f92cdb3fbafc764e23e205d8b69b6d7 1640240128240 1640240147838 19598
6a78b282cc63ec390769b4ce5e76ec444eea70fc7f9ced5d3efcb1d66aafe559 1640240163304 1640240169147 5843
ce2c8ed065c6e70feaf75aa0897be77e7d9d995d3c87b8c8148dc35aef5eb9f4 1640240200997 1640240217391 16394
14ae6951c69d583ed87fd70c15f464704cb5ef7d5db752049cfcbc86bdce5952 1640240235011 1640240240417 5406
21a17724ab881563ee283a9728d9f16ea181ff98404a79e8ea9401880cb81924 1640240270223 1640240290841 20618
