474d8c46970df74edd85a4f900cde3680469fff3ebee82520bcae001327876da 1640238648575 1640238656084 7509
9eba40f2769eddb7f20950afd713db293d43f85fb7fdd5282179e8769c5a832e 1640238672504 1640238683486 10982
af4d498a6b1607cd4cf1df4804fe10b6bf92d6687d75130cb8b0bf0ed674501a 1640238701004 1640238716223 15219
5aa4574208aaebdef6896ced7bd7257d0f84241de900d0807ee246be05b3fa56 1640238733870 1640238747264 13394
e1602540538272c215282ab03999e7e8a0047939a373397b4bcf4490934324d7 1640238765548 1640238779511 13963
39b389ca45d4b53b2a68084f38270714b98948b7e18bbbb758c2995dcb24649b 1640238794571 1640238809946 15375
8d96284a9f3f857d48849d2ac39e7a4b6ef6d2e3e68a75209761af99a673ddcd 1640238829401 1640238847160 17759
dafe60566b2b7c924cf20aa03dbd12c52a17cbc09c1eadc4a7072e236d0eb6f7 1640238860054 1640238878225 18171
1f263518ee811119dcf99666f523898b9826c1ac0cb9aefafa8bcbdc15d0b602 1640238890971 1640238915906 24935
aa7a3f1e662b5f5c860739ba225b4794cd5c8d7c21d49dd22ffe8b1a36b2b663 1640238923819 1640238943543 19724
e3ceec9b7d806a7bc198aeead980acb67c589e56d1a0721230cbbdcfbea2e786 1640238958894 1640238979105 20211
592d2d240f4ca691011524f937495bc7316decb49d53a7f11ebc98c08efc4836 1640238992163 1640239011903 19740
0e779668d2233a744b5294786a2f156f91b8b86eebdebe1bffcacae06b03ee19 1640239022300 1640239043811 21511
a271eed72e74dcdd0e63b1c28f706039622cd3c12aa960862704c3b5baa3d6d5 1640239064876 1640239079048 14172
2f962563f660cc25d524be21db5a5d57f5e0db218e565413fde2acf7c3d3f1c7 1640239099887 1640239105603 5716
a5fc86471a03d036cfe206ba4d260cef2a17090f1d940a0e6de3bed03d992c7a 1640239120169 1640239139706 19537
bb140c4a7d6830458d14565c192144416f852dae5f47da146142d72d2c6c8501 1640239155168 1640239177584 22416
ba34288cc320594f43d47956ef340afa69fbb9b6b78ded646fb283ed9261545d 1640239188127 1640239204623 16496
46e9b69f4e641f44d4c6cb9f3297f7f6126f33280964d93ee38b04fd9d7aebc0 1640239224179 1640239238871 14692
b9cf5d088e4159f111913f91a314930c05681a0f7310d866b956be6e5e8816b7 1640239251983 1640239270617 18634
c357a5916929c0b1eb1ac49866be510b3cd2ab8454163bc3fa440d69283f6af7 1640239288611 1640239307972 19361
fd9e12d952e9f0b5d86e426a5f65f65b06c66657a048fecce2b40e32640af601 1640239317934 1640239335564 17630
88b1f703fbb1cdb68563d8ce07de3bbaaceb189e0de29756b76de30a213ba8be 1640239353042 1640239368216 15174
daf0fd534a71fecce88b27a495f2bc782ced08aadaa0234a8aca45b29e93173a 1640239384111 1640239405340 21229
2534cdee1d5a1d21cd12c249b08d7e407f2e18ee2b969dbc804cfe73b4f62293 1640239419990 1640239437037 17047
5603da613aa700481eac53fa10290d1d476f6c475bca8d0e90aa20af81ab20c2 1640239451169 1640239467759 16590
5158cea517ca9d860d2ee9221e7d77754c26cdc8617f94cc2c0aca66e3c32d45 1640239483392 1640239499160 15768
85290e4c9530cc1b3855fccd2a4a587049e8390566837a2726303e1569a02c25 1640239516998 1640239534993 17995
cb045115c3797290db4494c7c9300d4083b6902ba350db21026570a25d473de2 1640239550380 1640239571793 21413
bf435349dba7a3a845fb2d7edf75e3fa6e56ffa8eef36b6e82ebef7b9d84780c 1640239587235 1640239603721 16486
e3dcb834e8fbbbee34a0c27b5bf7357ff2b90c595873f7f8919ff77a1b69ea09 1640239616982 1640239638864 21882
75593aba0d914f6f8e535a9356bb4339634eb0fcfbf58684c674aed538f516a9 1640239652406 1640239675318 22912
0388dde28e79a8947905131753751c1b4154f504f53c77cb9c42d3b0fc4758f7 1640239687078 1640239704838 17760
1e9af61c14295d35a63beb26599d4e43547f1183e175c7cd68fb1953a9c0f1f4 1640239725497 1640239738476 12979
4eaa039bbce41f1c9bf6e749421eb436440a15d9b87e4adbe2960e4fd6424d98 1640239752259 1640239773948 21689
8ee777f72d1d6b8e65e775e84f446eeed3ff520623aa3136dd00c002a5438c3d 1640239789849 1640239807081 17232
960f527cb0516ef5f22f93fa3022c105307a0da453c89763348ba897d8f4e44a 1640239821371 1640239846064 24693
0e99b7d9e83614b2c3090f1a04d3351a0e246867835bf83ca88715bbc3a15204 1640239858302 1640239873222 14920
242220134cfcfb04619c5881a82d14b6809792bd1f2de948a78024de85c3d24b 1640239891425 1640239919253 27828
1bae009c58406c79facabf8d18f730383f3ba8c4202b430a1c658f15ecc5604e 1640239927098 1640239945428 18330
6f3365cf98f409459e144f6868977c0521bc6428e6efa02b713bf11a244fb352 1640239960940 1640239972801 11861
72ade4b504fd0b0893f7ad55b21606b51b751dddd7bc3ed439957780292f3b55 1640239991989 1640240009933 17944
8dd7f7f3c5c8a09de270c545cdf041781c1a2fbceca22384bc7d7f0efc0fa0e7 1640240028972 1640240035123 6151
a1a12c05cce28a034f7bea61b4fdd35dfcf8a90ef7a7ca6a3c7f18ee75406be3 1640240060132 1640240079312 19180
66a0fd42afcad8e98d3df1077c49a13054d082e7c7790077804bf098a61ebdfe 1640240106762 1640240113220 6458
75e731a9774ec8de0fffb22f5d4941e5babc23e1b35075b76491216f9189c11a 1640240128243 1640240148904 20661
637cfc9bab807d9bdecf08101769e2a2068190fb2cd4c354a292e65f19c27f7c 1640240163306 1640240182253 18947
e3dbe5b33091bb6ba97a3419bdbe3c1157e85f9ce709351401a2834dfb98a04f 1640240201002 1640240218684 17682
5b2c2e4c716efbe80537ea55dbf0dd599b362050e8c679d857a1dc4e0fdd5c8f 1640240235017 1640240252567 17550
641f2f2afa251d368dee2b948f5a7e574754ebc53fbc47ef4df459355669f147 1640240270230 1640240287701 17471
