75ebf3396aaf3d06c1ae1350bf7aa40b6b3cf004f26cb95608f52273d820714a 1640238648583 1640238658639 10056
d0d7f3e024f3b1fb19f0955272e8dc350c589c553c6da3f892ea59ddaafa0ac4 1640238672502 1640238686439 13937
2405b9d965ddc87b8501b3a9cb8f07c67880b544ab48976b6aa9b49542408b61 1640238701012 1640238717228 16216
2d06c871efa7bbaf1489799555486ade47fe486adab3db22011a0fb0c4b7545a 1640238733872 1640238748064 14192
3ccd4e6c3efa32258f4330b8cb1b9d0b1f15f6b0e3e922f84afc7942f91efc8f 1640238765557 1640238780479 14922
cd0a9b9bb30170cfbe0f6201b2d140b3bb560d787099d1049f9d8b2eb567a8a9 1640238794575 1640238816161 21586
049fcd39f9ba0fc24c97806f3074d3fcf10aca4586ae7b979535654915f9fc49 1640238829403 1640238846049 16646
5da8bdf9c65bb93eb9d59d660b54efa67066df1165d086804c4de3410a5cd98c 1640238860056 1640238873914 13858
fb5345acb1e478fe128f129cdbb1b8615201297dce7e7f70b8e36fe865b4b66f 1640238890974 1640238910434 19460
33fa6af99b85d4432833244effc34d3b520bef6836f94e2f863cf8e8b2365b46 1640238923827 1640238949348 25521
95dec96dd8aa867750a0c89e4c54bd3c355740f62fa0bc71f44fa4fa160f1579 1640238958896 1640238982331 23435
8de5e9e44ae7da82d3ef1fa4c696d7b8de4caa8f35962b5caaa6b852f50fa58a 1640238992171 1640239010859 18688
3696b247213f379724df7597a57f8d42c5acf5d19125ef9930a45274f9ff5b7f 1640239022302 1640239044339 22037
70f86075170444ff22f75062ae2ab676a4b6623c6f0c913277585248bb13db78 1640239064877 1640239079426 14549
6e811cda229ca3700826cd034babea41ff034e2c671bc4b7f7b42e487f81db67 1640239099891 1640239107410 7519
ca8a76a50509d600809e409a67c9549d1486524c667273e7e1ccd694fb735776 1640239120173 1640239142109 21936
206e5cc0de022a7bb04a4a065af4dd2ad1aaddb50e8d1bc5178668b4a29f40f4 1640239155171 1640239178214 23043
9d58dbdb2f6416f9cdeef3ca44758334472ed6d116d21b55fb1bf7c5079a2b57 1640239188128 1640239203967 15839
c841375de4a69b2d62f5566a468bf98fe21c75a06c47b022cc0009559c0f2df4 1640239224181 1640239236324 12143
baa895a33ccee5b66d2e1b3f81acb4f24a56db2ad804d1d1e3b763bfe1d7589e 1640239251987 1640239271764 19777
7f7a60188e7f6771518b6929836747fb969a195bd32d692fed2332e233576ad0 1640239288613 1640239307298 18685
6351be22b078ca571d7cbdeb6bdd46ea354868cfcf95c38a8627e8ec108a1986 1640239317939 1640239337916 19977
b73085f57a3e1a98413b69e5a9a57e24f7c4da09b2b89af5ba15da458481092e 1640239353045 1640239373534 20489
b24493672e1118e313f6c833b408c486d1a81059ebec92c350a7e83115b9b103 1640239384114 1640239406815 22701
e4b2bd7d2601c191a00478f50a2906a87e74f6c77ae36deceff7407fa9c86d2f 1640239419992 1640239436557 16565
162892177853f179a65d68ac916781695322dda7f30016e34e4d8b36093175aa 1640239451170 1640239470009 18839
d83d67181e41d0e148946b673d667abf7f1f05cfe4776d6bf40a9c013b26bdb1 1640239483393 1640239501259 17866
8b29919f6925c234c086d8bb3e5b169105ba6ee8ab5fd9f368008ce61f8e92ca 1640239517004 1640239546482 29478
2a78db60b698b5ab0c6b9f3d6e08fd733d24f3b8f762058bbf8ab3ab7016ee67 1640239550379 1640239568315 17936
e6ad1480243d043d31572f67f94c1234e707c0084d35f3b957444cf5db37c100 1640239587241 1640239604945 17704
4e9fd3f60466761609e38043d171b55bbef94689d7479626d894e9f124f78bb1 1640239616989 1640239636865 19876
53d179affb142ceac4a50390716ae83a55d47bff406a99a5a4ac7c549e9db094 1640239652411 1640239669597 17186
b9542df8f03e4c3ee7b14ebd2c7bd6b9c4cc37e24d2289606ed003d3b04f8d8f 1640239687082 1640239704331 17249
4f24ba0a2e7ac8eee1870031431333e136b5d9f41675a9608f57263d9d32d922 1640239725497 1640239732080 6583
5ed3697dce6f9f8efd630ed185009e9127ceb1c72584071834f55202e83e99df 1640239752263 1640239773157 20894
f12abaac3698aae6495b5ea71819f9764313d44dad93f172208b1a7baf9ceb61 1640239789857 1640239810669 20812
c87b0e4a46f5fdd9b4ba60659eb4a459e4fc9e7e79c137377cc87eaf1a11c23b 1640239821374 1640239844938 23564
ff076d636ce76fc0135df595e592cc96febc674bcddb361a0d69f65b75c91eef 1640239858306 1640239879947 21641
9ec888cacbfbf17b9022be3763e5a04f7796e7fb059f659da6a2757fa086b0fa 1640239891430 1640239914891 23461
81f8f9de4575d41c94207df2c9a863f6ae4eb58e51241bde81d03887892094c3 1640239927100 1640239946262 19162
730c13ee8e9c344ee7e2cb6b9f9b637c1f3f34e80a4710d5494a1c38d604c8b4 1640239960942 1640239977226 16284
b0a1e0065698b203409e3974f3e05d4a2b6142d7d4bcecc4de860fc4845f8581 1640239991991 1640240014421 22430
9ae4cfe3a6b8e40bb5461bca1e2c8e996f84862e947e715a5a200ed6d2be5801 1640240028974 1640240045546 16572
8400d2330b64d734198a1cd5953955707863216f0e75c4e66b7dac279947116a 1640240060136 1640240080549 20413
771d99c4fd01c170f5633a5072028770d5da73755eba7c80448400ef3f135759 1640240106764 1640240114277 7513
ddfe2a9f2b8549e1cd07c161813c77bf98853da9cd06c3663a930defc7d78854 1640240128245 1640240156732 28487
b8a5d4fb73cee6ea0fabf412d5409c28c08c407aea6aa4e9e99207296492a4db 1640240163319 1640240185428 22109
ebe72fd64ca96d4fb1471e1d1250271139b4c21a4e82aeb9428b8b76c25773b7 1640240201007 1640240222211 21204
cf16699cb14e9591eb014d77bebbffd525e17d74f9265bac4165e5f4bc0d569c 1640240235018 1640240251541 16523
38e8d01ea3df4fe8957dc09b261aff96c0018a9c98caf488c7ebe3381bc1f288 1640240270233 1640240286834 16601
