070ce25b353bc53d71703fcec10aeff9d7f800a7f90561016074ffc1a326ac35 1640238648571 1640238653529 4958
1d39f622b7970440b85d0f4e279650e27afa5701061010e8bb55f75058096270 1640238672495 1640238689408 16913
2f1cec04e5b4bcf600c89d267ce2e74b4654f5559836eea7d44bd9b10e5e9ea8 1640238700998 1640238718593 17595
76954523e91d065dac604103cb2bf9df28a7c00c0502a0b64072449bcab315df 1640238733862 1640238751605 17743
4cd15dae9be03a3ea5f634be9f79aa8f2a6cab4a8bcf9a39b1beb0196f9c9fa2 1640238765542 1640238779048 13506
b32875eb5008fe2491f24bbafe23fae235da00d92c067f730c1735a11ff5ffb5 1640238794565 1640238813806 19241
31f26487e094045b7b464b6decde6b110ce22345a0142aacf4600d75d2eadabb 1640238829394 1640238847849 18455
ebf17b0eb3b29212b60a83bb470c19e76a81fc5363e6f330ab883421a2a24fd3 1640238860047 1640238875157 15110
eb3b7b4448eb9498e72ffa9fa027a9fa1602e7f6c53accf57abe4ed72413c9a8 1640238890965 1640238908098 17133
76ce919a5c25d0e77eb78ceb3cbce172ad6c05df5b3ad0ef537a964825aaea09 1640238923806 1640238938351 14545
8396b4d811ead4574dc56d496975975583d614551ffe5879aa287f4f27efcaf4 1640238958889 1640238973786 14897
802135f9579baf065aa0fe69b02a1d8e5a7cf62653cd62706179e84a9bbb06d1 1640238992155 1640239006574 14419
0434fc94dae9a949979ed0db22c96c47f87ea853444689304fbaebcb464709f8 1640239022290 1640239050081 27791
e9861296b354dd32056d637be0980208b5ec7357314a39f968cb9300cae8004c 1640239064869 1640239071056 6187
04e692ce89ac82c33d025c0042b4f599b591ccb88dd835ec9e60cc68de947db6 1640239099880 1640239104200 4320
bb097406cb8d4b17d61f65e8e2d67d7cd6bd35b6df5fe0955e9dc2ca66640bba 1640239120163 1640239136051 15888
b01019786ddf223f58d0e93aaab3d189c342cc598ebf947c0dfc21dc45c795c3 1640239155157 1640239170302 15145
bfb06ab0fd9229b6f53324ccf71ccd0596e4b0e6718b10a7439cd37f0f0259ee 1640239188119 1640239203229 15110
6cb6fbfbc9e93aca1b0d742df4a2159a3a3112e737fb6a168c317a0350bb1e70 1640239224171 1640239237403 13232
f18c7caeb7f69886343ec16d12ab86d187384b07f172f8ac7d029d65bf364a8c 1640239251975 1640239278484 26509
cb7ba0330b3b6ac1451dba1a555728610733abee37523758954d25b481c6fa04 1640239288604 1640239307799 19195
ee3b4bc0f5e7f39d281056fcbfb3af2dd78e342e3069f6e120c001144fe5eb9b 1640239317926 1640239335507 17581
f70a6ef7676824701cde8cd0f8957631154cd334718291e688e1d0be6a05faca 1640239353036 1640239368374 15338
8419a5c0deae08f31c2d7773f23e8658cd309f590f1284dcd646acf3b8b21cf5 1640239384105 1640239400689 16584
741b161d1d24da750edaab2441534abcc04a5fcf57b90c7a2674181fe4f3724c 1640239419982 1640239435633 15651
f8091e8e6444bf2f939b158656767657722da2bd0362c0ae875e4540d200c167 1640239451159 1640239468592 17433
246a4cf9b89e178f67988780f69eac392a73462fabad69a8483dfb1babf546d6 1640239483385 1640239499474 16089
04a34aa522cda3c54f6438746b0a4be528d4dca3fc8cc3d0bd5e5ac01f2d5d0d 1640239516992 1640239534895 17903
a4b961ee549a7794152cad2d4f492e33aac0262624045001b3703e24e8574712 1640239550370 1640239568832 18462
6b3ff12657300d7f34bccdc2bf9f488ffa4e06a83201750625cbafe861557bd3 1640239587225 1640239592428 5203
4b108bee96120b2ab9d434e82af6f48082868c05f7dda0a765799e42d4289109 1640239616973 1640239634498 17525
8a7c782406f6f374d59c9bcea27738e2c7da0012af4eb6677948d606efad7b0a 1640239652400 1640239669028 16628
d284e92e3c5f15a0b0639b36518aa18750d866af81f8dc553979e72591aed1a4 1640239687072 1640239691975 4903
981e10a68a340f29cca0813a2cdf2a4df355c6795cb2b6e0e23e9f2dc4102b85 1640239725486 1640239730573 5087
02e700aeb79214f2202e704f15c5927466dd6379603f2ab84bd24e06ffc422bf 1640239752252 1640239771972 19720
838bb322cd17f748e15c0d03d78d8541804ecbc96ce383d8c20b74eb6bd0bc04 1640239789841 1640239794816 4975
d171e53bcce70522627881a6b114ce5e69ac7f7239d2b04069f4573ebfa4e978 1640239821364 1640239839100 17736
070de1874dc901d04e137f915725fd03b5c30eed6666146e5a2dee6e21406866 1640239858295 1640239873910 15615
c04d4ece46ed78fa1b6a0605fb2ef14128ef066cd70890a5be20ae4a895cc283 1640239891420 1640239909545 18125
2663c3e3087f18f965b49341c662ee83d2a7f77c5be8b155659f8050b3670b12 1640239927091 1640239931558 4467
10764ee352b83c3745b9cb421939d392ab03603f2682a744396d7cada5512cda 1640239960929 1640239973695 12766
f8986912300f731c0141f751097daa31b0213fab5dffce0eb8e5546cac2d153c 1640239991979 1640239996684 4705
22eff385cca2d7fa169adf33157387aabdfffd29424e3d74020db2f865dfcb0a 1640240028965 1640240033352 4387
58ebe2ab5b6bf43191ce2bbcc6b6d620af3d1206745264caf1b76700984cc722 1640240060124 1640240064807 4683
18fa86acac8573f076327e264b944ae12b8aee185dd3d7df8363638545413a38 1640240106754 1640240112366 5612
3fc3a194c3405b1a84ad34557e7d6d1eed4bbf697d275f6b228c53bb26b879ed 1640240128235 1640240132979 4744
f336f9f5829fc1bd6088ad39d32ed27a4cce9e59b4a44a04b2ec98e88078b329 1640240163301 1640240168463 5162
47bf9ec9ab2e9cd7aadb34e24a28f86722e044243c1216235fc594f9e11bcda3 1640240200992 1640240205564 4572
02d41e11d747f42b901c0061e33a6dc512d2676d27aeb2a3fb22c12d6c8dfdea 1640240235007 1640240239771 4764
761f40b7e9492c828afa529f0f6782453c91565c6aef06e46b6f35ed76b95969 1640240270220 1640240288710 18490
