2e2c4fbd9328095d70474b7912243d283399c08a55f6dfb9222b8a7e187b4e4a 1640238648607 1640238661570 12963
ac8f721f4f29d4e7330c12e2d2b2bac2308e2267a71beea7993a87c49ea8fb57 1640238672541 1640238692598 20057
962097cd8b13cc47ee6cd0af061298a17132a7c8d84211ba5ed812819e3d0c4f 1640238701035 1640238724463 23428
58d6f53f0a5b95adac76616426a606d96ee639ac2620e37c05ae7825c59ad814 1640238733902 1640238758614 24712
53799a3656d89866ae808c8782171de991e41028adccdb864190f6bd8f61178e 1640238765591 1640238789658 24067
c388efbafcd3bf0f9e07b5352dc5504bee276d5dce5cfbc927b2a25662f99bdf 1640238794614 1640238822688 28074
cfde741b869a1225ff30d5570ef1ca2a81b7e0482bf3f9b8e8b33b616f35ecf3 1640238829435 1640238845596 16161
643d4d5c465e195c8b594fe4d88df54c2696d34133c5448ecf0f76bd8075410f 1640238860089 1640238882098 22009
b4cfbd2a5e38c42a306857c9b1c4d5d93f536d39d40db715e0479e9ff678fa2e 1640238891012 1640238919231 28219
3a3d0fe3d2a37d13433e65c92b4369b5d4b2040f35c421798712a92cf0de8aa8 1640238923847 1640238951173 27326
49564e42126b5713947bd0a7180b4f01c4b2632f4741334e1c4947ef198ffd47 1640238958925 1640238977279 18354
d814d31ba513c3d194433e25df761bff68a02a179e280140487c52959409e779 1640238992201 1640239016910 24709
9975e44a3d32c2b5eb1a89bf993a3f980f580cca9c2f050da7a4cbffff12bf37 1640239022334 1640239048060 25726
9649533b87a35fd487ae467ca3d9181aa3fef4fe949f6b1d0507d7010a973f94 1640239064922 1640239083280 18358
c3e522ab98a4789eec30f46764b96ee96d0801a877c5ee0b984de868a1880e21 1640239099922 1640239112313 12391
0ed1d7ca963b7ceb6fd422f4986566ff6b43299fd8de8622806206a76fda35ee 1640239120209 1640239148913 28704
9741a539fa5527da39830a246eabee6cdcdbf32abec14a01617c4ec580873ba4 1640239155200 1640239178965 23765
e4ac01fd9d6b634140de4ea914a223d7e674796243fb0e2abfb25a4d8272e3bf 1640239188161 1640239212439 24278
fa72c23a5b64aaa3085fef194259dddc1d69fe00644f964d331574e4992dd445 1640239224217 1640239241757 17540
c1236eb842dc25bf749aef26eeecae7c5f3d0d28f0dc59a18a474515c484c4ca 1640239252025 1640239279271 27246
31c09e185becad03abe937c81e46e8c3a75fa93c6d385a8a92b983b4b817ccf4 1640239288650 1640239310484 21834
67c25fc63c2c79d493dd19227dc7ff49affeb9928f384ae3e901bb9ece62cb80 1640239317976 1640239340745 22769
0a20ca7ce7acbf52f2a442f961b895588cabc0afa7aabd92c3953837458a584d 1640239353077 1640239379927 26850
61eb86a76050ee10e1d8c20a6f76070ec0f1a652776d10143f652ea9384b20cc 1640239384156 1640239408678 24522
786fcf016a9a3fcfd29af4f4c45e55d1bf4e44320b456f88eeb74419e073a9aa 1640239420030 1640239445252 25222
40479fb71fd8489b8ae26840822683a014b2a20c907c56d36c41419342e90080 1640239451209 1640239478029 26820
d2977cf8203cdc1cc56aa99f03f04d6ef75facb763eed12ecbb116560091ffcd 1640239483428 1640239510478 27050
32b06b37814582349fe3d71fa088edfb858677288b6502db39d2ef74eb695d45 1640239517034 1640239541048 24014
06ffb7ca41e8fcbd85761c92736db069241d02ab714d74a936b477d8360a3c66 1640239550420 1640239574168 23748
07a68a322f39e55526ae0ee95d015168035982c4c57de6caff02493aeff60dd7 1640239587267 1640239612251 24984
85bcde426d73561273c51ccb91a15bc784e2cf3a244c44313e5482cfd09f6dab 1640239617022 1640239643159 26137
2eb9e7066268378f755b2ba37638031dc64fc42dee23290ca58d75cc82997f7f 1640239652445 1640239678120 25675
6d74007a03d86a72b07e105159d83346aaf283baba7b0b633483295afc050229 1640239687122 1640239713901 26779
3c2cd7c0cb8696df67e3cf4a91ba2863b00109e2d6a9a55d904b22917dee041a 1640239725543 1640239747078 21535
b9743bad12b6fb8e6587efaf8e1f174d3330a8c5c7471d202bfab007bcef741a 1640239752304 1640239781355 29051
3e096dbb49a7cbf22461d15e0e3fffecba2ef4a5d3ac744d55b9cca8cddd9ff6 1640239789901 1640239817421 27520
5a4a27cff69ca04e046d8129ee80ef98fdbd8b425c5dd0e8e91b101901d2dc92 1640239821418 1640239851131 29713
f720744f6fd146e20ecb3f26ecf2da9217d9890276700c9a344de2e9786cfef2 1640239858359 1640239882970 24611
3d71b2cb2e1b156d43852709d639219198e2a7b38c43f3b07485d6af0c795753 1640239891468 1640239919719 28251
87c65023d77769c522b5020aed5ff3e53cdba273334be14c154596898c3d5f65 1640239927149 1640239954087 26938
09467e6d9c8aa3433039577d78f0650742ff798afcc27c5f7830024e6cf735c3 1640239960977 1640239982281 21304
560ed8f9c077ad6bb59dcc8b77ba7cfedece4ecebef7eaf7e942bb19be68c478 1640239992033 1640240019755 27722
6fb23f5ccada5db885634cf95495495d823b212db94ef8e304eb54157b032cb9 1640240029023 1640240055707 26684
2d638f34121131103282459965c3236d7a36379f3a403c25f44ae6289f71db9c 1640240060176 1640240083848 23672
17fab627112808d0c6707943b5a54dc5178f99789c46cd34820664a05aaa294f 1640240106810 1640240119597 12787
2ec4bfb32af25925384aa07568863814eb43bca748592a3e4b7a2431e48204e4 1640240128287 1640240158274 29987
04fb36403acf8e50ee28c30bef5e8b6091c2b11691573382878d7cbf0b090cdc 1640240163356 1640240189765 26409
cc576f157b59c6c8629f7902b005db24c5a13ef1652ec6cbd9c98e7110a506dc 1640240201046 1640240223917 22871
0d7a360f1026fd23af343353c21b820b44e4533267b84157e080d6f44d541b6c 1640240235061 1640240262038 26977
27746edafecb6672e1536c89fdec7ed46408029cb8caf12b470b34d769b079dd 1640240270268 1640240295658 25390
