4cdc301921c87ba57b55b4e7cc2709bf8cf3574cb0e516464a80f83417235c0f 1640238648573 1640238654661 6088
036f27511e4d59c10ef14f737ef9557bf3403fba777db0248f7f27cfd9be42a0 1640238672499 1640238689485 16986
1dab03573d49242ab22c4cdfcb0519a3e7e4579ae875af0b38b98e4421ca1907 1640238701001 1640238720987 19986
6a810aafb4ebe0b7f5b95fd853e011a07cd3eab1d020fc2021e24e0c0864db3d 1640238733865 1640238751472 17607
ca47a9e084b9e391a75a284889ee210b44f6459b39e26952735877b74215f57f 1640238765546 1640238783105 17559
36e30bd882bc05941006e34e32d650627826ead4659d3f76050773dc6386ee13 1640238794568 1640238810905 16337
238af88d333576d12f1270c8d9cc71a11905522da58b732afe935841096df105 1640238829400 1640238841920 12520
a85e0c80794eeca2ce1078bc8e81d025132d353de578f327199f3c539ef398c3 1640238860052 1640238874135 14083
e1bc068a828d87d0670f23a015ff824ff6d0da0693e194b55a0bcd5a94f60eb7 1640238890968 1640238914798 23830
7f625e4cb1040f946e9a967c9a9e1aa34ad5d986acba1b2ea3ff7d274eacf23c 1640238923809 1640238942960 19151
84aa73e7d05fa84d498423b06f21316c1fa25475ad1977675a19ee11464564a1 1640238958891 1640238978092 19201
c08baa53b33a45f94379babc8c14ef587d050c0cc59a88879f79340b888faa05 1640238992162 1640239012012 19850
be2dcf1684259f7d0d543ddd6a93e4ad35ed9803aa98e0dfb5b8193589309f82 1640239022293 1640239045817 23524
6531d77d769363830b8fd0a8425bca3f8e346ad4dde2d80a8af0b07b77848c1b 1640239064872 1640239078567 13695
49e9d8e513dae0bd7f720f27d1a984dabf3c25ad031b8043ddae1677d8085d6e 1640239099885 1640239105733 5848
9e967c9d4ad06306c60fe38e21679f1983502d39797ed05f05951255c78f1314 1640239120169 1640239135961 15792
1b4d6be29fdad4c69d8d3a8eec2e3106a3f4e81b08aa47b265df55d9ef2d004e 1640239155162 1640239176259 21097
9af4cdd1a4c23757997425530d99205cb0771ff35c1460d0ed20f471285c8a99 1640239188123 1640239203894 15771
d7c1bbb594672676590a6429f22676d107bf905d2c231a187c478c6dbfb04008 1640239224176 1640239238348 14172
98d2e87958940080d1d91f44822adf035309df160c0a29b9114288765af13ddd 1640239251983 1640239270399 18416
7dffdb0333c6b922300affee5333ac74ead06dc99f4ce239945810d066e8b8df 1640239288609 1640239307060 18451
890bc077bd3ec671eea2a28a84d072a45d340e8056cf97efd4fc38e8d5b8a344 1640239317933 1640239333199 15266
2b8acfb64b896d17afb69cb47a79677b21dd0db6b31dfc71ed3c3bbec8c345f4 1640239353040 1640239369375 16335
3912161949b4bc8e4765cc75e83c3549a22f6cd43fff23fe2921c94dfb45ed24 1640239384107 1640239406407 22300
9cb69f212d13d347825ee54c58af7f4465105e88bf91c61f18cef8487e650f76 1640239419986 1640239436406 16420
a6624c8701724f8c45341cb7eb6d80eb414ba0ebd02f9e3c3d77e7e5f0bd9eba 1640239451167 1640239469655 18488
ea7d1bf718f1951e251ae528f93b011ca9a1f2819ef5ac85fa1a0d487a2a961d 1640239483388 1640239500704 17316
4beb2b8374e3f9252172c600799c9852fcc80eccdbba7851ca01d958613faded 1640239516997 1640239537014 20017
5b1f1e6046850e20779dbfdc5a4f22b8cf23c22ed52ca92ee0628517f8e5b3c1 1640239550380 1640239569937 19557
1fc2bee2d206be483bc55958d45598f103e6f176fcce57c476d8ecf3df135d3d 1640239587233 1640239603000 15767
0f883f465e98c05cf293beaa8f04ce33ee8c7603cb76150b89da9921d2a88903 1640239616980 1640239642343 25363
cff0f64b33572308197db583b0c18e17e5767072243c47c07daaba5c9ca6c041 1640239652404 1640239671159 18755
e85a43451d833f070b90cf1038366b06bd5756c2526cc4e56c9af4cbe58f937f 1640239687076 1640239704167 17091
b760944d0ad9ed82c7b4793da63eea6e14359d7bf8840af1112110ab54023dff 1640239725491 1640239731355 5864
0a57fee144312428d8499a8a8576ea6f67eb6ec83dd7314acac4f151890cb2ca 1640239752255 1640239773018 20763
7c489761e22b6b82b073c1d32d673cedb59ff30976124be33609b121c0cc7268 1640239789848 1640239806735 16887
c6469713cc0865a9aca10f6c73ca2de1feaf8f13bcc46e0b783c747af0fc7713 1640239821371 1640239841091 19720
bc91d09f6ed461fe9265052c8086ccb8cf6945b2ea196a70432e3e86184066a5 1640239858301 1640239875605 17304
b60623aa75a7b390904116eb76a1bebaae813e0ffe8692f8593d3fec5a67a8fc 1640239891422 1640239907834 16412
d67e6613b547e2ffac5756e7fb48fbc62eff6abbba934321e27af55b9e619d43 1640239927095 1640239942473 15378
95e3834703e0c55dc28fafe5ce37dfd47f1d0fd0339de4857e18bf67c2a8c488 1640239960934 1640239973774 12840
2166df1ad53a475d2d1650440432db7c2211f9b60617939aae4e1389c3e7c395 1640239991985 1640240014507 22522
1d5949f8f973ae284ad050f76cb2d72d441ee2101be9a803d9b96341ecf1590a 1640240028972 1640240048300 19328
2c24537408553d711920b527e383cc981cfba40e5192deb6a0ccf8f7438f0b4a 1640240060128 1640240065994 5866
cb197f00d64f0920cfd6fe81c4bf4e3198806af429ca08e77718b08071a6fc94 1640240106758 1640240112190 5432
47443a402cce427a85517dd8e609ca87eba90c7ad782b9d749c5866d90131a6f 1640240128242 1640240146668 18426
a079c46137c0ca608fe26d3e434ae843ea16207365d902345c2f4cdce61d038f 1640240163309 1640240183689 20380
020d84fa97ffdfb79b5d33bebbad95324f86b1597bd99c994dbc4d4ee4d2b3e9 1640240200996 1640240207238 6242
099e1f798c7c1b917d3efdf453ab141621f89df94702c240ddd7309850ea9a12 1640240235011 1640240252887 17876
536e8be6d4e57147c9268f62923ab11bfc106c28351585abc6849f9f90f2a326 1640240270223 1640240292541 22318
