28a2bd615c2168c97cfb69052a9db9ad76b300ec208fef610081d20fe95d239e 1640238648562 1640238649515 953
b9a7712f34ce13d7d1544d72ccca32fdb8ec57acad94ee677badbdde8780d078 1640238672488 1640238673647 1159
4289d493533a5830d9cb2b83b4ebdd699a96215bac6279f7c1b27cf64fe793b3 1640238700989 1640238713185 12196
2197d9efa3aebf65903871f9d0d2674ef0e5d319dead58fd495bbd190d3457bf 1640238733853 1640238735209 1356
2f84f176113771a9190e403cfd03d79351491d32fac879752f5f8a2a52edc2d6 1640238765533 1640238766719 1186
cba3cea6e1f27c824bea1596bba625e4466b9b1040343e90fe32b3310f4713b8 1640238794556 1640238796062 1506
c2681e813ca9911773dfffe1b1346e8ba070752ae09875b56403ac4c983b7459 1640238829385 1640238830637 1252
88a67f00440fc77b68d8a06f7175e713b23b9b7f4a88243617e258124065270b 1640238860037 1640238861252 1215
c7f4e49156f309b21b3791a2d4eadb6e98dcf94da09de9fb9aa0496ad0086c3d 1640238890955 1640238906906 15951
0e734c71b89d697aeacbc71a4dd311701c960d8c8ca107fca16e15dcc1a94e51 1640238923797 1640238925111 1314
3b59535fc81fa037b22fec1a4538797d82a74e44b068fd0d8f542a5c908b7b26 1640238958878 1640238973734 14856
58b5c6e0bd46978bc2e12a3b5274867ac86cda6180d227cdfc8ffdc690397351 1640238992145 1640238993983 1838
002410398c0a3789ea1041eaddabe84398aeead76b506de5611ed0607a07a1a9 1640239022280 1640239023860 1580
894797ce9129e077643b849db0327ab7125c2532fda2bb1c550ce52d623e0e90 1640239064857 1640239066218 1361
3b2ce1813cc0aa0f3b2404a3ea8e8b004ca7ffa7d9f275e154dfa9c50fcbbccb 1640239099869 1640239101891 2022
14e5dc75a555c7e11037c76d3e22327c4204d4fb52ad785f61c1a2bfc15c2787 1640239120152 1640239121455 1303
f8cf06c99749d39740a4648d356551c0689de03c8a8039517df84c04af4319a2 1640239155148 1640239167145 11997
b87273a7f3369392d9918a4dd6d198ec04b6c7a457e900373e4382b15222ff1c 1640239188109 1640239189964 1855
d8d602e767746a9ab63c64582cc7f64de2e4b032ab1ed7793dbb6338e7f29b55 1640239224158 1640239225518 1360
0a69eabadc8609f0c316b11ad2065abd0e55808ecbecd097710e81e60000a3b2 1640239251964 1640239253115 1151
7d64866ab083990083d3bed572b951b7f4c5652e1d3b9f84d52840062da42963 1640239288593 1640239290428 1835
bafe3f4a5c4535d1ab16a146c9d85fb6a5ae944398ab3e44f78bd4bc24bcf8cc 1640239317914 1640239319482 1568
79f9f5169c0bffd4083d9692e1edab97688d07c451d1930b08e4886bc6ce8fdc 1640239353025 1640239354223 1198
e7fcacf232eabcb184e73e4ed2a276dc98179065efab7604bdb08a2428f47e1d 1640239384094 1640239385688 1594
926202bde04067f494e21fe58121281f8f0a40fb3c6f042d77ec13dc7a4bc104 1640239419970 1640239421999 2029
aa5e2db2102f71380361fef3396859cbaac049f82cc5f5e15137fc44272d52c9 1640239451149 1640239453064 1915
f318a0c530d8e45ffa0ace8271cd42f6c59197e65001102e3c3019971e2b8385 1640239483375 1640239497592 14217
9ddfe3025d9369696fc1dcc01db6cd7937e5665572d4d88cf95642833b5a03a4 1640239516981 1640239518194 1213
dbcfd7f120810ebce57dde315724569b7dd7b1f2bf7cdc05fd846fa144c0383b 1640239550358 1640239551503 1145
634f7164e543484ee644c6672e4326e5f52478b322e4297f74bed3f5cbbe6af7 1640239587214 1640239588421 1207
543722f9986f59c797fb13d8bb4b913357d2c060750a218e1c46f0aa38539b18 1640239616963 1640239618654 1691
21144b47ba5ead8c062247cc245839aab7a1f565dd070dc4414eac54e71f4e41 1640239652387 1640239653542 1155
ddc1f8a4f9dde249534961bd4bc8a660b87f8e061a17a2bc21c78b6c50577723 1640239687059 1640239688339 1280
e7a21d1a6edfd55ea68828cf81c98dd05de1192ea6d0cb80a8cb821c2048d77c 1640239725474 1640239726996 1522
10a7a144195cc9325d32334c50c7be79c1af1d46335abbeed53f976d31c2292a 1640239752237 1640239753456 1219
b82fded2bfc95b6d052d16c932e02237121c3e7840b82617791af518304dfc7d 1640239789829 1640239791610 1781
78f352e0a891dade4a07685ad76f4eece59c6e48d445d8ecc959dbc97f8ab356 1640239821353 1640239822576 1223
f42f1d0d704354abf6f8a2f75a07d09901953b6b16292428a90b31f7571d9097 1640239858283 1640239859512 1229
9d90b853cfe8a98f78ccd4e16c0f08a399f695896ee74273a984eb6111bb401a 1640239891404 1640239892804 1400
d176762aebc60a8186321a1365acb962280771b5b01d7a6e36b445fff45ca3a1 1640239927076 1640239928236 1160
a8664f4414b31d8bca2a605e0665c4cd5d49dcbb842952e026b7dbacbaad8114 1640239960917 1640239971870 10953
d7299e3986751e0d4849720cf969958445d4f0f761481b84aeeb74cf330685aa 1640239991968 1640239994008 2040
6b5e39292a4431547f8b4946e846e64b28d6f36645e2cbd3e9fcb261253d1aa7 1640240028953 1640240030080 1127
e134f0f3954ab545a3ac7150f6164304dcc4e9cfb7e9fc34e425686120980879 1640240060112 1640240061265 1153
2787c3da264111827440c727362a003bacca9ed88838047ac846ed979dc2ccea 1640240106742 1640240108121 1379
68440edfe91e1b49b400b155b62b7eb68af1bfce554e44b0eee04ecf304174c4 1640240128224 1640240129536 1312
a1bbdad6b7db697e212be3410d39e92e8a5763b2e9767b23a975883464ccf4db 1640240163287 1640240165649 2362
e64c4867e70c9ec246879f6a97f1bb7b70e159c8498f707a5d6651ae4db6cf08 1640240200979 1640240202957 1978
527a1a0f4aabcdcad37dab2950683349c4fd12ecd488fc9ae720adf507defef8 1640240234993 1640240236639 1646
604713659567817e780a200a003acbfb7eb9fd1ed3f3fdfc5002a279776bde8c 1640240270206 1640240271688 1482
