f6c33b054487c858bc44cdc5d195bca192baba260ffa131610c2b64c85dfe263 1640238648565 1640238651905 3340
0a846235dcece1cacfc3a0d2d958287adf414dcf01cfa928b72618bad39d8117 1640238672490 1640238682639 10149
d5eccb7bde3c099ad686ebe4f35eb5f9bfea69bcb4dfc60aba6471c5881b805e 1640238700992 1640238714660 13668
092d06059ac556fada4f964130a007e34d024dae750bce03c03563dff44b69fa 1640238733856 1640238746901 13045
cae7ab288249a341ffccc7da9b1e41e3ae92b42d1306fc38d473ed49558f65b5 1640238765536 1640238777635 12099
3c455d1d3e35b07a385c24604d1da1ce1d7cdb0b66b6ee4baf3067cd4ffc6ad2 1640238794560 1640238809338 14778
7775a66f2fe5dcbd3193eefd975309a6c8613cab8a9acd6c8b38d26dad65b5e8 1640238829388 1640238841451 12063
889bf5e8125111473b1f07cf8e535cf5b1322590088a4bc8b37a9a0617e60606 1640238860041 1640238873981 13940
61bf5439c80179eaf47ca0c6349282d54ae5009b001f908dd745aec2a37a9454 1640238890959 1640238905314 14355
4454e6ade9f8f36e445c595b9249751820c70620d943358f19f0e5c12d037dd1 1640238923801 1640238939422 15621
9b765bc603cc3b421643dbb11d4b6074daf2d1aa70f7164554bb0f3436ec6305 1640238958882 1640238971161 12279
b23540ba66c114c5007b1ffff3b64c97a3f921a5214e1a5ac99fa9f3f605ea82 1640238992150 1640238994799 2649
20891d8af516878615d61c45d8f78c9bc5a81545156f17851bb776cb1d828037 1640239022284 1640239024784 2500
b48781a4b8e3298ac775a89bac1d643df6a97e8183b041f82f9c030c0c9163ba 1640239064861 1640239072383 7522
db0946dbf2b74da75403e152e2cbeee3e932d1b5c1b143bae34e181d30f38272 1640239099874 1640239104274 4400
2874a030bdf0190946cd562976b9010ac05ac9b9f166ab5bed666be1c2cf0a38 1640239120156 1640239122817 2661
974fe0d0c4f7188f667ab2b8d9fb46355be86de1829a1dbeec0c67f654f0ad0a 1640239155152 1640239171258 16106
3c7ae688f94ac5c8fd4c083ed8f729d2c2f1a64dec7f59dd0fe82740968dd59a 1640239188113 1640239190477 2364
969c3a67bd0a765843a5a58f91c19f7d81af6d9baea7f5c84de31de144579413 1640239224163 1640239227300 3137
fdabdff38c5cfb10ca406c06ccde0975421fa1d5654f9744ab83b92e05790ed1 1640239251968 1640239255232 3264
1b2c9cb271a66d475304d0eafb020992263941b78e238c9fb76db2a68f46a268 1640239288597 1640239291380 2783
5e269ce468ffb53de371be7008a33f0f033f983d1ca190e10a2a18bbbe41d056 1640239317919 1640239337340 19421
7e371a0df590e565c55904383bde572d5a565c79fe808257eef50d6ba0abf682 1640239353029 1640239356005 2976
8a80882805dc5209f73c1d6c559087bce5efcd82c8aa5e7014ce63beaf9cb314 1640239384098 1640239400839 16741
e6eb1081846cbd7426d21973a6809d6447f5234606fbab6b713e54a82fc9e268 1640239419974 1640239422695 2721
17625f0abb2f567aa3e4406613f7f8d6dea26347db3e0d1631572287edfb8b1c 1640239451153 1640239454715 3562
6b1be4f62e07b43eb81ae7da64b241c32a981717f91e84d921f6fdb2ce39ec69 1640239483379 1640239499697 16318
d450c74976e6deeac3a660875c77fc09430cdecb72c7ba301733b8f12b87c6b8 1640239516986 1640239519632 2646
4b1797b4763db645faa080e5a9d2ef1ec091f9e001948afded1bc4f3e03fd8b9 1640239550363 1640239554250 3887
4e425754024be5a155e1aa4063c02df991ce7afb4bac897ec6d2f1d413f38b5d 1640239587218 1640239590114 2896
13e39588065d2f6c40f785b86bb7402db500c1ac09ec2ccabbf9ceef026db6b9 1640239616967 1640239620145 3178
ae741788473e48b92988338d0a3706891910139a215ee373217399a94ba38a89 1640239652391 1640239655489 3098
a8239c00bda85ba359c8a138af43985979868d6040b04a3ac0a555d73d10c582 1640239687064 1640239690261 3197
5b50e79d5ec7151e33c7fc2fc98c4cbd5354b5086236634694c22b1fd7c9a831 1640239725478 1640239728311 2833
e8bad15d4db6797af9d272223618bb56bb06251fd5f368139ab24097c23e176c 1640239752242 1640239755242 3000
f76b54d50de4acb253d7338cfa0b4bd3cef6671cc353ba18ea951523be55f66e 1640239789833 1640239792669 2836
90448d1803509b192bf4f0eccf3284d0bdcd15810d3566405ea36ac017d6acff 1640239821358 1640239824323 2965
623c357791470d9bc90656a62b7b614faa218f96dafe26db6b552a97212c0a02 1640239858288 1640239861030 2742
95e318b42a0764fe2968131a11c827210a39337dd0aaef544fe519b4eaf2ad19 1640239891409 1640239894159 2750
65dbe6c50844ed684ef7469de8d42289d552a1c7c28a3c3ba5a4fea738483029 1640239927081 1640239929773 2692
ef629683c5019f4d36b6b00d92372b77dbe385c1646e24a8e934b98c4d85c7b6 1640239960921 1640239974946 14025
a1648471d0654024413fe9fef68343a065a402bc262302fb08b2e558edeb34ce 1640239991973 1640239994666 2693
0dee9801430403ce04350f181c0a27891f2155e3e50b8270f51ad14b1e1ddaad 1640240028958 1640240031978 3020
4845fcbce2f3a63a8bbfb6583687f6b264f0690131e2729cdb056624ba1f8b2c 1640240060117 1640240063324 3207
a38fae6b663a991ceeec9307249dd791d860b5438642bb29532c2e02894e3ddb 1640240106746 1640240109352 2606
337430a8c90c277a6c9b05201a5e71a2b008c36df7c2b76660487c9cf4a974eb 1640240128228 1640240130863 2635
d030268c44de6fbd6cd7b5f0d5b58f4f613e5e7f1788d27b6b3e91a268f195c1 1640240163292 1640240166155 2863
9cbbdedb35bb5a48571e30d7ea2d8b40eaab1f3e59bdd52009b7114e83ddb390 1640240200984 1640240204006 3022
cc29311d529e0d3d851f1750eb415df6dbe29a60571413f71897c04ebca55771 1640240234998 1640240237842 2844
bba4595b016b382de92a4713bb23979835e4e885e9befa960a7e70e48d19fd99 1640240270211 1640240272982 2771
