66f57e478fc961505167d3e6925db06f81690f6255f45e84b58d735f51bc6334 1640238648591 1640238663246 14655
5b9f0d075303b330c14cad9b7350d775ed20c919156376304afefc1f942a54a8 1640238672521 1640238691965 19444
ac132679b33c33d386261e7133e2d460bb2e94b6f6288d8711b507f7a52d0078 1640238701028 1640238725183 24155
ceba7c90436405fc59ad4d8cce85051f0febe1409670080bcc832852a484ed3d 1640238733888 1640238752799 18911
edfcb7ad1fca58bb2950e0888e2d8fc5756ab94e4a847c94c481c1f0e56b6baf 1640238765577 1640238788399 22822
74f66a4651be3af9010eddfcca602be25bc557437efc2ff1f013be5dd14e64d7 1640238794589 1640238814327 19738
b00dd16185aa8c43e35cb84c88361e5212add045835a6bb9441a2589057d6ff1 1640238829418 1640238852512 23094
5717558850000de925c6c3db5ac73a08c596460c277801ccf9b44baa9067952d 1640238860078 1640238885039 24961
1f646543634a83cab04062bbed99eb87c7389c47f8a2166d1cd5977aced57930 1640238890989 1640238910504 19515
d65c56887b769c7d6fb1ef0bab8cce6f503cba8c197df9231de3f45724759803 1640238923838 1640238952027 28189
06af3e71bc8e534db7580837834d2019ff837df150b6919dd15c1330ae953f36 1640238958916 1640238982852 23936
c53f4a80ec12cb70a1820c8a72e621bd1ae0d84df6e7404d534bcbbbfe0d5b48 1640238992187 1640239014808 22621
35cf0e291ecde7e5399bc03d10267ac3607034899ca45e9d890ee5c4d6782cc8 1640239022333 1640239050250 27917
1d1842ffb4125c66067211ace6efa3cc7c88e5f8974173f8489aa3b5edba423b 1640239064899 1640239071197 6298
e7c91f1ba12949da91ca4653fd5449550f5e88d81eb764b32d231b8fc83435ec 1640239099908 1640239112685 12777
d56e93c8714d714d4f9bc324729a7c30e6d521fe46d29175238f1905a1948594 1640239120194 1640239145770 25576
e1f61c1b3c171dcc406b6207b776c7b2d57e217e8ac0df7278e6f87813e94541 1640239155187 1640239172519 17332
806cc7ef85cc00fd3808b588e90cdc4dc49717faedfcfdffc20b9a1a731d1fcc 1640239188148 1640239208169 20021
5f98b2a6d3d3434d7279f88614107d68702595f9ceaa934786592817ced55258 1640239224202 1640239238107 13905
6f081e368e88c360be5ad8c5c0187aa50869d8d9a21fd3db9be8f837ff11ef8a 1640239252013 1640239275722 23709
03ee49b1fe89b633532f73604042e8ee763ca872049b0f3e1bc92cc900f37471 1640239288634 1640239310974 22340
7427a11ca95510ed5cfebb8a399f5c087e52c0f76f3659a83ebef3220c716ec8 1640239317953 1640239340286 22333
874e16f0c1e85d22e2e7f306ad07bfa67988a01c3b603740bf7f13fb4e5bc044 1640239353059 1640239378134 25075
374abb5983772b32cb48d5e96996686701b930c0c19b15fa0532f0ef60650453 1640239384132 1640239411686 27554
5f01d8f789a7fffc2c19aeb070671317fc9262ad93b72e47156323564c546b83 1640239420016 1640239446455 26439
e852b734dc05834511460e8a25a2795f6ba80eb6ca6639d5ead45c239c717582 1640239451192 1640239473874 22682
979c24c640fa66b8d237812c113eee5605bb870aed6265d0704def40e7e19d9d 1640239483415 1640239509894 26479
1dbb19b9dbe9d0a58dbca8f869a6e20aaeb95ef3b1f74d59cf148ef46dd6d160 1640239517024 1640239540754 23730
b9c1021638153971d78a248d2de21223587041f7331e8ed8accb216a94b51115 1640239550399 1640239576890 26491
86ec00dc36d872fce961e9b4044671003b533fa5d027904215150c813beca6df 1640239587254 1640239606424 19170
2cd70429264ebd0f585dde3c89434205c43521d3bd917fef2eee44f2ea0e34aa 1640239617007 1640239640629 23622
c9e2b2e631c812224d43839f38e24157406223a099e5fe0205c2ee2a7f0d1a5d 1640239652431 1640239677367 24936
ebc8ee79ccf6375ec4f763723717e5d273e152f0d7f6847900700a525e8d80cb 1640239687112 1640239711243 24131
c3a3fccd315730dde5c9a74d6d4a967c4a410601790b686f941a55657e69a7ee 1640239725520 1640239745433 19913
f22ccf74ad9cf09d7e4f151975b90a1accfee96bdffd6d9c96239c68385a8103 1640239752283 1640239769757 17474
f009006010e93bb0ef565912d5de40637b7f836f57ab9fe497190e28d9f90aa9 1640239789900 1640239813640 23740
254d81e79f6359648bcc66949c76492dbb170e9917261a76ac2f9b7f7f4017b6 1640239821403 1640239844454 23051
e7a401859537ee46044ce51c5841bf45496fd6f2b0bcc669a93fa50488f0b668 1640239858342 1640239879800 21458
5fc9dd593482a5484f16c2c79ff78a7b53653367a044f2a13910c30f09af5bbd 1640239891451 1640239919353 27902
2899661b523b527b14c477803d0aa2de08a402c1e894f465fffa4875bf3dbb7c 1640239927122 1640239952440 25318
ce56c596b9aa9d9fbb811a3e4a5836f64f573a5248466673f979463aba449756 1640239960963 1640239985536 24573
cb55b280f53abe9a3b24ba5b04d37731bb9cb70e0e568d90f0d54b05d7a2fcff 1640239992011 1640240018229 26218
d6853b2efe5d6c80ea4beaa9ed54ec7615f3f880413f298971c5a9ce8eca559f 1640240029001 1640240050039 21038
55cc9a546d855fd67114eab1f0f5ce23aead8f3debafb572d1c166ec12abe9a4 1640240060155 1640240080876 20721
f985012982afc4809c61be63286407c89164b5762ba891b7d44f5b5890c83a6e 1640240106795 1640240116587 9792
eb84fa76e8b2368a632489abafd1194a6ba7198619f764b51401443f0a6ab88c 1640240128267 1640240151141 22874
f652997fbe743de1b8608c94c2b7cae7cc92e0782b9374791fcec7c3fdd656b1 1640240163336 1640240193185 29849
11de5e8bdb411bacc00e26911f4d02d8c05ead882377aadfd0220e112ae71051 1640240201024 1640240226375 25351
038be3bd7795b8abcf7bc0e019e2d72bb465a70290da88084015bceb0cdb26d1 1640240235042 1640240260388 25346
90f1884daf9e47d82159fb4db0e8b9efa9ce54585ceeb53dd6c576dd98540ab5 1640240270248 1640240298452 28204
