32ab36682873d7543303556e6220b48e9c8cde43c12b56ea1452b2a6b2b560ed 1640238648597 1640238660948 12351
410cf28db7c3bd2557ac51359993d3a1ac4f0d21b96e27db4e7b3b31d96e5a3e 1640238672537 1640238693546 21009
c716e862d270d635fdcff1e9b0d8c5591fefdfbd62b1dbd7c0d30d7dcbd2ee3c 1640238701025 1640238727402 26377
1af42ab952e9bf4def42fcdacb2c27b05fd4e644683e6b6b8fa934d4d9052386 1640238733898 1640238754012 20114
ad5b3d2124218aeeb3ec77e4b4faf1c1e4f9b0487ac90b4d846af2d5ddacc949 1640238765571 1640238790337 24766
02e7bfd31e21ad2aac5820ba1f97ae590b1a15321da9078b7e100787830e4a1a 1640238794592 1640238818014 23422
c5e870884007e80b03d7d0ec0c52d8b2ad0af0500368edcad41ac0157846397a 1640238829433 1640238849506 20073
e00728257b8664083df46d5068007e48820118a29ccdb4b5f8c16fba8ee75cf3 1640238860079 1640238884229 24150
c6038a84af539101f5b66577da80dc57c0785555af1fc9e315b5d9f2c6347c8a 1640238890993 1640238910962 19969
524435593b6081dfb15bb9f0ebefaf8b7942709e3f953cd2f516218bbcd07ed8 1640238923839 1640238949267 25428
4f6b0a44102f40282bf8bfe04be626b71953cf5c59627c845bfbc5ebe9b492bd 1640238958914 1640238984087 25173
28e962345b26447e47ca03283d850b01fa481d0850266cdca3fa215916154304 1640238992187 1640239009357 17170
e4ae760ff90a13df74828ac6e27e950bc5f1077beb57d418f7c8ddfa4df567e6 1640239022328 1640239047055 24727
26bb2a3e1d7ec6a5437c515403abc08e83e92a3cd0f0ca4eefa0ac1c2728bcd6 1640239064904 1640239077446 12542
912ed633e500a7bdc29511a3a52441f5634f81cb73a22bc10174d59e7e19fd74 1640239099921 1640239112833 12912
207dafffd4d7fc23d5c606dc64fbe53a5d16da505fd53bcdae6411d0905bd9ed 1640239120195 1640239146825 26630
605521d883469c422e4abc32036271a713e9c024093f65359697e60fef4fac0c 1640239155185 1640239172396 17211
f97c761b441fa9cab0db51d16c6b828085170b6fffa7084b028d87b16febf1d8 1640239188159 1640239215135 26976
a5449c7f0a725c680086dacad40a84ebd53609645337aea7c56b1ee0e4a6055b 1640239224203 1640239238566 14363
38bb4de4ff2d7550cfb0eb86f556f8de2191e285f480cbd627780f211e28c6a4 1640239252012 1640239273817 21805
470ff95ab772b32204725c60812b12eb7ccfe2f8e2ec3c4ebbd996be601f7238 1640239288634 1640239310406 21772
e57cda725b9d0d76919fb03b16f9432203f2a271906d6e924be6a80c205de86c 1640239317961 1640239342089 24128
fbf545d800dd7fb4e86f41ddf267f6c96b0160d4bb022ce70a35b656f20520e7 1640239353065 1640239371765 18700
be3f179a06198f9f13983871b09535799178689b8d87569352c5b1b28bbac3b5 1640239384132 1640239413325 29193
9e38d74790baf44b379b6c1b90ebaa16d692a0998a1962aa68bdb19856e1c405 1640239420018 1640239441323 21305
2af4d4dab56ff560395006ee0861aa4007e65fd489909b22bd29d7ef13c26104 1640239451200 1640239478768 27568
ba7751c194e1b4f3554279397dfbf51a57fc75aa397487756d0b5b1273be6385 1640239483422 1640239511529 28107
8efd0e97693d5bb1b85dd4d50b6cba2aefde98767a8346a150d57c085640dc5f 1640239517030 1640239538900 21870
f342d880b080231a015a4f54372b809cb22b94a17cc4115fb1263a729c9abaac 1640239550410 1640239572118 21708
b18a7362c2718454ff19fefdff5f45303e5ccb9ef2586fa8acd61c9fc58ce2bb 1640239587258 1640239606008 18750
d88fa473bded5f7d7e557ca7dd5cf6e9e610bc41c223fe7ac9df56b3801c9ac4 1640239617007 1640239636043 19036
1fe53d8da406ffb876b03453c275cc81d7d05bd322c0837bab5656a510fba2ad 1640239652430 1640239674672 22242
8d63d7bedd8dd0b8c1ecd727d13460748e3ecf936f19e9016d5b4b9fb85211c2 1640239687106 1640239708089 20983
40e41af85bfcd576a7e60955a6a079f2904b1faa5365f6310ff6ba92dddf5ff9 1640239725523 1640239742079 16556
351faa218b31aafa98ca3be79542cf3e1a2b952537d49379b5bd23f9e8808050 1640239752286 1640239776154 23868
b892585b69426bffd07e4673e8e2853e2b1c49947440ccd617897bbb7a8eebf0 1640239789893 1640239816985 27092
c620bd07dee12bd72d6af06537de879248db34e97c89983a1e384a0aefb7e29f 1640239821403 1640239845430 24027
0250dd2b117c3385cd45d0074f2d61faa5f3cf51ca9f52b56aff9570f8e1d30b 1640239858344 1640239878202 19858
68eeee5643ce54f9b7d18c18f8a3513a16d55811898bc98af0bf55445d57b25e 1640239891455 1640239916118 24663
7a827c8acbc2ea4d191f57b9d2b8dbad62429d538e3132f798731bb8c1f5b602 1640239927129 1640239953732 26603
3b98f08631e5d4bb1d558a8bd647a001b6346049341e01b5300c17187caeecb7 1640239960967 1640239985113 24146
22c330c7c453260e8123e087b0b5719b13fdc2b65da293d4828cf40a363315e7 1640239992016 1640240019584 27568
c7f6dc24ca94606d4ae1976cfa5a5a588ffc1fd95f3b298d66acf5361e3aaa75 1640240029000 1640240049591 20591
30a315eb9e62943933453c541d3c838be790cc29f1458ddaadcb70d38a50477d 1640240060161 1640240090296 30135
e801aabe48c268cd1c9936803aa4879de75158cd1bd627fa188134be7e4f0257 1640240106792 1640240117729 10937
7fb266048b4ecfdef1f61d8714d59cc71dc1eab3e1292e5d3cb3e7dc8f120775 1640240128277 1640240146519 18242
dae2703e9f84e3ad02360f27d0a5902a8dcb8fb7cac6d6bca4ceae20be8fef5f 1640240163340 1640240191040 27700
efe4132c2505a6fd162c36a8223620033330b4c638ce757e663906177cccc54c 1640240201032 1640240224101 23069
4756ccfe47af750e6fad4846cd56de266fd70530c0cffe8c659bce05cf3db223 1640240235043 1640240257358 22315
ce3a6ca368716d9d0c30150f720f9464addf33126f21994d767c2345dbea8870 1640240270253 1640240292154 21901
