8bad08ac3d8522724773b678de27ccadd5d19cc2acc68acbbc8deb9196e1f6bd 1640238648579 1640238655704 7125
4ec9db4d35d8e6c7dbd3e7647adee08893f26a5bb8a3e0cd4a618aabed1f8530 1640238672508 1640238684837 12329
55ba4958b9f0a6eb89e86593e25e775a28f106bc233cbbcb5a3b13f44d22a606 1640238701013 1640238716490 15477
b4b51ae6183627aa3dc765d5938f1ecc78fea0dae6848aeb4f4da646be628380 1640238733875 1640238752657 18782
9b0d3401926f4dc6f3115c4bf44c757a526a034ba9398a5be287ea6e2c50f521 1640238765554 1640238780543 14989
398acd79ba362cc108b1a2b84d3af4b36a68c16bf536d7a09aaa3949143df50d 1640238794573 1640238816762 22189
3f1f537f84be51e595da25ca66ecc503cf7d7f8d16554f694a749b55681fe6eb 1640238829415 1640238850170 20755
04231646d1aae628b34b9dfad2ce3a10179704b67a5e32c6d3210093f6fbbfba 1640238860063 1640238875023 14960
95d0db81d48be43e0b0acfac2647efffef4b17b8c05cafea621f0fc85a762ae7 1640238890975 1640238912109 21134
e78ed53006cb688eb0c4a90878e617f24ecf5cdb92e2d9a5720fe6395a8a0cfa 1640238923818 1640238943633 19815
0bed8578b41ff8731ebd7042a0e3b12df98ef84955545709039d27d0a7a2b6b3 1640238958902 1640238976239 17337
c15737f3a458039d338ec10bdadfa1eb3811a59fc4e93ba7873e421699998892 1640238992168 1640239010089 17921
df99ac2151b6cceddefe98dcc3128cb91df7d96e91eb41d1890b0be7a27f05f3 1640239022301 1640239047433 25132
53d7f010ad326348868a168546af88b52cce662cd3396804f4959e3310dd33b7 1640239064877 1640239070370 5493
520e96b943363c919a57305270a8d980d1263837f76110ccda4203e9484a35d9 1640239099895 1640239107588 7693
b00eee03e44ae638fd53b6e4a803d29ce8f746d44583f10ba215f58b7ae8c274 1640239120174 1640239138314 18140
fd4a83cac7cf9122563e1c41ddd7719f62efc49c8a6be7e48fa228a9351a0a52 1640239155172 1640239181179 26007
718a55d5649bf1ea15e7afce32bfe87a9825b0cd495ed33e80aba5ef2d5c7b69 1640239188135 1640239210010 21875
7c96163ee1cbb14497a354820c8df46160a9c9265145d971a4ba9a9a0648e5e6 1640239224184 1640239245876 21692
5869e00a8ac00bd78b45a3a72927dd6ef6de49fe90299a16101518e9168f34fb 1640239251989 1640239277120 25131
579471f1f3feaf1250f71d6bbe7aa8a8eec6f674495f94f56df9e61b76a7f5dc 1640239288614 1640239305725 17111
6980489ac0774d79b067dd37d2ed30de9ae277b0b8962dcb8de3e2d18b1b94fb 1640239317939 1640239335959 18020
b7bbe5fb2c344242a09e9a457f5e764960adb32a7c291a09b8d31a5498d2106c 1640239353047 1640239375773 22726
fcc683ed8e9d55cf4a6ae44f6ff8256307f7d3016e35b14bbb13793539e974fc 1640239384118 1640239410016 25898
8e68bdb7b15ebaa56571e5ff832298eeb253d4c977c8bd7fbe279f79165dd782 1640239419992 1640239436855 16863
903582d694fdf57f93c6ce5f741fc80c7016a534f3678ea610af769506d41736 1640239451173 1640239468532 17359
c01e71efd2f86c34607c1018d53b3203c05e1c1a1a6129fd06f7c67e18b68309 1640239483396 1640239500496 17100
153ee3f5ce0d8abbec5066afa4064247bb42d2c62ec1317dc410728502670966 1640239517003 1640239543125 26122
63f235ced3e6b4074c3b43d9f1665f54702aed498a3aa3c8f070aa1bcd1bce55 1640239550380 1640239570012 19632
70e9941bdc245e7e332775dbaea077a3dd672dd38389ffc39f9a5bf5bc4c4b95 1640239587237 1640239608092 20855
fec84f8aa441403c99001f289c019321204d9965be15e5155e46dd668b27033a 1640239616989 1640239639424 22435
4da90b87d6c74c1c40be9d4a94cbe0af18c390d91957ef9db4bc178e2b00db67 1640239652413 1640239676663 24250
0e5b8c9455915b35e071396c4bc645c9cd18b16eb1b177de6cd11fedf2632d50 1640239687084 1640239705059 17975
93418c6e9ef4d808087d1af257f1c8d53e908b90d549b6b11c47c4bc34a23ac1 1640239725500 1640239741340 15840
fdad5471566a25c902c1c810b6af967908b32c859401a7ea5dbca3fd23a75330 1640239752263 1640239774214 21951
29fe0bfc6ec29ff7e2b50b81f648f89d7608eada547c4d9bc556b36fcb46ba35 1640239789857 1640239808233 18376
5975fe809606e15fe84a551f7f2f97cdb2c07803ebc7f1d87983baac348b9196 1640239821377 1640239844537 23160
86aee39fbca11da7477ef5354b6d347b16ee5de196d3a628a5bb72f1b659ccd7 1640239858310 1640239875197 16887
9d74a90b1ba0c74734407b1a509be08f0e2f57ba5790dc5a10353aecbfc8cb3a 1640239891433 1640239917918 26485
aed1d617f1a072222c6109c402ce4be0c2b7c904f7bf3f107bfdf812fe77c4a3 1640239927101 1640239943326 16225
b699f58f8d48f1b91b39bddb6b20b9bb5c16deabd063f4beaadecfe4b9faaf73 1640239960948 1640239974311 13363
8ca10087055f1ec8119030f0ee0ea17f6a5211a293cdc1d0b7c9dde49e2205ec 1640239991994 1640240012442 20448
97a8d7582bfbfc2238bc46dde6b9c206c8732964f9585aaa4c3fd5a331f868cf 1640240028975 1640240048667 19692
d7b7ee33b7b03a0ba9a70ea614afb95ab88e0e17f8aef331d338a2023380246c 1640240060138 1640240081053 20915
1af66af5a2a0113d93e10724666af2cca5f2d5757e85e3bcc046570332830c40 1640240106770 1640240116128 9358
38313a809563e8977d17a9aa1173389a66c157f559e125582b31ed27210e3f05 1640240128256 1640240154883 26627
92c3cff4c9c5498b7bf1e093b975eaf9daf03a2b4adec130197d6e69debd2781 1640240163310 1640240183971 20661
0a5e3e95742d32211a9bcc7910acdfd03a31f3a01df590bceaa8f19134965241 1640240201007 1640240218194 17187
00062f0add2a2218efa6dc8d1b9e1007bf70afee356e186748ff616c1289cfd6 1640240235021 1640240252627 17606
dde6bfbc1ce23f502d6f35246420ebb82d3f11ecc9a3f70992ec406e6e292f1c 1640240270231 1640240295332 25101
