f4aff683a1516f2c0401c854305e6dff89bfadd0cc6a43fc77f6a24ca56941a7 1640238648596 1640238659818 11222
c851d900d5b1c8455f057de133a15e6aefc05b05e8812d222e21e5ebcff126ce 1640238672528 1640238692040 19512
39dda87c773c33dc4f24a1a7bce4573d4001ea8f2f7de00a2b08b55c633bf80c 1640238701021 1640238720005 18984
64c6034d36b1bc0b847a5e0a5fa0bad5e0099ea97824b59a870b594bee566255 1640238733891 1640238757191 23300
8b2e70153e08de37556f4d1aa59715ddc5e4643a56426f7004ada4cbd92ca9dd 1640238765579 1640238788707 23128
f86aba28be17745ab61b4d3f72145a1ed5875730ca54f35fa13447e6c487bc75 1640238794594 1640238814189 19595
7f56e97f86d18f89a831bc403885ae74fb941378dd065a6ef2c31c239f4e0e59 1640238829422 1640238843244 13822
4b39d363b53a851ec1fd4cd9b65734a127382884df4631af8cc42523433a6301 1640238860081 1640238885918 25837
9e15cb6fea7dc237733aa3ec8cf4a6c7848d955025f9257d5c843670376774e9 1640238890989 1640238917152 26163
5c9bf8d2fd709b4fc60940c7999eb1b3f011ce998e3548cba925a8abc2b10705 1640238923831 1640238947080 23249
5d9fe350c41f22a92a34abb35675a1b82b44367dc6a9fc0aea66fb532bf4ddee 1640238958914 1640238983638 24724
c9a68b301da693353c34a66ab43070a1e42cf03ab37d31039e384824e1f00f58 1640238992186 1640239015809 23623
cabb350c0970bbc1eec7473de5b18a7cf15d74aa61a701be22104290fee75de0 1640239022317 1640239043972 21655
0ded0b6e10c2760643d141a5a10f87eb94b3c98e973d9ee31f30d2815ab89d2a 1640239064908 1640239076984 12076
bd40d14157aa5994df35141737365a8984f2301a725e64763812f647730bf67a 1640239099911 1640239108837 8926
ad415015fe4e747bb501f67c1e717cd9b2f3dc283c20780782f840b1a1119da5 1640239120195 1640239144510 24315
43618fe71c8a2df49b23ade5704d40d4d2d26233b52577e5db19a00cb9b3ac9f 1640239155187 1640239175082 19895
4830773bce3fc0933bfd5357c97a2c2f849550e914d7063dd2c78ce5f7e43960 1640239188146 1640239213378 25232
4e19f6dd5e0165aee7bd0ead6a3e63c42a660b64a28ee8a52a27e11009875466 1640239224203 1640239238411 14208
fac8cbfeb4da83a465b456fa23e5a3c7556d5360addf9c9385e315957a041379 1640239252009 1640239274317 22308
5e0d40f3d94c64b366208ed5a6bdd5410ce8b3d583140f51e2bbac4818ab9fc5 1640239288629 1640239311461 22832
31ef48c95a86f7a4f863f63d8123b1898a6789df3613259095be97596868300b 1640239317956 1640239344521 26565
1de7e61009f8feb4111558ffe9c33b22e6b38317082cf36c616b378c5e8f039e 1640239353067 1640239373292 20225
088070df22b4dfd97691b9497e2b21c176de26e676547bd8d0851513ba4f326f 1640239384133 1640239410682 26549
c5a49e552856b5ee871f2ad07c97f4792a7580c86b834efe0e21b83975a7aa5a 1640239420014 1640239444665 24651
862fe612b140380271e71efa0edb703c064b0adec058b2ddbc859ea1dd15f23b 1640239451193 1640239478353 27160
7ddd51b8aa8b94c3bb58894694771a70bc345f883553585fd1e50543645609aa 1640239483417 1640239509811 26394
5a56513af1b0de4ae3935bba59fce06795ce50b7305b598d2502bf87e39c2725 1640239517021 1640239544290 27269
a4bc68dea095055b81d70b07c9a96edf04e349c921fedb5b0e1c49c46d081884 1640239550400 1640239573948 23548
979158cabfcf53d4a160247f1ac33527df0bf2d6c3bd3795289a149c5122fbf3 1640239587256 1640239609350 22094
cabf35f1fb1d6734c70297e36c17b37b2accd4165f14d1496424695b1607b7e6 1640239617004 1640239639745 22741
01ec03ceded5177c4e8bab98934a32e0b93d909c59fafaad1ccf7ae5a54460e6 1640239652433 1640239673497 21064
426ddd7bb104b05390d3592b32c7ed450d4b87ebc20016d48a49e6e0f49e8020 1640239687105 1640239705646 18541
7d14e58c02efb74368892ab41a09da639c8b6760848e88b72494c7235c0dc4ac 1640239725526 1640239742762 17236
54b4cc283e07009541aa7d0efd5d94e3c74c825e3a40820711b1485e227b6e9f 1640239752286 1640239776063 23777
a0b4b542ba40e9daf5dde4e82c0f6b034f3cb163a98ee92c57615e844237be51 1640239789897 1640239815113 25216
879f4fbca7b5ffe1346cc5d407338c0b6ab03e20ce6a271d55308238036deda6 1640239821400 1640239842727 21327
c6370e198244a0b871d9f126f86f59fb2460ddb50afa667ad19a637ba4b504f7 1640239858345 1640239878601 20256
c0984f5d6566f76acf9e8fc22397fabe1810f74a090ab931d088a66eae0530f1 1640239891452 1640239911509 20057
67b838ebfcf00cff60baf76644a6403461ff854c38d1b9e3edf0b956d8821038 1640239927123 1640239952150 25027
0c788bf2dad046496e0657dffb9fab5e45853d51b3f144c5f173ebbbf89e13a5 1640239960962 1640239986523 25561
5c354169bc5d68de201bd424866411e2daa4bdf08b2343880229b91f03add6d3 1640239992016 1640240021203 29187
da41cc96473b0fef451cb5ac3e7f18fc49c6504d5219ed95d42876e141d9fdea 1640240028999 1640240051640 22641
65168e15c6eb7e6551334a50f86b54f55e61cbe23ac89cd16301b02af16abec4 1640240060157 1640240084085 23928
7967d65abe277153c28f8d18bd7f905e8ff3c5283b94acc35d0bfe8cac8da6a3 1640240106795 1640240122405 15610
2992aa4551cb2b28629a0d72f5b6c79fa332287bd65dae43cb775dc1d46706a3 1640240128269 1640240153196 24927
754116170ae393af33a9d4340d3a4337bcbeed09262229cec7d602acf3c6398b 1640240163333 1640240193649 30316
6796b7af9999a54ee68706c212edcd6224f6d9ae48a8af79e13be6f874d988dd 1640240201027 1640240222114 21087
64f964e6ea591a905b969bc6e36a0e9a566303218e1f39eb83c8f9d111d63f5a 1640240235043 1640240259580 24537
87aaf1c3f1fdce36a7bf39655d250b6db5e993f054ea56fa536c3368b2a82947 1640240270249 1640240285859 15610
