a1afc7b81b012d384757744bf4285ac40e717ef4f05918c0cbeec2a842aa01fc 1640698138459 1640698143646 5187
cdddfeed107783f2f5ef1191302164ec4b0ae8678d91bd487fc7995f5f1030a3 1640698232280 1640698237885 5605
e59d91282299864cfa618ed4b7f22d36abb69664350caf17be93515aef3b517c 1640698326171 1640698330835 4664
13136e48be78d7c25d7ade3797b8c023919602a4c40e78dbc90f160f0f9d1451 1640698420083 1640698425825 5742
f4a6d43567d402838b56e2e0e7bcbee3d6525ae1a486decc8f6f9b6afb821a60 1640698515157 1640698518208 3051
751cb1397da726e92c8ea6ecd8058b70956049fade20161db218d0889b71efe5 1640698608224 1640698613699 5475
a06646c861fb77370fc3ac5821ac38145a0c24ce1e906a0f1b70f8c7a249b992 1640698702177 1640698707063 4886
a6556ac97a638372b9fc7c28e2088e493e38b362bd2996b91527bcd5b5bff984 1640698795835 1640698801423 5588
60b1d86151fa11334654da1dfb52daab0c3121b40c787a750659b2cc3a20c360 1640698889822 1640698895389 5567
5c441e7e28cb9d598aeed1134ca3a997523a14adea6456b7b4a997ca91a51f4b 1640698983986 1640698988757 4771
375d56e570b83271f9245695179a12c0bad366e1fe90047dd8e94d95ec1c47b9 1640699077442 1640699082636 5194
8574cb47e44d6cb6f837f38077d6bb0763219ba431f3b8968afe97829f837508 1640699171812 1640699177023 5211
19b0ffd188dbcd91868e1e39765c761baf45e8fa1a7d16bdddc663fa9c07112e 1640699265686 1640699271381 5695
01924bf7634de9c5b602d2df9f8d2ca998222d5cff9fda8b5d8bd87eba204b41 1640699359625 1640699364979 5354
5f1d4e974eb8e942d09b6bc3dcd8257ace459b1c0eb0a830a6b36247943c1f5d 1640699453585 1640699458331 4746
f6bc9c335c7cde2ca761ac22e9eb155236b7595c4ad991aa26bf66f01d2fa75b 1640699546110 1640699551193 5083
6286b13a0072ec0ec77d235c5d664ea64ef686fbb9ad39a98d4746163de610d8 1640699639103 1640699644471 5368
955a18af003338092fb2c221d79deeb35ac8a26d1fdbd2f96bbfe16ecf21fed8 1640699733065 1640699738605 5540
6fe5a0a59b29e749bc9330e9f55e24cf61b7a4578a00a452da6760bc41f3fe65 1640699826646 1640699831445 4799
46f8ddd12b0ecfc90f086b8ad49b915dd5dc0a6b6125e40d0050fd01b58e6a40 1640699919742 1640699925297 5555
