925bb094246792c2c1ce51238a7e0955277cff993d5c67180a1d67827ca02b80 1640698138463 1640698143878 5415
e16720b023105bbc0ca8bb7446ab646fef61600cf2bef2360aead762145c5be0 1640698232279 1640698238089 5810
4d13eca9f268a643b53d53134219d15e59d65c684b981a03322439ed22c6abf5 1640698326172 1640698331252 5080
2b0a3f6f17c65d8bad027683de92aea18645cf81ba70b2e6c3a4b21f802fc9d5 1640698420083 1640698425830 5747
884c75469f70a5d57a31c4b46bf92960667a09230b65683958a03de3e5c1b2a0 1640698515159 1640698520191 5032
11bed564799f97c93fcbfb86307e0ea70ce6fde5cbe91cfce8637edf5a9029bf 1640698608237 1640698613919 5682
d13307cf57c2a10db1310fee2d26992db97b16fc290c340c5e28c90a8a6ac59b 1640698702180 1640698705972 3792
3eeaa7f87c2f6c47ca390b787dec981ba5e790220c76d29616a4d539621f7237 1640698795837 1640698801348 5511
7ba7cc98aa379034dedbcb69f1096079c6fdb91419b8b4dd749bb30dd1075ae1 1640698889830 1640698895333 5503
67e1aa19ed8f4ebf2c538396a7b30e7369410bc49d9e99c186f8214f55fdf458 1640698983988 1640698988917 4929
e80ccf2d816b6f4632420a2023ef7e3b14c67c3c31bf3404739e5afdf5463704 1640699077444 1640699082936 5492
8b947bc0a30f7391cbc388cb35923ce56c84b904eaa7f248e448ce7548c904b3 1640699171816 1640699177047 5231
7dffbf6dfbedb2fdd81792ab6e198a42f80f60fd01587e7c471046214a3fcfa4 1640699265688 1640699271496 5808
f0cee5218077ba9a607d6002efd957800872ebd5f15c54cb5617077ffefac420 1640699359631 1640699365204 5573
6aa53ac044aa4db241364986eafcee6ce713da040cc0badacb4e1a8fb506d438 1640699453588 1640699458324 4736
8b6465b633c0e0dfbae915a717dedeee74205a5abe18a1a3bb7e1e2a6a142011 1640699546118 1640699551287 5169
2dd3a2bfc9930eb659c7e4ab86730b7028732e083eb3f9d0cb509269278e1693 1640699639105 1640699644507 5402
be9e6fc3866103b93a118f1ef4d52c883ab3f36467ce03bb8c2c85fd8bcaa4e2 1640699733067 1640699738183 5116
f4f453e7377fa8633b474b5b4735b6638b98a5a5bc919f5b11791c937d7d2476 1640699826649 1640699831684 5035
b4d08cb51671d590e7351dd29f59e535d1374fb0ca65a3347e7476471ff03ef3 1640699919751 1640699925183 5432
