d21b5de16a5ae6f91c781c0c99c28a708b668738496d7ad29a022a99652d036c 1640698138378 1640698138979 601
520980eaa26bb6b7b0e441e85f278a64b705396bd2ddf7da59de95a8671e9baf 1640698232195 1640698232888 693
fe2325ed5469238f8752b750bb23e6c5a28f34a95b5aa80c4aa20c8d4bf66942 1640698326073 1640698326770 697
e7a867d8c4dc760cb9469c0b51dcb5e73839bb7bbbf58e969f500e20db905a13 1640698419993 1640698420665 672
ed2d9a4c7aadb63d58071965183a18d64ec983c5e8be37f18baac3cdc9032507 1640698515061 1640698515640 579
81e5978869af6a4bd65eec920ea633c603aa4633aa26040d7dd84436221aca5e 1640698608114 1640698608644 530
64d3047633e5b21e24d513c67daebc4c7070e15bf0ceacf827ec660856c5924c 1640698702067 1640698702751 684
10097f9263e168fadde519a2eb2d940538d64ac8c49a8e2abf008d37af48f01a 1640698795698 1640698796264 566
f33b685d79b10c60b454069ca3ffb1546ac7e67d689bbad96defce4924738526 1640698889726 1640698890334 608
d06fd1b3c8199666ffca68891eee7face00776f3bda0a2a9eac4715a557c697f 1640698983871 1640698984494 623
1efce8951bf52c767b0e5bcd29e0f7b20a15790c0b1e99d3e3e0c55cc90aacc4 1640699077300 1640699077893 593
5722980504c5b989501ea58a7bf7f3289b996dd1b546b7da100abd482ec99311 1640699171673 1640699172641 968
411210480fa5b57b0365b6b7fcf1a188269bce36a6a6467908fa5ecb6125d3c0 1640699265554 1640699266019 465
ffd8644c3bf1e4be0fc6f0ca1e6323fd648279eb9727fb00c44aabff285cd92b 1640699359483 1640699360037 554
af4b17954822402333cd1719dac24070b7e7d0fdfdf0f26b7e75f53f838f325b 1640699453440 1640699454058 618
65510ce157077b4f678c5cc9b0ff3fb6c9464b1ddfc8c474036c390083f02969 1640699545939 1640699546523 584
e213ce9673a7ec30240268a67a02a57c96c707b6d2679317e75878fcb3c7238e 1640699638954 1640699639493 539
2728a83bce52b00e35cd826da6bd0218dc7a30db055ee3a704e11c314a606f63 1640699732820 1640699733444 624
bf44c81fc59a203b3cabaf473307facf5db5f7f88e98d941384f725f68f6fa5a 1640699826435 1640699826929 494
6e724da9d395409f2aace511cfc17645f9708549af2a4f11cc63d96b48de48c1 1640699919550 1640699920036 486
