72bac33bee087f8774b9a2fe4479594aa21c01387a799b5c9b933c1bd53d45e1 1640698138447 1640698143855 5408
7fd92173991b72009be57cfca50733840d2e5e6b4c91f30183fcc46a8a853ca2 1640698232268 1640698238130 5862
df75658ee5f1a9739da08ca77b9ba73eda0a20bb6533eb9a2d10f88d510e7ec0 1640698326157 1640698331156 4999
4233ce857c95c9f2574ead66c1e1c2fab8821233dac0250d6e00d3eb86ffbc33 1640698420069 1640698425599 5530
d2768a2406fc14ece43bba9c08f5f80e5f232627837048eb29c5fbf5fc32ede5 1640698515144 1640698520079 4935
b009c51fb61100b4af3582dfbcf0509216eafdee17fba67bafa17c4e26e41f2d 1640698608204 1640698613758 5554
4a8e41a0cf526df9c116e1ef514e296719499d16c449dcb6a6437fd2bb5de5b9 1640698702152 1640698707064 4912
bd757914250e1b61fb5addee497730d247ceca3e1a6548f74de7109e038c5b69 1640698795790 1640698801422 5632
3b43845db4bc8612ed32c954bb863eb658d63312638c4f9425845713111d7f3e 1640698889810 1640698895240 5430
0f5cbe52d0a2cf8d5bb0b6ae5fffa6686a97b63476acd7b91de76481daf3d6eb 1640698983967 1640698988694 4727
c3c9f18f7fd9fab9ebf91add1db0d98c688887c14d029dfce5e9f9334cc6f727 1640699077406 1640699082591 5185
8507badd5a62e8cec702b2b5f5559dc59d5b6404a3736842c30e8638a72f850a 1640699171786 1640699177068 5282
8336a2b16548b058095dea41628e99aa7a639322cb3fa29c919aae70cd82af5b 1640699265665 1640699271264 5599
58bcd032d827b67063f02ebc339ab2611590f37cc5a08910a641f0d3efbebe78 1640699359594 1640699365204 5610
c5a174294ecf3b28a114f7d2dc74d924380fb16bd85295d5366809d005dc554d 1640699453545 1640699458042 4497
a0e9ef44b2bf6946bc4495f0d1855cd610faef49778f68556736732008febbcc 1640699546064 1640699551152 5088
e8e34b94bb9b7dbff0dc04932d83c26c7d074712172664de5ee04124671feb40 1640699639084 1640699644301 5217
9c8922723b36d4c65b2f916e254cd68c097151aad90af72e1b85db9a7f6e246c 1640699732989 1640699738776 5787
68d67edae07ab2c4a9ae462264c5c76d86eab608a6dfcec9dd86171f36fd5647 1640699826586 1640699830382 3796
e60e4060c4b4e169dae5df703055342c1b67154a3d05b7dddcb7bf0d09b65ce2 1640699919696 1640699925220 5524
