7ae91e62f3d65d4605a7931a9428eaf04f9a656c7dc8de9d1f4de085bbfcb751 1640698138381 1640698139386 1005
1ee53b18a04b0f0cdfec697c9f1102dd6faee7221f38b595cf40d29e08a6d93f 1640698232199 1640698232708 509
9ca6d646a9e75c3b2e7ce9d837b9d191ad5f55b5322ff19a13fc8569425d7623 1640698326078 1640698327045 967
1f21e86365ee652b8ff7e8189d356c3d0e0f8194f8d61e3bff5b73a0d3204bba 1640698419997 1640698420668 671
13475c4a6d32f5ba84ecdfafdb40a6f3f417e0224f53f4cead7d16687ab7696d 1640698515065 1640698516006 941
e63cdc0f36f9d21b27f90ca146139822cd0995e9e58064e6d1613403adb1dcf6 1640698608120 1640698608934 814
3655a3221d6e1ce050b21ad476d6ddc04f13b26913c550c1abd92f01139d7bb6 1640698702071 1640698702902 831
662c92db773151f9d88b29b13b26773cbb5e606c22263141c1430a7445a74e79 1640698795704 1640698796626 922
ecf8068fb0fcfcb474b371e0511d2890380df83d0969c0da141a0e927d37b348 1640698889732 1640698890868 1136
28afc90c403d95684c1d2a24d93fafa1f0bee3e5992cc9ce1edaaeca75cf23b9 1640698983876 1640698984492 616
29ecde26693352cfd65362d95fbf7744354d8b9a89a5a86237523f0caf1a655f 1640699077307 1640699078210 903
4d9d1a7ba3d56ac67b8f2be97d9d1e5562ba0cdeec6773075e07ec8f8854a680 1640699171678 1640699172624 946
49d9f88e2a7bfc28ffce8dc9ac832709a30d9ae018955eec9b7668ae9c28f484 1640699265560 1640699266557 997
8ca74cab7523d6e046403f7e629225fa65f8cfec17e81d36123d741a9bdae4d1 1640699359489 1640699360468 979
1f5a56bde4856f2a57903f6e35a58745fbb693cd82af3a7bf563013e787d542f 1640699453445 1640699454459 1014
214ae476caf5f8ed8373d226267789ea366a1cceec31714686f41725d1d99fb5 1640699545944 1640699546748 804
a38ced3c746304a64df1d2a221d6d55edadd358135ca1f54b067bf88271ba625 1640699638960 1640699639832 872
1beff5bef48072035f7f7f9b7c5399be78a854bbfae935553ded91389b1a8c2a 1640699732826 1640699734096 1270
6af20297b185d7ad1888ffbc28dc5a08512ecddad3a51f27b18e9c439eb186b6 1640699826440 1640699827392 952
a26b46a10dfd463b7cb190521c51f37f527eabbf5b22db631fd05ccdd6f3fba6 1640699919557 1640699920467 910
