9b48ae684ac84da265211daa70e3efc6d9e23dfb2639d9b70a3e5f17c832ce31 1640698138465 1640698143868 5403
71488236f96f8077b27b604a1299986afd9e06341512dc0a81440ec8b7ca0f64 1640698232283 1640698237823 5540
f40cf2573ddd659a396d56d6f634cea2e8dc3799025de3f5ab998d5772093000 1640698326175 1640698330659 4484
e5602912ec8020749211685eec75ce9b947286ce287b926be7dde0331292a389 1640698420084 1640698425830 5746
fc581b4925684f38ce4999a506c62fb139d237a7d080e6a2a1badec57cbab23e 1640698515160 1640698520054 4894
d1f1f07dba54fa97aef8f4e77420a653e3c7a0029dc119164dcd99b7f7fbe3f3 1640698608231 1640698613944 5713
2962e5c1ecdfa746569b11b7ed6bcfb44e0ddf2e016e18ad5cd83818435f8ec7 1640698702182 1640698707170 4988
c68303537cb2c96cbf868cfe9480150c2991843b713b528a33bd907c9a1d4852 1640698795842 1640698801312 5470
1530663c08706023713fc30327e7a5154d50abf502bac05d9bf92d8b24497bcc 1640698889825 1640698895193 5368
bb1e5cbb38fdb1e337851b4f912cecbe0745c2787202a109b4f3b0b148b702a6 1640698983997 1640698988945 4948
89b40e12eeb4d9aecd69aaec5af8e53cda3e39680dc92d1be8aee8992bd83f9d 1640699077446 1640699082924 5478
2414e8728379f3b5d6135bed1b4f25ab848e74e894b52d9ca36ea0e7a47b45e4 1640699171819 1640699177006 5187
3b8515b2adebc2cc3f45a6ce7c64a1ed1ac253cc3e501b128b743bba52c2a1e8 1640699265695 1640699271540 5845
95b0974a3cacc39d53c77a0b27bbe00e01cc551b2e0b5574086d6582611d445c 1640699359641 1640699364959 5318
fb6049ab28c6220f9d1059bd29096abc20b77d85974ebc3a861d3eb3eb735e27 1640699453598 1640699458310 4712
f48c20b8a52f872b0b3c4a2614fcb2e150376b3c33027e8595dd8a49198529d6 1640699546127 1640699551049 4922
028231dad480a91cba1485fd495015d86d0b5e9552c537f48d74c6eaee7137f1 1640699639108 1640699644155 5047
51d54aea7f90e98a36996da13780fa1425c0f27d0f0e89d70989d885dd03716c 1640699733075 1640699738809 5734
c41582f254f9e65e5eb8e3d011bdf1581306adcba8015e3a1d83262bc63a566e 1640699826653 1640699831436 4783
adfac1ca3467ba06285768c6246684e276f64e5797b7bba8237a41a0ee7b1ac3 1640699919760 1640699925273 5513
