e4c05adc2976cbc6d56d0ca565d7c526ad9c8b1340142e8f5fe2fa91e0379a34 1640698138408 1640698141008 2600
b426ef4f73489c04fb56e2415818f969c70ed77204e4aadf020545a262a95b9c 1640698232228 1640698234872 2644
a3267480fded354cb65b8c48a4f36687374526730219c7f1bda02a67c6c4d7df 1640698326113 1640698329845 3732
972dc7651b56be27e7441a4acfdbd5d789132596b1a5a04f538ee207dc3a47a3 1640698420027 1640698421973 1946
f02a310b3c61667f2fc5369aa30d0d265f93b3f2fb62d187ffa00baa1eba660a 1640698515097 1640698518214 3117
f9a288c92f374c0b45f639070cc79348bd1d660a5dc7b66b9183a11595827596 1640698608152 1640698611736 3584
4be275cedff512fda4986ce2492605d15a07775131150b01540b9307cdccaa0a 1640698702111 1640698705950 3839
bd5573f896a4ea5ff7fda2e6d2bafb3d8d2dfbd5bef52593d85d40ffcf68b025 1640698795739 1640698797458 1719
1acb8a2003b98704ef1da23ae88c62fa7e8cd14eca8a2748f1f4dcdefa75a58a 1640698889766 1640698891823 2057
5c36397ec89f356ca699fa7ff4d5efc2bca5732d6820d5254cddbea30a1dadaf 1640698983918 1640698986262 2344
be1a2026bdea152028b42321abf346bd66b37771c465ec12679c5c6f73874910 1640699077347 1640699080248 2901
e5925e99c28854d8fb96ee71e914c42d3a23a141f0bed7455e855b3268fa89b9 1640699171717 1640699173982 2265
9e225d65af8ba9e7dbb9516236f84e749eb965363f2a16fb9ac7ec04016abf01 1640699265600 1640699269671 4071
ce8f97661d74446038291af1344d2970ef0f12df903c66874401664518cc75e2 1640699359525 1640699363196 3671
4cd2b9e450f4c82de59feb5b5a9fb98ec4956c9fc80c64de04b0c3dbbb560ff8 1640699453482 1640699458014 4532
6d403366d4b795370a008c605861f9bffe9b7e5f25ba711a239c3f46dcee026a 1640699545987 1640699548794 2807
c1e4dc1b54dbb17226c8711612f7fb55db2afcc4c10874584ebea2c83622b490 1640699639007 1640699641899 2892
ed782787fb673771df2ce7b42d1c614d76d67c749893ae3d9250781e08638690 1640699732871 1640699735662 2791
d407bdf79520ca1701e961070fd37bac8e4a6085fa15e25f1548f30ca3b26b38 1640699826495 1640699831027 4532
86f8a1733a86fd336f4c5951a71ca4e03c52448df36a271ac939d34d2cb045be 1640699919601 1640699922441 2840
