e19f75c5576b5aa952f24c567c29226a85749103c7e50be886597b9df9d72f61 1640698138407 1640698141010 2603
fa44590f944f9dacb4d4ac35e2220e9667bc73b2b47e7c6f457c329f8ed6940d 1640698232228 1640698235260 3032
956b0b172dfc89ddc66e3bb7611d32b20b955ca670243532975897a0a7bd80e8 1640698326113 1640698329562 3449
abf51ba3652314c0d25c4a77b8e0c95abb90d5c50af64d131eaf4886f289982e 1640698420028 1640698422291 2263
4a4ba784eb6ad2c9140e42b8e4bda0b42b076fdfb10f1f429331b16e7dc3db9b 1640698515098 1640698518908 3810
4f2a8847b80eceb4a72cde014ba11f1a5f5525461e44366f8bb344390c695c0c 1640698608155 1640698611382 3227
ba69a7f429fa9c65e07688ae7109ce03660df7f94dbf8c8e928b030bf7fb3f72 1640698702110 1640698704607 2497
c4287df7c46afb7a1d27cfed4a9d81d326df4bd3bde2969ad3442c135d9ba756 1640698795741 1640698799300 3559
fa55c74b488051c259f4b3f9884d674d56798e9e5871f2c230face9c6e527d3c 1640698889767 1640698892674 2907
d0afa07da1dbfb6f8630d77cbe20fb9125b58b56f11170c540ab08255ed77f8a 1640698983918 1640698986447 2529
3750518494a30352c625db209d28d525f72025563152c4f340d841b5eca44901 1640699077347 1640699080328 2981
687e559dc3b171899c12edcae041af848d45a3de9974afd43b2b0fb35839ee08 1640699171717 1640699173911 2194
ecaaa97c29b6673326a464f192fc564c00eaba917bade90089890bc5a72db95e 1640699265598 1640699270628 5030
410f70055bf80a3f741fe914f4bc46e2bf8317c090d63acc6a6e88a9413297cf 1640699359527 1640699363513 3986
2ba2a97cf101fe864890317d0aa144637713e4c5085cefe5b7e83fe2afe7e872 1640699453483 1640699457118 3635
9ab9dd1415f2bb79b5bbce4f2eb6fe91c19535e278476ffa333f6b42409a5f41 1640699545987 1640699548791 2804
636a50dc22f6cb2f3b14975b8e45545dc03f3c4f16f80f8b5f68a6f2cfc111b3 1640699639010 1640699642929 3919
395b468808db3360eab01528ac7ad34fad42472c6fe38e197aac2b1217c779c8 1640699732871 1640699736002 3131
d7036cfdeb9148ac0ab68e3e9650676a2d35418c691fcf97b6ec86f64520d47d 1640699826496 1640699829872 3376
05588c4024c66fee50835892bb039988177aa72c34530c83af8d9db6ccbada34 1640699919602 1640699922243 2641
