6a6fe10d21aa505e0db1a6e3ae2134eb00f590e9d01503ee4b6188948a6b5d59 1640698138463 1640698143570 5107
6a77ee834d0407b4c67b4bdeb39d19a8510f4faa02394e6c1ad0ecc70703ffb1 1640698232280 1640698237688 5408
df57eadf060f9efc255af1abaeb13f21a8c007283d3b55a684eb514a24afe3a2 1640698326173 1640698330928 4755
b1906c63349ad023d8147fbc5638113c081be79ad723d33d9d611221fc5d8dbb 1640698420084 1640698425909 5825
38fbc8b607a8498b49ea4e4432786dd46a04bc08c906b2e13c2e3b0c1845b615 1640698515159 1640698520191 5032
384ac843a9854bd0322d2f9367cc596d9975fe9e5af537208015157261231d38 1640698608232 1640698613857 5625
2becd07ab045707f464d2c345b8ac2b5cb93bebc613c6c1abd771504cb94875e 1640698702183 1640698705591 3408
31f98b9a8197dda555245cca7b531cfc5fd322bc8821c4a31f611dee9c6aabe2 1640698795842 1640698801269 5427
636325999272f6932626e77f4c82c4265cf19b74727e40086302e3463d3c20be 1640698889832 1640698895307 5475
eded777966a7b8bf6f759c4ce8ce7a328ed280f3146906d7a0734654ab20991b 1640698983996 1640698988836 4840
543aeb2c422536352e5b3b6ccc142b8cf8f9473959a37bf4777f505d3e53b25e 1640699077446 1640699082935 5489
117d033af35f02ccd22aede8ddd36f4a95b7b9e374a68dfd69d97c33c232c58f 1640699171821 1640699176611 4790
1db7d89c416b0f045728511d39a89a1f1019fdebb00dea0c79385bedc9d8c771 1640699265695 1640699271566 5871
4caa6027a59ee875f59f217e54e9ff81d8f59e92341b5b7516abe24d07961be0 1640699359644 1640699365360 5716
7baccbc2682ab84303248ced36dba5b4d703a7b05d0cb8572874f5c5364b1cb4 1640699453601 1640699458217 4616
ff92c764ed76feea8bb4a55be7617417616f52e16bd3c5bf1ea2cf0535e32ec1 1640699546127 1640699551101 4974
5374a85ef4b94d122bdc78d8579e17bc83f9fbcaaae6d1f46bcee8ae71e2c6ba 1640699639109 1640699644530 5421
46797e362b7e2000e6365be34acc86131f26f778bfa64dc4036db4aeebcbd47d 1640699733075 1640699738719 5644
746cd82d8438adccc31ec55e44e1d36ffb3ea2820a248d4b083f4b352998436b 1640699826656 1640699831462 4806
2cb8d6dd6bc27d5be22cedb00a825426938722c19422bddacac663b7ca330233 1640699919760 1640699925271 5511
