57c2b0bbdd73bee8a2e4eeaebf95c40919bb46c6958677b5b537e7ae44e8564d 1640698138395 1640698140229 1834
a0996524215651954199beabeb1c750c6ee2f056b561a1d31bb909ff75ae1f79 1640698232216 1640698233904 1688
024b7f7d34704fa329255a753e3ebd593ed9219f5a470421952a606e272b3af2 1640698326096 1640698328301 2205
59ce231445a8b563141b24c8f67d1ef074be56583af95507b6a7e769d92ded94 1640698420012 1640698422567 2555
ed0952cd90b7d09dee8b36526d302dfe9a94ed70435c2fbc0f18fe2a4bcf5293 1640698515083 1640698517308 2225
9278b2c526c68e3ff59c19500db6a24f74119ccf7f61a5b7f48cbd110c6d8d58 1640698608139 1640698609780 1641
09620aea2c73499da0b896e54dafbf3dd58d08ce7ffad04cbc7656d5778a310a 1640698702090 1640698703374 1284
c58f2f541c3b3a9b59688c8d33ba84bc52080e6da726bae4c6b603f8b52480d5 1640698795723 1640698797170 1447
30fb40311acb7b89ed456d9adc8817014475153f5569b55ed3f141b1c28610a4 1640698889751 1640698891986 2235
2c56af43dc4ef9c04f926389df0f0dcb1f688fd4680d1e02aef168ef31d83c1f 1640698983896 1640698986193 2297
1ec574bfb53b5cb7eb498ed8d3a0fc4711b43a96b6878bdaf7e817fdc6c53aa4 1640699077332 1640699079630 2298
9d28d397f2bdea2afff73ffa05dd0267c99730b982437b3aac827b8649a08323 1640699171699 1640699173646 1947
c11c02f67c522aeb3ca0a183023326617f90ac81d8c15d880a8825c2251e91d2 1640699265580 1640699267514 1934
30d3778f210df20b8a204453437d74a188d124c4223effb6d4010769938f3e97 1640699359508 1640699361789 2281
2e015e3418e0e3964e13fd76026412d221ca44b9091356e32eca55a1b8245de7 1640699453467 1640699455404 1937
ed3d28b52ee0d8fc3acb4df7f9162c9eb8fef8f7c5d67b0536b9cdebfea0a12a 1640699545968 1640699548602 2634
baed4f2f3489190ef683fe43f5c551d1fb0af20308b99ffd114f2f9da038f1f4 1640699638986 1640699640924 1938
f4a4957d061c6f419d62b96f37e2461626eb74bbd44499e857e53c248e8507a2 1640699732852 1640699734591 1739
64a69d9061cb885c70c2939bcb6980175dee4c2e8680bcd30941d4110a2c5c14 1640699826471 1640699828703 2232
70410fe4f5dd74b992c893dabd58f323ed55a79a5ed67c3a584422729a133f91 1640699919582 1640699921241 1659
