5844d362ca77a6dda963ee9e0639f963c847ef0377a23ddc6997b15b5612c479 1640698138415 1640698141996 3581
8e9cb0f0a90cc9e7fb8cdc4e94c606b67bff6d12870c765bf57e2d7796497ce7 1640698232237 1640698235752 3515
a4886586c1a7779d4712729332bd5652287bcb4ea21acdb97052deb5655c9dcf 1640698326120 1640698330429 4309
70d6e0f79fa7fb25de1dcd3211f446df92d51a878e991d2fe44876392f280303 1640698420037 1640698425323 5286
ae326c0a0c4d0f58ee1afccf10134439444911f72adfd6ed6587e4c0477b9400 1640698515105 1640698519034 3929
a96052dba1b3e0c9af42d1158bc1c6d65267841d28e971b9d0e7018352fb5b49 1640698608163 1640698611122 2959
6404dbe4a9144941aae1880d5d477d3a9809de56524058fef98f6918073c758f 1640698702118 1640698705181 3063
f336ca5a7812a879f79b292f74d1f64102da346be1efb901c4af8f2ea11605ed 1640698795751 1640698800436 4685
1ddc130cebb71fbba4e16b73721f9ebaa17e19839de021d1e12ddae15cc8aeb9 1640698889779 1640698893378 3599
dc7d7be1096dd785b1950fc648019727a5c709a78a7b537d60a5e9b2a25ed018 1640698983929 1640698987365 3436
4054ce8ded0bb4c47c3810b068fc54b92cec909dae22ca6362f6c4454f4619bd 1640699077357 1640699080491 3134
4704a66cb28387d20c0de3c6face90dceaa2d7fd99e9d2d42fca43bd935a728d 1640699171729 1640699174223 2494
57be82f77821d5fe3f915f0d59d4757108205c4f4e05c11cc8c42a3956fa014e 1640699265613 1640699270680 5067
fcad4560148ad2ea722684bf73a837f00965c4283e59b2034194e8733c3dc79c 1640699359537 1640699363485 3948
acdd52d54e71c1e84df184739044fec63c24daa4da24fc670b67408716231559 1640699453492 1640699457886 4394
00d03aef36c8854da46336d133f17a012652778a5d7fc628fe0c11977063f94a 1640699545998 1640699550030 4032
2f3032c28e436a7494644c39fb2cd528bd64d2add818713f8ca7c43000c50fbc 1640699639021 1640699642394 3373
db987a7c6a0da6da2829f51e87f307fe9c5eb26dc03c630dcefa535cee863b1c 1640699732884 1640699736603 3719
c7da0a8dfdffe4cfcf60588a3e48bc407e76e41eda58c4eb5ea28ff0f7f717e7 1640699826506 1640699830579 4073
5babeb9a5225e9b9c0bdfd6604149e47df4112f89bade960e0cfdc3093ef5a4b 1640699919614 1640699923898 4284
