222bc6cc2b12ae6141e51810ccd23f026af47c0e8de3e01e68a18927b64dc8e6 1640698138443 1640698143600 5157
aa198bd4fe81da914b65852d60ea7a5039a6db3978c417728262c2d521267829 1640698232260 1640698237975 5715
ccef5d30cebd9d3dfa2aacd96d5c8921251596b9fdf14ce0d7bde6cb0ca896f2 1640698326150 1640698331247 5097
7559046056c13c4b1faf428561e4555f68d2a910a8ba692bb3c7bc9eb8653fc9 1640698420061 1640698425695 5634
89f968a1620389f144a0dd0de9d9486fe26a3567651081163b49d1b577668ba1 1640698515133 1640698519558 4425
04616aa60432e0e3ad74bea202dbb7d30f36e9b55cc7c7482f47d2da9b90814f 1640698608191 1640698613964 5773
dab39ba25eda57bc2de2c89bc1b91ede8c6fd5778df538d4dfcade459768b95d 1640698702139 1640698706523 4384
ffa6c2263ad9ed4bcfeb2255c135e020260a4fcfd9e57036fb67da9d7369d138 1640698795782 1640698801152 5370
10373fce8dfb704f389d2371fa327113ed1cfcb77bbc6ecbd7005a8eb9c7b906 1640698889796 1640698893838 4042
70e5c4e1bd3a01e0cdf89f2e9082c22174c4aad8776e560f7f7cf6d57310f5c0 1640698983957 1640698988945 4988
c8006f6856a2dd8afd7605343fcbcc614250518d3e48308dd1f377ad30279b29 1640699077386 1640699082501 5115
c151500a73071ed8801c57477bccc2b25a0e1d2dc7a045f22c1a03b88d334092 1640699171759 1640699176440 4681
8de9b3d2322f9d307b76734550de1d6a960a495901dd35fe83e68f12b3fc6eaf 1640699265642 1640699271017 5375
be5952fa880bdb99a232f6b6cb3d4ade1c155395fb9bba03404820e3d5f77eeb 1640699359565 1640699364860 5295
a2572982d7eb38dcb5170e4301394d048c9712e6aec0250bdd746bd3aecab73e 1640699453519 1640699457549 4030
0f3526974eb7b4a21940934fb47f459c5a3cf72f814dd335752e4754fe65b437 1640699546029 1640699550920 4891
366633b0c36e75cb7bd37fedb1587c309f995aff9e0e40e1023cb3b8c28ac047 1640699639060 1640699644098 5038
34712df5c4098f4743504bdf5fcff31d5aedb8d83383081c2ea20bbe5018cca6 1640699732946 1640699738808 5862
cddf641121d2c2a37fd4ed97b9c944ae32843d46ec2abeb114f3070fd39fa8bc 1640699826547 1640699831382 4835
098bfdc734f406de17772161d52b50113fd31b377e18d7c4790ec59b9cc83eda 1640699919659 1640699924193 4534
