75e3f5331f2db6b57e2f468c858f4aae15b7d684d321e10fa77cc4be2f16a2d8 1640698138452 1640698143717 5265
148890ab5fafc5e2dab351d7455011650b6e7c4c33f22cfae5ec1728bb3e3fbd 1640698232263 1640698237988 5725
ef7734811ea8e3ddca15eb20b8f1aebc5410490b194c546679b12abb83221e34 1640698326149 1640698330852 4703
f725da5809e1e5d8c2844a60c1f666ed708ce97c308888dc0a4db980cfe3e56a 1640698420063 1640698425514 5451
7e025570015258a75a03ad3e0ac52e677939b129bffe84efb7c09619347c5ced 1640698515143 1640698519872 4729
fa5a63d0a398d0fc2bbdb4c9480186f4ff561b549ea090289c1cdb2a259f082e 1640698608201 1640698613941 5740
530c167bc71bf7672c7914f6544fd8f17661edc96b0cb20eecba10efc81ff298 1640698702146 1640698706467 4321
c6f55f3b478487e6899a335b0b7ed47b2bf2809b2f00d0413bb831722be4c636 1640698795786 1640698801055 5269
2f9f22f788cb9b59d703b757a2961a48960a865663c4ed2232c047ffb6a66ec5 1640698889805 1640698894127 4322
756658182532993843ff114bb59770c6159024e6fd7df0e618fa2418c26d0508 1640698983960 1640698988776 4816
a5505532b20607147b0966d81e45c7b23a769baec83e624e4d2af22e2bf693f3 1640699077398 1640699082953 5555
8c12b18b9173eaa837677a475b5eb9d398a430c1b0993027f6e9f3358ed721be 1640699171767 1640699176705 4938
9e1d47e1caed5b99fe677dba2a134995d08c2cb86b8514621e970a1f1a40ad8a 1640699265653 1640699270388 4735
02844a3183a424baae5b9c5883bbd931ade9e852b172920d80aa4a58ddefdfee 1640699359580 1640699364969 5389
69eaec937847b3864ae4177fb4956af235804d5a7e6acd3bc8a891d1fc39535d 1640699453528 1640699457894 4366
1616667a4da0071b55978b13a1af25a96ba7721e3e1db1d994fea21d7670c0c2 1640699546050 1640699550065 4015
f87ef3471123848ae50848fadfa8e4b17962f9aea3327f2ce7d6d9c466eb2d94 1640699639075 1640699643715 4640
1bf87549c7d3f0fd9fea7c1007432e1811f09c37f7ce28ecf01ba30a02b15ea9 1640699732971 1640699738717 5746
8b699465eee2420ea58832558898da198771a92467dd875e151f7038bcc9ea3d 1640699826557 1640699831146 4589
4f50e78eea96538a2013ab8f4a44ca4ede66c346cba22c6c2379857580591f4a 1640699919681 1640699924968 5287
