6fea6690e5eab923c7cd74a8faf11e2b49b3d3f7280a7af7795c94e2e39c542f 1640698138400 1640698140657 2257
26e673d43b77abcd8b49a9e42cf4ae94d0888339dfe90448ca928045ce359304 1640698232220 1640698234338 2118
5994eb0280223ebf5892cf0a6566eff8aa42e56c8d6451b7da440df34607608e 1640698326103 1640698329249 3146
90e5caa8c95950256b7088b48914fc1d434b15cbdcfc4592dd96ae3216b6b97c 1640698420019 1640698422244 2225
d47fda70ce376b54a5952f593223d54e9f8e80aec58dcf56d5bfda828578d1da 1640698515089 1640698517849 2760
756c4978bbeff4141b4c1858a37899bdaf1dbc01afc766049b1f09833e92f9b8 1640698608145 1640698610518 2373
ab1de2e270749aae14ddad83f5f35ef29786ea74b4d4e30d2e465d97dbcb33be 1640698702101 1640698704117 2016
40f39a8e9c6aad5647616a235897e6dc56e322e6f67228458b5c960611dae9c5 1640698795734 1640698798353 2619
a37c55400df066692651af0029801430cf2010301b4a9d383141f411981b5147 1640698889756 1640698891849 2093
6e269fd125b96d85b46a60aacb178eb5de02597c957865fed8f0af8deac4eb60 1640698983904 1640698986194 2290
f67411723ba124f1e5fcd688d8dbb6a8bfd46b3c7272a4c6a2e56db1080f63b9 1640699077338 1640699079542 2204
616516f1e79582542470e30beec0f3b3d996464143be87dd72228aa8031bcfa1 1640699171708 1640699173834 2126
d70d4cb65b4e81c519ef45cf0a089d5d6a630cc4f6176625581a907ed50ac6ed 1640699265586 1640699267195 1609
3dac9fc1dedbf45222591177829a6597cf92e0321be36ea958d6f799d4e3ead7 1640699359514 1640699362380 2866
ee1dc21d2e6170df30e30bc2d63633cd7878e359467306de78dc3482787b4745 1640699453476 1640699455385 1909
f06ccb1a5d9a04ec2d73fc0e9632346a5251a69ea7489447a1317701866df3f9 1640699545975 1640699547938 1963
7028406cc0eee976d4494ceac04baef1c5ed125989136a392bc90f9368036073 1640699638996 1640699640951 1955
f76953925ed49e3057ab5010f9694b0e6fa398a2b4c209199cbfdcb9f5b47580 1640699732861 1640699735949 3088
ad7a7e8aba76520514ac166bf399aee57da5a97fdc9a08136b3c1f4049eb7221 1640699826482 1640699829265 2783
f9759aa36669112d6fa99e68e147138cc5e1a2f721b1e37659f8f3329fab6180 1640699919590 1640699921578 1988
