2a43b2f16610518a5eda77c3cfa62db3f3477e35bc7ae6faf6c86a6c55bc405b 1640698138440 1640698142340 3900
8e031579d4fb6fca604cdfb2720eccb6680c302f0b0a5202dd3ce30e78eb913f 1640698232258 1640698237941 5683
0b9bddd8cf190796b0aecb89ab85d4ceafb9e08720c6f38c6d3a6c67b9a3d3d8 1640698326144 1640698331119 4975
9f2e584f87a552c37d95dc1f0965f8d3f7eb400f495973ffa778f64155e8c7fa 1640698420059 1640698425702 5643
abaed3cfdfaba4884fd6aa0c1d54b46b5e979318dc9c03a1f75affd5a1e527e6 1640698515135 1640698520177 5042
0d5d255b6e43785197b5f751ab837b324a9b8c1cf59fc0db4aacbdc168699d40 1640698608194 1640698613530 5336
0df1fca0e50f84c92af828d2b35a637cf1191784528a29b5b466ab8d44dea195 1640698702142 1640698706815 4673
6f9ad6e130175c6eb718f72e434410559da28c3b7fe5092ca7b8d6ab5313bdcd 1640698795782 1640698801254 5472
f235139801fbad4aedc8127eec94382e9c86e845a1eec7f30fa84b200a8ef063 1640698889798 1640698893173 3375
d8e6667604dfe4b8ca60030c675c2cee264ed16367239e04493c147aea37600d 1640698983956 1640698988450 4494
c0d4004a2149b62472b3d5741548f8befbb6e5a9fee081df4c1a73b3b76b6fd3 1640699077391 1640699078675 1284
09b184a453bfabaeac60cae604b7c8511bc5cda2d8b03d4371bad6f9cdbfd42c 1640699171761 1640699176462 4701
7fa15ecb465e0227e314d75ff0afea723a991e8fd2538758d0a9a16e0e9c0f6d 1640699265645 1640699271555 5910
d3d80bd2d3771f2b981053479a574865f44ec767c16e4c177d9b6741419dabfb 1640699359566 1640699365085 5519
26c627cf152f2a801eb06207f268f9fafb1768a5328e238caa3288568d9955cf 1640699453523 1640699457805 4282
5e9643a6cb47a74ced275f373ab9f89aa1d19fc6c0c809e0977c0387598b1361 1640699546040 1640699550347 4307
00b816540dedaa757ea72cec5a3f3b33f14f475b9340292f36604b77834f5d44 1640699639070 1640699644173 5103
5786cdb6293a0fffe92155b882b8aa23a7001616b881056decf236d5402c44af 1640699732958 1640699738572 5614
945f5a6b40438840b2e16935d7b411c69e1f522faca98fa9a1ed42f553b96496 1640699826551 1640699831377 4826
836d01ac2899153536b5532eb290bba9fcbc03f1c9871ca94c8b055d8d56bedb 1640699919666 1640699924952 5286
