e7a5dc2746635a00caf39137d624950a999a1e462abc610093ef5c67dc7242e5 1640698138445 1640698143668 5223
ea14d1841daf7c1e6d95da05a32e1d59dba52587b8cef853964d0f7e693bce88 1640698232264 1640698237975 5711
273ef28082c93900176d33487f9af113fc42ec67c9cab5c3dadae0ea512f8a80 1640698326157 1640698331254 5097
68f8c57081d2c0011e68e4a80c2999648f4626aee61bc608747a64e7eed5128b 1640698420063 1640698424434 4371
7fefb6c5a3e253f0e29582a319486a70cd016d017b58d03acc812dd4cf561dcb 1640698515144 1640698520085 4941
38be9d72c38284c9c5a4d577668b7b60d8217ac92d8a210ee2f2b2b860e64c1a 1640698608194 1640698612770 4576
e0d428326a6deb5a6019cac678b4a398d0e216de91d6ba3fb94d0232f7953e36 1640698702145 1640698706671 4526
d78097e6fa76fb88fbf891eeea10c205b29c078ba0041ed9543ae7a3f4d61f26 1640698795787 1640698800777 4990
c0ec7939eef80d1e3fdfc674bb1e2c09840106bc87dab73a8afdf8b1ba226121 1640698889802 1640698893208 3406
21c298452c3d452fdee061cc995ac4e77fed53b953eabeeb468f37005a9cf49f 1640698983959 1640698988998 5039
4c8757cca61276f12788d0046d48bd19bdf8c57d0d7df38a02d615a02cb36105 1640699077394 1640699082497 5103
a9fe6524f61ed3308dde53bfcae0c231fc23a09bafa2f6bf92eca53a2fcfaca1 1640699171764 1640699176732 4968
aac9def8969314beed0d421945004ed39d9b4c7a0383f62418cb1ec245109252 1640699265652 1640699271167 5515
416c1235a591b8d991c85c6041ca8077cc0d8ad900582d6c7be6b4df3752434b 1640699359578 1640699365087 5509
9f44638d43d83d8400ce0253d469749b23397212915b2487083b70ad579c1239 1640699453527 1640699458320 4793
6d1fe6a4198f898f7779f704ad62ff73c5deccea84649a15389d2c08b9a38902 1640699546049 1640699549332 3283
2034d4b1f11e23253693a7cb53d08ae0ade29cc2021e7fafb068865b9d1d47b8 1640699639075 1640699644078 5003
968c43cce0b2991db4881c927c5c80cfcd4384fb56de79f78a76b3a495037c0b 1640699732966 1640699738795 5829
a8e8a9332bf2377b84676a8aa44f3bac0d0e993eca39f278f0efe703f11cc8d9 1640699826554 1640699831071 4517
652d3b5e170845701d601552f0a4223cd51f989d1b1985601c070f98cebfebb7 1640699919680 1640699924665 4985
