939f9b509813932d880c1edda639f02c9280b0b631ba5d9a48e25527b1f716b2 1640696790361 1640696792315 1954
69fc0a04ca9886e8fb4127f3f0479b79ac3bf80a2f3bc8f34c956fbf15ecd223 1640696857732 1640696860072 2340
9600bb85e0a4503a0d45ced6d106809ad59c4643540cbcfe376c295b7d6f4300 1640696925423 1640696927181 1758
fd3b4875905ff8d261f8c9e21873c525e672aa753150acb554c332df5742b588 1640696992323 1640696994233 1910
90903b00a81c2f13c53424d62bedac2758c59386f174a229ed97a2b52491efb7 1640697059881 1640697061721 1840
cac3e2c02df398e37d7919d41667fb6ecf6d9327808c2ed55f870008c6c6e9d8 1640697127224 1640697129260 2036
ce813a5ecb80ea06e0d6443417720bcae0781e572ad537f9ea29ba1c294e779a 1640697193965 1640697195929 1964
3bce882f510f22abd5502b6102a4196a34d93b169e966b390a96a3bde8fa59ac 1640697261602 1640697262934 1332
2f7de9e61ab6b687df36034c08605e530fe56279f5143c62e3c321dbdab159b6 1640697329204 1640697331229 2025
7a7402137e0d26b71bfc2652eafafae4b02609ff3e55acf8eb72e75fe8c12e22 1640697396273 1640697397819 1546
062323aa0ab4c38934454b4f152cb10f98f968363c157f7c5d97a22b88368a49 1640697464521 1640697466396 1875
899176027bc04d998742a3a7c7ff922f6b5817c6b914e7923310012511942ac0 1640697531269 1640697533120 1851
c82e709f3b231ff5dde20fa1b7cc9734b818965a54e405b21ef3f366641f98c5 1640697598517 1640697599993 1476
9c262c8f8e74a62fd632291c07e82bff048079dbdc799068851339b4a5368ca1 1640697665698 1640697667564 1866
2ee4f7c4ca88412901d5db5d67d4d5040407597328223dd9810ceb5e42df5ddf 1640697733004 1640697734791 1787
8377b42992eea963d6ad07417cffcd887949fef4acda9dbee375668f5e4761c6 1640697800173 1640697801950 1777
1f6e6f14fb226082d83a20b5d8e50d5dafda8d1eb03e3f5f97213d7440933755 1640697867114 1640697868846 1732
345303274c304b92fed7bb383b4ad41b5f5d8c291acf5e2a8119ba46937605e6 1640697934489 1640697936817 2328
1e74d0db27e1ee24b2531b20705bc69965ba176cba8459859d8d121612531a77 1640698001696 1640698003605 1909
e4fd0431e49273e03b735bf879f8b1b727fc8e917d6c3f95b21f90435a1dbb87 1640698069649 1640698071429 1780
