5920f71f7f44b32dd624f752dbb3e68b7fc651d7853dceb7c160781ec0a5c39b 1640696790401 1640696794333 3932
100d60dfde3ea0bfce99d5cd1b0926c6d5f660018fd912e31108ce19b2b32156 1640696857774 1640696861350 3576
47e472aa66ff1d80b1fecd53b7e97b4a2ae1283185a613641c61ea9a9bdc218d 1640696925470 1640696929087 3617
5434483abc6c627070f4edaba6af3fe7ef22d82271800f7173a36c4ac42b284e 1640696992372 1640696996374 4002
e5cbe24f6b1ea5822315c0994135648363114eaf0ac0a031550b4504d09d92ad 1640697059930 1640697064072 4142
c63bfccf14f97b2110d4695e1b1f163c6850cb190c1baf8d0b49b81bc4de8bd3 1640697127279 1640697130810 3531
eda2938c0ba357ac274a3116c6852302a5c97201b76f1d41e31b962ee970c6d5 1640697194016 1640697198065 4049
38750fb2ec26457ce48474607fbdf41028de1c5278977d6608af0d4dac09316f 1640697261654 1640697265385 3731
6852d72e7632cdd8707ba65d5dd035d3a6914fc06161620c31506c6d4bb152b6 1640697329252 1640697332708 3456
dcb620db979451e4b4d7ff50b3d909df369077128f3dc1f73d3635fbb2974226 1640697396318 1640697400278 3960
55a7814f0f2125c59958e6d40d9687c748cb467cb2f979270f7319043df5776c 1640697464568 1640697467947 3379
8b11c387dc7cdb9aa928a5e992998f9014a9bbaefe3e8d03559e6c68c0e3f108 1640697531322 1640697534092 2770
c24bb40095bc150d3a771cdf66dc682e8a7ce504ad2d2a0afa298a315768d385 1640697598580 1640697602029 3449
23fd100577f543bb1c71f55c1770edaa90fa94e3a95e8f707bf7d21be9d9426d 1640697665756 1640697668964 3208
60a994bd0958617df2dd4d9475b66a95bd1c153e3206452e54e3bc35756b4661 1640697733062 1640697736755 3693
d76109305eb66a0ae0c9694132fc5bf242ff3dcb8cadd6982e4f0d3973bcb0d4 1640697800229 1640697803742 3513
1325d5fd9b0a9771d6203e92a03d6e7dbed714928bf98dd7c16535c69e875879 1640697867184 1640697870580 3396
dbd797ceed4d909ee2614ee369fd1b4bfef6aa935533bf1ccea3b08e7d225b7c 1640697934547 1640697938028 3481
ce9eeb6cfa3838050d828d1108ebe2dff5ba1a581db6894cccaf4d6bbbc4a904 1640698001758 1640698005698 3940
0e8549516696459c8c0d6a095759df8dfad86494368120ec2f95eea66bf1ac99 1640698069710 1640698073631 3921
