362ea32a52b40dfe3a18d78d4437326078ad842aebb9acd79f37ca759f3627fd 1640696790349 1640696791784 1435
3f8166ddedf8b32e591616cd8e6b592718802b0b4562d80d83511a79ad9c1127 1640696857720 1640696859100 1380
ab1ee42485e2c111cd02b77e7a4bfcdd05457316804a0342d8afb6fd8a88cd1e 1640696925410 1640696926224 814
a1ce7a7bd8be0e79d38f65db5cfe4ce258ffe9c11a93c3aecdf36d5f5d96e6cd 1640696992311 1640696993248 937
5dc047e1c44bd754e199e3b1dfbe0b28d50959c63dccb4f990945ae80e42bb28 1640697059867 1640697060950 1083
55087c9860ad810a8ee5913cc08521bc6cef3e9bf8d38e21af0fda0e4605fb5a 1640697127208 1640697128032 824
0a6482f0a1daea33a4347f7d5dbc0afd137ddaabb385db09fec772c29991e44a 1640697193951 1640697195707 1756
aba5a862db4544c3ed845507f420dea316639eacb965c715b66625a7fd0b8b12 1640697261589 1640697262316 727
fac042db61bdd2bda49851f90d3e46a45868f1740de02575aae6e1d7c7cff0ca 1640697329183 1640697330127 944
66d7f9665f452fe257d16a3d7fab764a150745e7608d5b0ef1720d31a394dc69 1640697396259 1640697397407 1148
d62e48e6eb9f84377bbce412039bfb4258c431177e5ea93779ca6d9d70604246 1640697464500 1640697465403 903
6b319aa8c491a36ade36c0156acc36223b54a93a8d73f2f8d45b86b3d34e468f 1640697531252 1640697532247 995
fc11af7b4971761f782f53f7d4bbd6508bd56d38b0611a85b698f3f2245927b0 1640697598501 1640697599331 830
04b9519742e70d40ce1a659b6edff6098251ad85fdc5a309d3260b21ef79b2d3 1640697665682 1640697666709 1027
f99d6c3807e197ed926a9b48746e07c70ba3f4c1ea13e63ae6bdb9c3778c73e2 1640697732990 1640697733654 664
5cb5436fc4bf5eb06e1290be14dc6f553a0fd82be00e4f7f5ebed03cee87feda 1640697800156 1640697801189 1033
469cc2098dd614be284c076c8faf22434ba37a95f514d89ad508a442b2c46103 1640697867095 1640697868113 1018
2021909a063dfaff3d6f2d8b156d61b2f39aafce057545a1c38db6752dc44898 1640697934471 1640697935417 946
58f5c7597f2c28d607f436497810aeb4ac821d63af41591640f33fb52d4d4283 1640698001680 1640698002759 1079
e939198b9546aeeb82dcc7fa6656c507e5f208971311dec40285d2bc8a8e1163 1640698069632 1640698070467 835
