b28ebb16806361c806c69e62ec403a46f219abd924b5b7f9f373929b8c2d28ac 1640696790365 1640696792304 1939
487c467ac5fb945956ab3d14690bf027a75ffca3179ba8b471016f052296867e 1640696857734 1640696859736 2002
7378f8bd14f241656071eb0f2f12ec3e7b1bc60a4f1f406396d0eb15c07289dd 1640696925425 1640696927466 2041
6c93843b8fc16501c4f65f7183c742db2f6dafa944bcc107e2fa33e47334930b 1640696992326 1640696994516 2190
bbe4e883319c786d198f2e8e0109ba25bc227250e97514c29c8f721a75e00e75 1640697059884 1640697061921 2037
ef915ccb09b30f98fc31d33c0fa258555359e9c8d3ebce06e02353640fb98336 1640697127227 1640697129303 2076
e8372c8ed08ce455e44e019b14f180b26de8f596302996506c61ccbc1e8d745d 1640697193967 1640697196691 2724
9cd680e039d88d76dc400e3e5140a0c1bfc5f4736cc9591ecf64ff5d12cac1e7 1640697261605 1640697263403 1798
7caa4d8b5058b8ce3acce68c29339d286d98c5b36c8772965e7fd84bdc124c24 1640697329207 1640697331235 2028
fb47e68d61955789f05ade8574421e29ed1c6a5b882805bdc2803fc6977b6451 1640697396277 1640697398380 2103
17adc80ae8a0a576488850e74618607c94077c430c60cb12d78133b2a1213d36 1640697464524 1640697466352 1828
4231a91704b8d492a9797550d649162bd02ceae9530cae746eff9a6d87be2cf2 1640697531274 1640697533045 1771
4a41619355c3fc377d4cffa02ecb8c19c50fc40f76f27151d7e52eb4ed0d53fa 1640697598519 1640697599971 1452
0057c51ada146939a2003ba8b0c7c993ca4d89cce4763f3a23e2aae7f6a091fe 1640697665699 1640697667489 1790
b0a63571432e6c4eb9cbe6e94f223d69e28e61d35cd9d92bd35a6054778d3703 1640697733007 1640697735556 2549
b740c7054c0c2c89003f40a47343cb6a243f817345b2d6dcda798092e486c00b 1640697800175 1640697802214 2039
53f6deec88d380846953896b7fc7fe50dc022b3f17cfa1f46fe199c2309aa782 1640697867118 1640697869178 2060
9c48c58e84ab86998b59be43105948c969f2585ac89759018ac003d211b2cc12 1640697934492 1640697937790 3298
d3e967fa762ca9c0e734ca0bb8422662a92a27f1416a8a0180a8d64aaf66dae9 1640698001699 1640698003796 2097
8b64280bc63f8df8a0bcd7c5c196478e2d5bd8a684943d2bc3d5f7ab3720b947 1640698069653 1640698071465 1812
