6d5df4439f31716ca16a7d861b0cc049801763699dd98be97b14962ba9fcb783 1640696790394 1640696794049 3655
1eaa54264785f732f819b8c4b013b0f0fcd6c7ec725a7587aef23147a7922fe9 1640696857769 1640696861494 3725
5f704f4b7953522518b21a5e490ab9d471755dec7f84404298be6ee5b24b8edf 1640696925460 1640696928569 3109
f6a20378d1780868c8c7e4b750b73597ddd5cea4c0da7cd2ba6ead10a3f1be9c 1640696992361 1640696996177 3816
540903021069899bd62dd748f29bc58ca4916f8102f617a07d9f73377200081a 1640697059922 1640697063763 3841
ee71dd09b880f00848df95b6a37fa832df51a05af84d6c231193b47971e4dba5 1640697127268 1640697130411 3143
540f812d0d748b4699a3ed4e17ba539e4470d76bca6c64fcf62c312d86b14143 1640697194010 1640697198106 4096
adcedcd3b1f7d51a8ba34fdad0d88e6b3b2f28ed8bb6110a6a9dae13a4df5517 1640697261650 1640697265373 3723
6e8893913fd5f7b0dfdd3a078d055f3f8fc0fa5679d4a869b24d32a5b7c22519 1640697329247 1640697332461 3214
10fc1a86c3c15751fbe0347f4930636a882469d4bd81662eb57905ceed00a61f 1640697396312 1640697400308 3996
51d2ff7179a2707182d0b1360c563bfca26c61c7fc8ed8f5a043d35e3a91df1a 1640697464559 1640697467977 3418
51d81f9b58f5695ba9edc400615eebf6f96614132e8990fccaebdb92511f986c 1640697531314 1640697534693 3379
65687b7f434526a53af27c9a3bd8ca0b825ceba59401d9a31e62b446bf782e30 1640697598567 1640697602050 3483
483eb20735512b2ace06f65de303ce13d5adc34382fa7d022c5297988bd8b7d1 1640697665749 1640697668941 3192
eb7adde8edcd62cdea826f6203461906b8ddd77ee377784a73e9573705115bc8 1640697733053 1640697736752 3699
6adc9556af3cb994fddd65ba6c49c4c6326e9bca3bea89b0c41669e56bbec9d0 1640697800223 1640697803741 3518
2a38f5acf11c1f086b47ce15790f585551cbc6bd26150b18ce7ce12ce6984f47 1640697867168 1640697869799 2631
f098383c1d1cbdf695b5d72bb6c28c3289696e5a9b1c414601e2d3857ca7a137 1640697934537 1640697937995 3458
3624bbb81dbf8ab2ae557e3095bdc6602b256c2e80bb65bc5d517ab2e0fb7273 1640698001748 1640698005623 3875
13321fd63ad831f0c0ccfa8a6fb528a59c31c194cd366439e32ad399384b8250 1640698069702 1640698073495 3793
