515ac8db3a5c6460485211d8551e1ff1e9b49d535bf982641ec8e01ede1ef493 1640696790352 1640696791754 1402
9cff671ac174800e7c2fc1d2df01fbda9bb829066527e181a266db42db57be1e 1640696857723 1640696859109 1386
0e71fcae1a8b60cb684727d7e17b674627badb0526681a7cd066eb9cd596253b 1640696925414 1640696926915 1501
e2c38a0d3b9b54f6f2b6a6d360989d35e38c0e1dc747ee3e882a1c4c40ec2018 1640696992315 1640696993672 1357
8734a98f74c2510284d2b7a7ff54caa913943c3bb46caf26073229f4403e983b 1640697059872 1640697061128 1256
cd1594cfd170f2981cf907f87b7c5e8f645a1165bd2226a3640400520c61b1c7 1640697127213 1640697128811 1598
af5f2766bf5904f5cc8ba40bfe23f8d7cd5974b07c371559b90680faf85f56fe 1640697193955 1640697195643 1688
998732e5eb756b60704fae32d71cde6e19be1fe7253d177e899d479d90223c98 1640697261592 1640697262765 1173
294fa1fd74208c1891898111d88a46820791fd24f659548c651c90d5e3430629 1640697329188 1640697330628 1440
7a2acaa2c3b588fa2a3ccb923c06de39b50535f3be638a54ee4f4d05b6943830 1640697396263 1640697397512 1249
41a807cb0a0d92fdffecbddc0922b9be9c6213196b55006a03a5bf9209e49bb8 1640697464509 1640697465492 983
52b710ab5e07b938983e88633b36284fdb12f51c4dec813f5243d34cd7c61105 1640697531256 1640697533259 2003
2da44ff9114cd47ccd5da7f73727d4118dff4664ffba4ac7c1814694c62c758c 1640697598506 1640697599656 1150
a4eeb6a10ebf9cb04187788563086848453d8bc6af4618ca4c5e5f345f95efdb 1640697665687 1640697666716 1029
95129eff4f1559df17fd1a23050280e917d2d2832554f5f4ed837a7bf535033d 1640697732994 1640697734267 1273
2916017cb19c72efff215240dac8f315dca6b9c4f3becc275faf44ae55d87e0d 1640697800160 1640697801496 1336
e710be92b397b26f34b5dee1b5922d6fc71ac6ca69d0676695f514832ae4d089 1640697867101 1640697867872 771
0a7c17d8850619dfa04fc789d423e64fb23464b598e0f4f6df46afc51a2131d8 1640697934477 1640697935524 1047
27f1153b006e139a7f5ab56533a6c7f8f5ac5fb2c91e867e3b7db86882fec02a 1640698001685 1640698003147 1462
1095d6b1be769b482f2d9aa921330ddb9ac767ef208610b055e191aa228d76c9 1640698069638 1640698070964 1326
