f2314872227bcc254fc42a85531a7e7002a2478ed571df113197a2aee6fa8d00 1640696790349 1640696791656 1307
9506f507049fae502106c2f31386ef05d204385b549d115c4a548e6dcb601c6a 1640696857720 1640696858904 1184
61c3920c2d85f163850670d343592799bbfe64a8810c45c80d2080927522a2a9 1640696925411 1640696926530 1119
440f8fbebe9c1c3ad76aecb1e278fd1d5d5389a5a0458176f2c4d572c13bfde4 1640696992311 1640696993329 1018
79f734f3aedc91afde4ce16f579b19c9f4d0cd06b1e6965e0e724aab23fe9fdc 1640697059868 1640697060957 1089
243e90646b69ee621ad3fb9538816c4d3d3e739d1e2ac1a76d01e680064a5b7a 1640697127208 1640697128280 1072
51c9a359bbcb867df0274b19509a127da4c3367a6016045162b75a0de7f7231c 1640697193951 1640697195170 1219
9667394b0ea4821f6b7c91157cab65f4306ffcc5ebc32915f4775961bd84596a 1640697261589 1640697262470 881
8198b35b99e505ec926788ff6abce70ac0f9a4f567088b92a012e798cb80ded3 1640697329183 1640697330142 959
89243e220670e43f701b090c54d9e4cdc2311715629e7b5b30ab2ef255be5bee 1640697396260 1640697397378 1118
be3ae3a442418e9f1e0ddf6a17e394fc9001cc9b801fe91fe0f8640f6f52f43a 1640697464501 1640697465380 879
6f5acdec90f066a0b2e1acb245c908d99d9974737765cb3cca37633345e78ec0 1640697531253 1640697532335 1082
d71ececb0a9521727e576a943de38fe42ff19245ea92b9194318e1a6b90cc6d5 1640697598501 1640697599448 947
97e0c5c153dfbf566124c6d9846a845be079da62c2e0f65e8578d258491ded81 1640697665682 1640697666620 938
97dcf253f7f139372a91e68e793e4d934ac8ce03cf5170a3d6e6be42932d0647 1640697732990 1640697733671 681
044467bf7a8982a985ad97bbd114cc4c4fa465fff58434af0d6471d902d4e806 1640697800157 1640697801193 1036
f77594c252590906d802e16809b2b7f691f65959f0ebedee4d8633be337f9379 1640697867096 1640697867873 777
fa99d35b0a45703e29eba89a7059b5787d6d55626a0f421951afe7c6983ff235 1640697934471 1640697935324 853
514050bf28d98e2009fe291db903ae38a973134d5e9ec36e1b0ca0b65fb8d88d 1640698001682 1640698002794 1112
a36e40e8e998cb42f4f4e9b81493bc116a0ba7c5a5a39ef267182998e97fd555 1640698069633 1640698070505 872
