9da890923c01f2c365ceeaa5c38f8761a1fcaded96fb8b426a4e2812a95c8bfb 1640696790375 1640696793170 2795
431e18c3823388157e8b1845a10d26c329c8763931e5c11f83ebf523e23e608c 1640696857745 1640696860588 2843
09b5d95e2a4df429d5c74f844a7acb505f5bca31e9a6b10b4831c60879167189 1640696925439 1640696927716 2277
74ac3eb8c881f6ed4d068141dd8e1adc7d636addf70c079a9a720949cd7a51ec 1640696992338 1640696995130 2792
a93654309bbc9915fc19381d701bc31c5a7c31dad754992f5b9e293c62497fc7 1640697059898 1640697062742 2844
8e43b47375590f7105413a7463acd17da50f8a4ec0b5386c1adfd0b9663657b2 1640697127242 1640697129679 2437
e8ce4504f6fc3ec9c76cfd7433b9e00327ea5745a3ce5ed4949e690b22c0fd41 1640697193983 1640697197276 3293
d673bfb95f37eb0fe3dfd33ed471785863fba918847892efc40ca975ed92e703 1640697261626 1640697265071 3445
7088b1475164479f85d316ea3943f19898b73d343b06f30be96d3b597d83b0b3 1640697329222 1640697331275 2053
f66349dd84ecc1e0de12f9e21af2db85f8ab0b69a5f69414ffd670b47859686a 1640697396290 1640697398624 2334
6abb5096110ca362df644fd3d7796c223157560d57a843362ba0e1da86a5444b 1640697464536 1640697466932 2396
fa35876e9e405e047fc034b4b5b8f11ffcd29aa26f60ce4969dc17df151d745d 1640697531286 1640697534328 3042
2117584e98e18c9c6e5eab789fa4be0832545d31afa6444699f4dd1793796fd2 1640697598538 1640697600490 1952
dedb72a1b76bcea7271671377505731bed55b7d857b2d1cf029864442e173316 1640697665716 1640697668040 2324
6e1d050b66160a027aede61a38a9bbccb3b0aba4bf81b94f7650e10ad9ab2718 1640697733022 1640697735885 2863
6f7773e00da6fd9bf5798f124b5fc08e060688041dd2bc4ced7d7054244b612b 1640697800192 1640697802480 2288
259f754c04cb66b06741a3f943e17fd8b1bb2c34f07f562b20bf0ae69bd48ec1 1640697867135 1640697869463 2328
2216cf1b4b517baceebb4e2fc7635d2e27ce1179739bc93ba7f9b9a0b20b075c 1640697934507 1640697937756 3249
c65a8519f5e39c1af4cf65c82efee5cd29f3ace1608e39a8b4678b964166b302 1640698001717 1640698004883 3166
bd401531337797aa787478b72860e2458b3f1f86c4609579967d0dd27f2ff04a 1640698069671 1640698072295 2624
