5a0c2d90929d4a94692383495783a6383d36502e0f4b539bce3f48ce60175691 1640696790404 1640696794146 3742
ad17d8fb5716a09774e2a3b2be7fc70219702055fec88ac661a9610339a20de8 1640696857770 1640696861471 3701
b24bad249f8778ecfbbc25525c0ba5d1408cf758e16b6d1acccf5b54c6da6eff 1640696925469 1640696929012 3543
3e3f16cfd382652d0ed1bff80e9d136aed63456328bd4488728fbc94d933aaae 1640696992365 1640696996348 3983
9381a8571ab717c2702a14d79256471bbbb434ad148461cbac6bbcfb3e260e83 1640697059931 1640697064105 4174
b88cc8380cdfce765e443a2874244cba9dcfac64fda39f058f44ae10ea724b14 1640697127275 1640697130668 3393
07a48bb0a92058b3e8f73d05b20cb241ed97c8b22ad218d50666134229470745 1640697194014 1640697198012 3998
2398e386d363cfebecc0e54e014fc220d034628adf55add52e7c9bcd0018f2df 1640697261653 1640697265386 3733
97f86e9e143e225e6d7d6088f409fe4578e0ff95f57228dce3ce6df38dc9e4be 1640697329252 1640697332806 3554
1ff794cebd1520dbd3e35aa84ebfd900c941ceaf3afeeba7987ed11d9af11b59 1640697396317 1640697400226 3909
ef0a09e88a880c8f06c358ddcfdfd1ffcf6505617e4e9f8a7f48f261dba36341 1640697464568 1640697468179 3611
54dad4bf874630cc5178edf30551931d1f27a8f84386f4a552d4767b573cf751 1640697531318 1640697535031 3713
3eea1d0ddd384d28db4068ebdbd21351c1f0063f02e8b4100aa128f7f9d79a78 1640697598574 1640697602256 3682
697347fc2410e3ccecb6825b7ab62c3b7e4c5f89d111051f2f357d1732ded80b 1640697665754 1640697669138 3384
1bbd886743f7bf7d5f2afae2efdb6b97b88008031af3225b18e2b9ad6cdc8c7d 1640697733053 1640697736773 3720
2bdb1d3d2b17bb19561620535f9ea56bb908bffc339f0f692bd54a26d929b690 1640697800227 1640697803741 3514
6a87d534a55ce27f21ba69941c70f3f60bfa9766092709fa72bd72abd7c7baaf 1640697867181 1640697870599 3418
425a2b09de5a4de2d8bb53bb8ce89b19833b82c0ec34405b7b3ad593fb6c626f 1640697934542 1640697937975 3433
1bf57a8af030c64593a6e6dc7f991566e2690f98fced313dc2ea925d51470923 1640698001756 1640698005673 3917
ec981324f7d4d340a0ed34baaea1cd716acf34c6c1eda206de86a515656db162 1640698069714 1640698073529 3815
