88a6755a7ed36ad4dfb05468c16bbde89160569c93d79f871ac32b0116adf90f 1640787915902 1640787916109 207
7d071a727cf12d3f8dd748c02a4aa2f4456632349d773df239b9d90d2c712053 1640787917120 1640787917348 228
90de529f7fa2d2ddbfc5b805d20d5b5b33087f6b97d3435456ef2fb7a069c231 1640787918389 1640787918601 212
c63cdbbb122dede9d9c8b139fda26ee4310d32e91a5e0fd301c7637b9244e750 1640787919693 1640787919894 201
5ec972760c0a3668d399e7ce29086207af2e631bae325dabb6ad81b8b7eabc60 1640787920957 1640787921186 229
80a6577f122ecab1e9f65e52309814aa204004412a525b60abc594b874f95a56 1640787922216 1640787922426 210
fe98efe92c26fedb69ce7267ef7fc02405887b59859cb5eea79e618e8a103415 1640787923429 1640787923634 205
7a3939b2d64b94ef1ffe92eae6e0962b3d15f5e6247475b326456cab805e9602 1640787924692 1640787924899 207
3a0c7a60833957c5b560db9e42ca92d8e3dac1f0bbe9b6c51ccc8fa1b2bda443 1640787925939 1640787926143 204
eda1deea3c269d6ed12737b46e28f7a214248a1f12a8dff66a4bef9dbb3c32ae 1640787927163 1640787927359 196
710b496fcdb576f23b908bc9f9335c4bf92ad8b5455a251e7f7c1d953f603c7d 1640787928412 1640787928614 202
7835aaaa5644e7aa8c7154cce2b33d85cfe5510cb19584bc2fed96a5a48747dd 1640787929656 1640787929866 210
2557b3b1b4ad60e78d96cda581ed3ad85a998436464b0d7adee7b974dd5e2c4c 1640787930875 1640787931071 196
efdf67991a889a733abbe7d9398f364a39ab820728429fa35fadd4a4d2c6111e 1640787932080 1640787932286 206
4f4d34eb6bc4603175916f743452e5085d727da08578098c5aeaa143201ac0cd 1640787933320 1640787933523 203
d1cf58f0ffa74a77b3e6bc55a76b6d3b785490ceda2e9e984ea46984a158c4d9 1640787934517 1640787934714 197
99b4131313dc46536304c52e10ee4a7c07570a32772d246de7e03c156707bcab 1640787935735 1640787935936 201
7120ecd9dcd4e934f63214159e185dd232aaf380cd40f9185b162c03d8d60ba9 1640787936951 1640787937173 222
83d9df4ec00f38c9e156a9308fd49c89f0c8f65178eeb3e12b39cecdcfd1e8d5 1640787938198 1640787938414 216
a307f246639b75031d93c928d32f1c1a83379b002ad30475a21e1cefb7ed5f00 1640787939436 1640787939641 205
