899fce54344be4fac46089d63681e78176a4439121b65353ea74c945a82c0b7d 1640784527868 1640784529020 1152
4ba11f7518e5945b940c64e17e587318c17f89dfed4c3440dc76fcca5ebbc8c9 1640784543231 1640784544474 1243
e5882832410698b62dbb1ff83e7d94d954cea0b722ca13a43564475c32d3b5f7 1640784558440 1640784559611 1171
76798a651e6eb39113601c5e0a74ac75d9ba40960a0c5fd80d97c922b4557a2e 1640784573671 1640784574926 1255
de8bc353540c69ab51365448ae7e6a0781a22f8f31b62862bb82be66076b708c 1640784589095 1640784590142 1047
bbb1dddcef7d2c1541ab52deb05145d8825f2d751a5171de6a6e97bd1a597531 1640784604792 1640784605988 1196
236b54360afd91ca8fc8d0ebbb2dd44a321976dd4f7153ea50abc993e87e886e 1640784620026 1640784621228 1202
cdf123811139df8c3a1e27238d6b36009af6f53379483e2edd66d6c73998ae05 1640784635279 1640784636490 1211
3f86c92773c3b3046e33e11a51525ed05bea80e512d91a7dd9737493695582e7 1640784650425 1640784651412 987
5c4baa622710afbffcaa95cca7563db64c1b8b4e8fe372f91a58c34435809bcc 1640784665487 1640784666744 1257
54ff9a7619485a79ffb5146f7c38729792d059133ee38c5d6db777399a35cc3d 1640784680582 1640784681575 993
c9d513552346b246802e047650a4eed0047b9cab08f22e6eec9afc1b1dd097a6 1640784695690 1640784697087 1397
7bbdf40cb8060a8e77a8fb2c647acce845c1cbed834630d384b7155c8518452c 1640784711152 1640784712383 1231
c127b8f42cc15e3d040d5575ae363484d57db9c6b1ddcc9c7c494ea545e3a888 1640784726254 1640784727674 1420
e98335bf2d0227cbb0b848ea9b24847d83b17b1a736ef43b4700bec5fa8027fc 1640784741500 1640784742535 1035
5f1b39197b9ac1ffdcf3de60974fecbcc3297abfb664235175bd29a98c54c2e2 1640784756909 1640784757986 1077
9e52168c70d47a227bf0d04706864b9081d70bffabcece02d57c0fc4fc9bba1a 1640784772365 1640784773440 1075
47b6f2575ed3c82e0c2c76ebfecf9e57e2da6303327f545e8449fa509eb0ec5e 1640784787298 1640784788316 1018
7615fa51add60469fa7391113c984652ec82e44af581a64b32cd7b060a4bb5ac 1640784802226 1640784803304 1078
b58717329c83fd5956e1207c42a72266a4d5949f7ac4f2c1a6fa283eb36f9302 1640784817791 1640784818901 1110
