37b79660e8a23e9db6f05996290115f989d9e1fb551e1562a09c6bce709861b3 1640784527851 1640784529103 1252
18e05b86d196c9ea6d070a3b5d7e0c41836666608432ce676c8b46575e7dec28 1640784543212 1640784544453 1241
0af96561b45923472e3d0d11e886d900fa383b74161de1a60e8f14c6b0900eb6 1640784558421 1640784559836 1415
b2e1335a1583817bfb06eb2396ae7dfa8b90e7cee48c830ab0c2f858c5f0ed3a 1640784573652 1640784574752 1100
360bdbcdd8ee2d4648f11de08deff20a207ee0e7b619d0c331df6f0eb54299cf 1640784589074 1640784590161 1087
37c2d7dca548873e468f372ff1542111a5a9452ee4c3050119d449e23779fdf9 1640784604769 1640784605991 1222
c80f1b78e41c64b8a94f8bfa0d5673952b534884da5cf7d3ae279ada15d1d858 1640784620005 1640784621154 1149
6b1d5fcd580d04c90607ae3882565423279ac58372ebb83c50dea095b140b92a 1640784635259 1640784636478 1219
91491944a10531fb32c8b95319444e9ee547cac740a7db8d07e51f398b87ff3c 1640784650406 1640784651526 1120
982d3651923f58cde40b346f131c42009d099b86cf3df97311ce43efc172c49c 1640784665468 1640784666702 1234
018a55a5e5bd10ef098848325f76d412a8f1e6cdf4dc1467c95229a0a7468c8c 1640784680563 1640784681710 1147
e2d6bdf0b29133f8e4cb532b94e23515a0cf80493d97e2240d97a71dd7ac2110 1640784695665 1640784696646 981
710ddda76ce07704862b7d13737b3d21166de7449de3e6acd5b06d756b67841c 1640784711124 1640784712284 1160
43165514af448927c8cfcafc1834dca0b21ac161d15372fe5d97281274241273 1640784726230 1640784727223 993
ce81e985a40c091773d005ce7423900cf7221dfd30981e676db53e647de31b3e 1640784741477 1640784742631 1154
539d8b05502c3257e53dccdd3a43804195de864e1251a870e8edf067e13b00c8 1640784756884 1640784757873 989
f4a603715605d736c3b1ac7c6bdf3acc187d322125d8767cd6f34eca47c8cfbc 1640784772344 1640784773457 1113
c17d85a858070838f60244cc0f965e17d688713d1704344ed8417124df0b9bc6 1640784787270 1640784788503 1233
9dd0a7bbc32e6906d07808e9f8a8ad85205af1ac681c0685ff631603fc670a9d 1640784802200 1640784803502 1302
fa5d6569dab3084bb52c6281195f7decf20e304c3c6b679330f9f4a8eca96005 1640784817766 1640784818840 1074
