e14d661af8b5284a835fe177e1c79465188934305118c909a5036a46ae3efe40 1640784527867 1640784529190 1323
789d75d84988f46fbcbe1d3f30be014a3a4e1fa7432314349b57e2033eda5ad8 1640784543235 1640784544304 1069
26a05bd033411f72a523875ad144008a244e96a051e2e19e81237d71eb64f348 1640784558441 1640784559635 1194
131ebb7c27cef506257efc0137c6dae99a41582814f135b7127b41ae9904cf3d 1640784573670 1640784574926 1256
f711daa47875dd69c289a46620bc2be19bc6f1083b979d294c59eca7706cd474 1640784589096 1640784590338 1242
b60c84db941d6ab5b01d3ab5069147996fe8b572d4b819222274c7f2214da813 1640784604791 1640784605855 1064
a1fb3181c58ab0e5dcf9a06a444d0f6bd3302059110ddcbbcde2eb17bba2315d 1640784620025 1640784621163 1138
552ea697577a433a084cb79a4cce88f9e60452283222280d93f9ab2a7aac940b 1640784635278 1640784636496 1218
48c8a18ef19da03b7ee20acd72b57f24dd8d8b7638b098a334ed5641aec038a9 1640784650423 1640784651528 1105
29c378f62725ae6e31c4a957fb39f9ddf9fe551416768f064a58c419de17195c 1640784665486 1640784666743 1257
61f3ccf4ed3e3781d7075e4b2de5b9b242d518a74adff9ff5e4e033b071c8947 1640784680584 1640784681694 1110
84f75ec0208ccd65d97a84c4b22f684d8509015574b600c2ddc5c6ff830f07aa 1640784695689 1640784696688 999
c3303f2b71cf72de03a7cd08f5dc4c48134699f3127996b27805095e37481477 1640784711148 1640784712266 1118
ff9dc877812f4bdf9165bbed3f27f7f6443df76651a83742bd25e86f9676e430 1640784726251 1640784727673 1422
d387345e294f5064332291623f334a816e2f62d84dd98bef1ebe6ef68173e6bb 1640784741501 1640784742611 1110
29117b03f7f0c3fcc9ad4412ff348efedd50fdab8df2914b8c280dabd6c074ac 1640784756907 1640784758036 1129
72a2d25ecfbfc990dc48c8658f2c889b45de0dbe1d55596dbe749a59125b4ac5 1640784772364 1640784773568 1204
b53a22a03d83938cbb9ad9b55b038851586e7b3255a1e85a22afa57910d70ad2 1640784787296 1640784788337 1041
d77ed37a94848128c6dfdfc36479a66937e4a8cf98d09e966ee4cdb029f1e71c 1640784802224 1640784803399 1175
d3bdcc402e60e08c8574de8c0b2f2596398f98d1ff98f1f2523edb8789b901d0 1640784817788 1640784819016 1228
