d1e9032d03994bf494c7b57f05d604ddb1ab4698c2fd5110a09fcdbb7a93713a 1640784527856 1640784529190 1334
520672b7f127628e50581ad83f45bdf4a7d14ae03f22dd4ddca7186b31769773 1640784543218 1640784544441 1223
1d6d620478a0a78566e34e8ba714b1e45f0c4677c23872c89309160394174985 1640784558426 1640784559457 1031
4541d464c3c86e228999480cabec944a400697d2ba2ca5ede1009b292931428e 1640784573657 1640784574856 1199
cd6f703a82da86c494fa631519cb396b2382afea5ef5f183cc2a4b1698327a70 1640784589079 1640784590234 1155
361237be1fb4d8e6cf4fe378ab0dbf54ac3407670aaa48c2e6b7bc470027f21b 1640784604777 1640784606217 1440
95df81bfe90004799902b7d5c8b9bf4cb27ed52e47f92fc8a18bc572373775f4 1640784620011 1640784621184 1173
6f93086d70f43cba8548414ef38027b69e71d33822d534b5a206e90e7df521f4 1640784635264 1640784636277 1013
4da14237295eb140bf4b69dfba63a7a9f8912eb021d4909777bab75b554fe6f6 1640784650411 1640784651815 1404
a4afdd81a007829e1693f43593561edac1c12d66f8fe3dc853ea847d9ff4c46a 1640784665473 1640784666741 1268
d3b177806d9e2e9856d1251eb3b2f9065d593b54ac1168ea587860e420c1d3ec 1640784680568 1640784681695 1127
2a47d8dc4b6d27852fc9ffed5812f84ecff0b42b80352d00928938b21f93efcc 1640784695671 1640784696876 1205
438777221ab82c902f3396de89302018d994475ce073e9907e9a49de8f41e40a 1640784711132 1640784712569 1437
50f84be822c786813b924a27ec48af858efe83e09cc00559c1e46b813117d16f 1640784726239 1640784727290 1051
7358f0e2f3f142c2e2c01dabb9f3e1e8d16b72fd91e5df9173dc7ee29181ee11 1640784741484 1640784742579 1095
fffb953b6a5c11b64e5bcf9f060a52b102b7290bd3dc3479ff82ab84bda8f519 1640784756891 1640784757933 1042
7977ff4cb0031b453eba1b71c8cbc27d05e3ed3298db42984cce5ad056542ed8 1640784772350 1640784773493 1143
ab4e92124f4e568f0020cac8ec8423ac900ffb876d4fd829eee79bd6af899f14 1640784787277 1640784788389 1112
78c7794432bf9b11bdc5737f886ea15dacec246e985d89987e8a685f10ac0ce4 1640784802206 1640784803375 1169
ac5c1d94f501d9b84a521726f611bff3ea5ad946b3ec44357a0507d4c5c2ee8b 1640784817773 1640784818906 1133
