f414199ca1dfeddfd7ef80de4684d3f70006fbf8694fd78e677f925b3a20a6ec 1640784527872 1640784529160 1288
d4e1c67d3ed37d8815191eb8e1eb5997f94ee7b7233227fd793acdbbc8d13498 1640784543238 1640784544435 1197
77109426308dcceb806621c0b7b87d1e7fe21f75bfe5046352e53c8111ac1a24 1640784558447 1640784559846 1399
ce25f8e98fdae4679bf163b0624c43d700990271c9395c4439d4790d16bb664b 1640784573676 1640784574925 1249
f643d6d39287672e2ebe07a819a94ba5738a617fb2e27af78c259e01e8f9e361 1640784589099 1640784590236 1137
76dd96e751b41fcc78c8deea16f5813f8c9264d6b0a0502bcb15dec9a3745844 1640784604797 1640784605993 1196
8de91bb046fa6faa10af1b72d1454513b61b59c091be61e12fb3c526438b5849 1640784620030 1640784621242 1212
edc320825829e60f344dbd51d3ff877e50578be0ff30f7ea161b033b8d91d0bb 1640784635283 1640784636515 1232
2c82ae368f465d4935ee61d7e4b7d07aa486cff319f2f5d489e865e412521ee5 1640784650428 1640784651479 1051
fd4930dff616d9ec0f008c2fe186c5ca1b94578ba35387b2592d08059efd4182 1640784665494 1640784666730 1236
88ce4bd98685469c9c91c7bed8c46ecb401aabbd0c975f725d4f382f69191a76 1640784680588 1640784681699 1111
2ddad32d8cd5e9d5ff0b88ba5e0de05399c4168b30b379e9a06badccffda69ee 1640784695695 1640784696693 998
502422ed67a227df53e54dbaff489edfef883aade91a5456d0ea3faa64c232e4 1640784711154 1640784712569 1415
9eb2bb3ce7d7fca4fa57e0d2eb46ed36319c91d8a7c92055eed60e1f44d4a271 1640784726258 1640784727675 1417
4c982c6067f660b182cba9d47219199581ce3fd33e3d57a4f5475c8f3ee87c59 1640784741504 1640784742688 1184
c48267c4781cae3a6ff66189dbe93fe0fe395fd15390f8bd91e49b057a4bc928 1640784756912 1640784758096 1184
e06a811aa77959b8bb23224435023966d092f3558418ab3e955dbca84b8616ec 1640784772367 1640784773548 1181
7da2438464e8d9326fbb4733ebeb6ac15f4837c7295802687003497eaf25a1ef 1640784787303 1640784788468 1165
8cba89e3921ec188fc5b849e339b1579bb721ea7b1966d3c69297a6f42e122f2 1640784802232 1640784803383 1151
7e91fa268be8ed31caedfe4d95439f9985a80fde1311d1fd80acf6eefb86b5f4 1640784817795 1640784819007 1212
