a822e4dfda9d94f083bf501730c4437e175212d555de8a6d226cc4c46a847b4d 1640784527842 1640784528101 259
291ce7a32cb42c79fd3b0f3ba5350b6e002a2beca695a07c4c3de5eca32f5ab3 1640784543202 1640784543338 136
d5e5b4f80ca08be62f304c3cbc8ab6b18f00df6b730d7ab730fce76f7673fbe8 1640784558409 1640784558545 136
17110df468847f71d99fa2e197e30a1d347a508243b7a4f6d92f31134fd459da 1640784573640 1640784573838 198
522896f898eeff1cd2f008c9ea26477a506756152f4428415742cabf204a3913 1640784589060 1640784589322 262
3331257874e07250326eed69bb8be728ed3a13b6c2937d752ff99dab06d4138d 1640784604757 1640784605001 244
0ebbc265b66276b6076db7c09cfced500cda988d930cdb135bfd9055a6f3949e 1640784619989 1640784620181 192
91418642de5697161da802c942803338cbd8b34e183567296bee2a214a3ea1dc 1640784635246 1640784635520 274
d65313b7e7f15c00fac994b746b503b8b065ebe7059e8b028b482c1c07066f6d 1640784650390 1640784650625 235
f55155c15b5ec9726464cda5f31d14ab4fdc2a08798fc0555a672fecca8705d9 1640784665454 1640784665600 146
2bbd044f667b62f4423740e49b30edc40dcb56987eed68352a7b5af4dce74cf6 1640784680550 1640784680830 280
b6b48687d583516717724d8e66f3e0f3a343b24a092c274afdcbb6d410330699 1640784695652 1640784695868 216
57f48f4d199d481488cc9437ce4104dd4984e3e7eab3e13254dc22f12b6ab5ec 1640784711111 1640784711386 275
f99f4b892fca9a900ad844796508311ef356e96b4204442779ee6fbdb51cf70a 1640784726217 1640784726590 373
324ba42fed4aa947df0f130326dce45c369ff59bd5e555aee40dd41619783db0 1640784741461 1640784741657 196
a735624a1cd0a9689d264329387afa2542642aa35fac70be0668a722e19b657f 1640784756868 1640784757077 209
a387487f520bb54d4c54501d5d3ffd8b72695f534643f238c57112c90added6a 1640784772330 1640784772492 162
050a3ccb4017a9914e68f3e554c9e13174013d8ade83ddc3b09d36a0745ac807 1640784787257 1640784787405 148
106b4a6310ea3dfae59a004ac66706d1da9fe7fabeaa1a1d30a33306f1313177 1640784802188 1640784802341 153
8201d9aef5e7d22dd0d444d55e5481668187b6e61ac9cd03707cf9ae343041b4 1640784817752 1640784817889 137
