b4dffd2f7b77aa177c253fcd4584c32d3e71caaca3e098c4626aefcea8649790 1640784527844 1640784528933 1089
ae1334237c39a644e5640ca862fcabbe8ae076917e218f1cfb5fb96453d14bc4 1640784543205 1640784544466 1261
55481842b52ef35b552ebf610a5bee283706eebc62eca728bc279517f74e3678 1640784558412 1640784559555 1143
ddac9116b4bcd21907d744902d47e986b25ab1b656f65de64d7be2cad3c525cc 1640784573642 1640784574623 981
4580b2ab3340563d09d2a1a436251d260b7dfce7416f4107700de6e3fc334a2a 1640784589063 1640784590337 1274
4bd78394c33017f9bec9afeb73c60dd596a1cb4ac1706c6b4df7b7d0629f1d7d 1640784604760 1640784605557 797
7fe971fe34f2750df6985c815167674d193ec4831e7a5d7dd315067f7126962e 1640784619992 1640784620781 789
d62a9b368ce91a603fb54835be18cd44700b1500caf17f222420748ddb00f9be 1640784635249 1640784635600 351
df1f9ae291790e7993b26d22f76364bada251ef2c707b8e711b1d4d2ba9c9ae9 1640784650393 1640784650739 346
8e7093f8aaa1347e7b0d9e99d653f8968efcba5fd474ca4c0b3f475adf998823 1640784665457 1640784666755 1298
6a6f67caf8c813ad9eb204cc1378e47524b992dc2bfe8f5147303ca457be4964 1640784680553 1640784680953 400
59dcc286f77a3f8399c54a1423d4262a17812b0ef777b4ee236b459701e56e14 1640784695655 1640784697087 1432
97b56f6bf54bad29be0de1030116c8ca6caec3023cf48b1b922b1f6d7b792759 1640784711114 1640784712237 1123
41c745ec7cc8ad0d47eb406b4b4281fa9046d2c2615fa1c040e36d832a6f2d55 1640784726220 1640784727418 1198
2077df4c71382d6f1bc676818fc8088489de74c2b5969805f7f26c0b92e53710 1640784741464 1640784742247 783
4d972bef7a7e0b7cc0d04dbf6de5b852141c4d2fa9e9dcc3691f21b4c03fd451 1640784756872 1640784757164 292
a43768c02a04090ff51e90e134829e9b85d26bbec803eb502d7f794a6a56e624 1640784772333 1640784772689 356
2f6fe99e0c28fbff83c0eb6108c8b6db7e0e7a8800616ebdb82d35524fdfea43 1640784787260 1640784788420 1160
28d0df725507dc767446fc831c5a2ca09aef3cba9e8f48b73bdedb7a3c4d4af2 1640784802191 1640784803370 1179
d0a47d51ccb2ed57571751da0fa9b949e8ccd300fd4f007b6197c109793de0c2 1640784817755 1640784818087 332
