e654f7cccef2b4c789f00ac9288bc836314591b143c5e3b4f9a4f38b04107aa0 1640784527871 1640784528920 1049
8723eb0c41a96465dbf4e82c97926ac5807ebff07619377dfe964e866dc1b873 1640784543235 1640784544474 1239
b58de59a59cfbe45734ba20e5d9f1110794019b24d1dd5782502f6356a28d5fb 1640784558444 1640784559417 973
83f82f7dbef1253827494e012334e8a66f2687b5aa88272af9a68b85a50e05e4 1640784573677 1640784574919 1242
fe5931e211e76cec8aae16a08f98fa9735f3d9e763e5e89c00cbe5f571f9a543 1640784589099 1640784590244 1145
711b869ff976d9b8bcace101c3c63983a952771ee1962cb0f257a02b54bb30d7 1640784604795 1640784606217 1422
691565e0372933de9985fc746e2e07d22475507a1c7ca6b903506806d1b3781d 1640784620029 1640784621096 1067
46b78655cf6e62179a13c4b510741f563bc4999fea2214b8cf98c4886d04770c 1640784635284 1640784636512 1228
33cb87c423f7589bbb5f21939624823adba46599d7f813c76f3fa668a12dca8e 1640784650430 1640784651588 1158
90e1e413bf1823feba8578ef3b142fa9fbe9ce7a90bcd62715a11fb32261579f 1640784665494 1640784666735 1241
82d3ac36e2337302b771d110f2971d0178196be4ecde03fbd58b285c80bc2bd0 1640784680588 1640784681714 1126
1df3665c0a891c598d822e27c2230081660be36137bca7f5e33dc4a6165ba710 1640784695696 1640784696614 918
747b58204cf1fef48902c1e9db024b09b078dc51bd53b8d97f1068272af5ba91 1640784711155 1640784712569 1414
357f29bf0662fb990426b7cf6adbf9e9d56e320a01ef4b7651ee60472bdb4b49 1640784726255 1640784727454 1199
921ed435a01408237a37780b0f52cb62b7db9df10141d7f9ec24370c9be86d8f 1640784741503 1640784742486 983
fa343cedbe4ba987b92e91fe745fa9c29c0d7436b14779b22d76155952dc8a6a 1640784756912 1640784758093 1181
f6318da3b2f020cd2052d2a1a8818e0ea8c8a34947a1881a4d76f09b0027e707 1640784772369 1640784773364 995
f9fb8e4a67510d4049344e1269cc82efcde56f3e6c246ba5ba6684057c6bbd06 1640784787302 1640784788483 1181
044915028a118b56255dfd96805c43ef1a74844bbab7f40d02664a9e3699945f 1640784802230 1640784803492 1262
ef6123dca2c45448942ca4a76d0581417c68f83af45a8cb82f63b26c2891876c 1640784817792 1640784818985 1193
