8277c82113cefd0043a7f3db6446728ecb4989110bbbe0ec8ccf1bb817594a9e 1640784527863 1640784529189 1326
98d000d462f8919edb429a5d525a4ba3a81313e71a5ee6f682bb6650db0966b6 1640784543226 1640784544476 1250
a1b2db5601223aaee918bde2d0f9910211b0586aef0c04072b7eb285baeff995 1640784558433 1640784559851 1418
0d1fa33373d81bcf1089a921821090a18d900ecaa57b0c0b804667c187988a06 1640784573666 1640784574733 1067
bc3799f165a0700fdace3242cc9be182ce533b8a1992d9fde9124d38d84eaff7 1640784589090 1640784590269 1179
a727cf5303164cb7abb01c77047139cf59169e387a33fea9866c69b1a409239d 1640784604785 1640784605960 1175
24f9d6d61c91d92e98fcb8726f6b36ebc52dc1f493912d0f5118116dc53994e6 1640784620020 1640784621097 1077
1ec994a22b289150b4fed000297715e71ca2c1ffecda65788846217dfef21fde 1640784635273 1640784636505 1232
03854604586c2dc2b32858167f8a5415aed89f6c146c432c8d7ad48f5c313508 1640784650419 1640784651816 1397
432ea435cac3e6daaec96bdd59fd860503d1c9de507873105b0b004e8f1f8201 1640784665483 1640784666739 1256
11f57aee01bd6e01116756dba68f1ed4207242fd30c051c6973f0414afa02e6e 1640784680575 1640784681701 1126
2ad5bf9b6a7e09c2651426a5845712484eab15477d732a5247009a16bfb8c304 1640784695682 1640784696873 1191
c6a390ecc02b76d38e9ca171cc69b406b8f7b733d98d8dcb2f0d456278e34e85 1640784711143 1640784712384 1241
5cbe4db6b20670c203c1be7ae1a05009463df538fa83b263ecef94f0ef2191be 1640784726248 1640784727674 1426
8937c143348b43856881130524e9ba57e26a234b811dbebb11b0db1ed07699a7 1640784741494 1640784742706 1212
bfe4b4c2ff8d1f7aa199f2f0bee08321f0f8d9d3dda2c640d27bbc67aa8d82d6 1640784756901 1640784758084 1183
fa1253f1c7fa53d66a6bad877b6246498d0e14df15f00cf823e9131ef3b19607 1640784772361 1640784773473 1112
ec9f2c885d337be7fa47eb9d08253ca1e2c96304428c83503723ef79bc064453 1640784787287 1640784788236 949
a1b413fdbdc74dd07739218d51f579ab1544d31c637358a0fd0d3a295b851e1b 1640784802218 1640784803359 1141
1ee7cda075a54f48d317ff9d56089c8d35fac6590a9b6f4d3fc56e5e68254917 1640784817782 1640784819004 1222
