fd44b0830f104727d7d6df87aa88fb1c577ad8c388e58db5e6504813de2349e1 1640663726707 1640663727904 1197
ae060489dc32c662093556e054cda6d83a0c12170f6ec2ce8a57f2ce3efeb143 1640663761468 1640663762326 858
071dfecaef3d01c4a051975da3b0b5157fbfacded744d4067420f6ac523fa4f1 1640663796395 1640663797396 1001
a8f74ae5741d88e2e3d671f4c0b3fb05d39f7122a33fc4bc0a87a6fd330a6e42 1640663831079 1640663832325 1246
ea3b7de72b84264cd0e237d837a798da72235e577a75c531d792edde23d39085 1640663865476 1640663866318 842
fbe3e7d28568a8b3a8e650894455f440034c615df1fb7307ce2b3d9cfe1ab21a 1640663900063 1640663901323 1260
11496a3b9524b6e5995c75f1bc6dc600f488911f0132bdffca43f3199d714a54 1640663934732 1640663935620 888
6552919f1e9c617961cfe9980f86fecaf258c609ed3bd224e2a3a4645f4d9791 1640663969762 1640663970533 771
335008d84cae6bde5b995e6a35a3515490fb502063ec58a6e81567c49e0cd134 1640664005042 1640664006026 984
fcc3e7575a22d6f762f61e468ba9cc110c797946fd312739ff619d6fce648af9 1640664039490 1640664040238 748
203bda2a171440bcbcf8ac305eec7a9976b0050badaeea6a6b40652da85aa4f5 1640664074243 1640664075287 1044
5feb15795ec3ec9fe377110420d5aacba0cf9f61f7c6fb2235e88c6a69102e59 1640664108891 1640664109657 766
ebc79eccedbafaae310383425db0374ec9209af33950c245de9d6f66255b3692 1640664143317 1640664144453 1136
5df25223673e4c510e381507d21f8def81983c2d4b22996e94a0d5a80146ead7 1640664177959 1640664178800 841
1569993289a97fe24a51967237faf94b697b71841edfcdf2cccf2b15b28499d9 1640664212591 1640664213365 774
d550b2889c78329e280be9b9070f09430d56a9a2b77d51299762c35a1e8b36b2 1640664248074 1640664249349 1275
44213ebdb6ae35221d9e6a167b66be6587808faae01f403418028bfca1c82f6d 1640664282880 1640664283789 909
26aac7407f4ae832e36bfe61946392b2c1617f97752bc7ce6f40067a911eb51c 1640664317981 1640664318855 874
15ea0541cd7ed03476f326498a1cc95c791ac3b00c747c1a1c71baa2ac2a7431 1640664352964 1640664353720 756
71c6f435bd2d99c02be21aaf726203fb184caf05c572030fe0a4219c4bbae304 1640664387807 1640664388777 970
