1d02da0fe92732a1b63afd4acda4c4dfcf80921a3b6a778a0639e6e51a18f0fa 1640663726744 1640663732058 5314
7da9695eef08b39c5961a6c044ac6bdeda5ad5d8889ccdd0e0ebfbb17f506113 1640663761504 1640663766268 4764
0c11dba502d4b26dd3c9a7cca61b1746db11cf46c837e13a9fcb12e670631603 1640663796432 1640663798980 2548
6a1d7b16607de59132a259b0da29ce18d3f2d2219ea3fb2d3d21121178cfd967 1640663831117 1640663836012 4895
7feb483bd18c8c77d87a9c66bcd5b11342ac7849b639b9b8cd7e32399cd3095e 1640663865514 1640663870800 5286
5e92dcf218451c6cedd93a3d8640b5e02fb545877c9d1ac2d34ac047115b19a1 1640663900101 1640663904958 4857
89fee920bd8618f48bfa2f90756112a64e39f159ff2ae451cad4607e552a8266 1640663934775 1640663939442 4667
1b7d1408d7895498fcf26f3d888958d02229ef1b10561634b683d89877ec004c 1640663969805 1640663974910 5105
b4f203d2c13eeb742b855f78162fdb1cee6251094b24635f7fab794cfc8bb9d0 1640664005082 1640664007629 2547
d46a939c9de0a1c8485ca557e98014da22bf0fd996b4632341ad2881a7541a53 1640664039533 1640664044985 5452
19585c4f8b2ad057993daba4f6ec649df0308e9abaeeb24ad1223e861ab2e5c3 1640664074284 1640664076545 2261
7e32cc0c105ecd37a227733932300c9cecc887d5f748dc331fc3f60adcb40562 1640664108935 1640664114385 5450
be7e0da7a4607e09aec95fc28e38afbd0dc102d4c3d4b42c9b4f53158ed59c6d 1640664143360 1640664146701 3341
176461ace2b51622381a565e6b3c636e53b67af032ad8d856162869cfad4820d 1640664178003 1640664183183 5180
5f3f9f5c23e140a052e0f98f583c61180a26cd0c8ede8ce2da096dd34f5a0552 1640664212637 1640664217766 5129
775fafe9c29edf6e23c20094f6f6358557749d23729a7cd3bdde3338e196938b 1640664248118 1640664252734 4616
7df18136a224c5513a316a33e90a75c205e48875ffb424bfae50d6cc41938706 1640664282925 1640664287458 4533
080782f1375ff7d6bd6c220ef2afddb99971e1ee14a06a66746e986e0154c079 1640664318030 1640664323391 5361
51c7c25a1e8ff7f5697c5dfb4914243cb56e1a49f460dec40133c49dea33e57a 1640664353007 1640664358524 5517
5c85d1732466105aa6223392a54c9fd979e189fbba44d425109f912ca6e58f82 1640664387850 1640664392639 4789
