6d185f68f69608354739b37cf7e172809df0d8d24451eacd179b3dbd9e038bc6 1640663726723 1640663729497 2774
d84ea34d5f07ae96fa288a6c5cbffd5927b91931c07e5c557c61e4d527102e1e 1640663761482 1640663763664 2182
4e41d3be3a57bb214efd99730c4f1165c96e08a150419fef44d17dba9d54f82f 1640663796410 1640663797397 987
be2ac1765c12e4763c037f0b35a25aad219e73ab55bcf59acb5fc32bb6725840 1640663831095 1640663835628 4533
d0eca493a935f1ec17ec894ff1d1c7f7467576dbb636be5955d3623259611a53 1640663865491 1640663867762 2271
d9dffef0744dd6892e2c63a871a4c342c1575169f64c0925a27f2544c6891070 1640663900081 1640663905575 5494
f83765f9c9eac02728cfe6264f15ddaeeb229759096e5e7297149b6ed0e174d6 1640663934750 1640663937728 2978
a9489357a38fb00efd21aa9c2c5242af9b87ad3a492dedd78b9f21cffc390844 1640663969781 1640663972703 2922
9a92edc269fa45eb6be240047a90af6617c94f489004227c5e3b0708b193fd50 1640664005060 1640664009864 4804
b7a2ef4bdbc757e0b9d98b227ad7e6f59e044256203d6e824893584c8dc3b9bf 1640664039507 1640664042344 2837
a6028cc379f2b866b218f14f2de4e39c4c9e33d6d06ad4dbe1b97bdb7961cfed 1640664074262 1640664077654 3392
1c61e3d9797a00cbbb2280c4557ab15fd70e25db806106a082aeec432eacb696 1640664108911 1640664114181 5270
825f5ceaa5a5ea8d62a22780b75b02f36fbfb54f501590eb5b82e0ee61cf805e 1640664143335 1640664145362 2027
384dd4162358f56845a707a71ee8a83229e6987389de1507da451ec2c98329bf 1640664177976 1640664183380 5404
e838006a4f3b1ebd49cc8c3f99a9986c558c9f30230518942720669d66ba20af 1640664212609 1640664214652 2043
247993acf2f03d98357a430c5e1f4e311a7d612600bc69379f40761b616ca7c1 1640664248093 1640664252753 4660
4b55debe124c33df2bb8d7ac146afa6e0eef1db45dc602a244919e8fa796d0b3 1640664282901 1640664284911 2010
5ee0c585970598a30b413a3d6128f4aa7b15c215aecb1ae6b94968deaeba110d 1640664318001 1640664320312 2311
9d3441e1c95e3b8a7bc20791739cb94a2a00cfe1da314679c8527eca082bcfb3 1640664352983 1640664357299 4316
8590fb09382f57f8273cff212718dd65839f04a7467f5c249958760effc638a9 1640664387825 1640664391773 3948
