6ae5c79de77b58e946439e08b73fef780172a30c5794c73a1d34e318095f997b 1640663726750 1640663731491 4741
5a2fd6474e64316c81696e921bffac76e2516223fe2571f2a23bc90c2e693a38 1640663761513 1640663765186 3673
71b7d7f8166c63bfcc9cd63b7c32208a7fdf982557fbfe80fa1b3cf69299578b 1640663796438 1640663800367 3929
065d5921237bf8c7089239a7caea73cd393274583df4bd5416e7709bf31877a1 1640663831119 1640663836277 5158
e8bc1d32a7bb244269b0469537799f7ce0fb33fba9020a8d1811e87f0a186c49 1640663865517 1640663870232 4715
6740f158631b7e6c61ea6186eac156ec3608ddcc586ceb522da24dfb09671c2e 1640663900111 1640663904849 4738
677555b0fe5fcd3844f8ccbd8100944cadd1c564841d318bd0ac61398c7bfdc1 1640663934782 1640663939443 4661
1ed6ce33f55f311566c3c12001a5400d63d668e357cecdac73c1a497f2ba8298 1640663969813 1640663974898 5085
9ed166309901d9fcc32e16d049a2027d9772b945bb999ba6c49de4d3b3785700 1640664005088 1640664008953 3865
118c1ac9230db6bda3e7a0d0252df3a5d65b00ec89914493f36ca4a80ff1b5a7 1640664039538 1640664044066 4528
a71ee56064cc3f788942247217a89d2465d15a901b4cdea041eafcb1afe20532 1640664074291 1640664079390 5099
a60e2a70ff5406becabee56fafb9f72c2aa9bd3e19d4657e976878852877b453 1640664108940 1640664113937 4997
986d39156b3009845c02bca044a6add568b289caee210eab586a398393e30ed6 1640664143366 1640664148050 4684
ddb99339a55f6182c23dad80029a8ab3030c31c586e456fc244640bb105f2da9 1640664178011 1640664183175 5164
e414aafb445e65cd9038d17f655b2d4fcccd18ffa1f477cbf79d0758c4decacc 1640664212640 1640664215684 3044
717100eb0967acbef3b20840eb5bf4133ab6a28b2378470f5d96d1cc00cc5aa1 1640664248124 1640664251320 3196
33f27008fa666c05aedc7a070237e1eed88b416b6731c283d39280aec90618be 1640664282931 1640664287470 4539
c3e4cc6ec101feb5b636f23ac0a83dffdb364acd035c81609e9e3d825587ea23 1640664318031 1640664320568 2537
a7288c38ec6715aa5065c920e16f373b61889e4eb0d0cbd85ad7cad99debb402 1640664353015 1640664358524 5509
6ea14c9f7af7e94d1f7753926c6cc0be409ea835cf7f0be28d8097e919379779 1640664387857 1640664392642 4785
