787e5df2653b30d5d5247cd474cec86ce668efd4ac985b37a8b74b66fac1a4c6 1640663726723 1640663729488 2765
eccfe8a46dd52b2a558ee5b19741674b29e3d9f5c0019a1e855722492e26d6fe 1640663761482 1640663765955 4473
7522ced88c14ecf1171602a16598b7925556954a9293a7536f40ec34c7e9e75f 1640663796410 1640663799028 2618
96bdeb241b93cb97e394f82080c820355bd3461e02d71536fcd887cbe2dd1801 1640663831095 1640663833825 2730
96d57045421e6ee2c766288e7cdf0562ad1a5a0916518cf9f858cb251d63bfbb 1640663865491 1640663868098 2607
85752e1d79829b6418bf800fa76e2c683e5cbbab38345bd024e9b65743793946 1640663900081 1640663903492 3411
76fdf7512fe2fa7bc265353bca96ff3b25302dee44e3b890befb3fae787e3290 1640663934750 1640663938828 4078
eeed64a93cd0397d5e572caf70ffca47a4d5070418d907f3d42cdbbf1636b990 1640663969781 1640663974859 5078
b3fdc4646812aa487731ef3ce271d2d1cbc839c3e81240d89d113fe7d8381fed 1640664005060 1640664008477 3417
90b3b0943fd6f3b8412856d64272faf4fbe62f2d6da9fb4978899e66296bdc7e 1640664039507 1640664042155 2648
fa78f0a598a278af71a41fc134e5870cb87a18d5098fbf37508d09c8f6cb027b 1640664074263 1640664076585 2322
34e12b763bd2ea2f78aee8b85ccb3f361028b01a61fb5fe091cdbe4a678ca319 1640664108910 1640664112816 3906
efa16d72eec0e80f707560caf191aa4814848b3786381920011b7ff34f8be346 1640664143335 1640664148109 4774
624c576730502b1f0d028ab32a4860e25c9b61b4a1e791cb299bacb4eed11e13 1640664177977 1640664181405 3428
0337930afa624b53b13811e52baf99994651293e99eeaa4be06dcc09d40c0566 1640664212610 1640664217688 5078
f926d0b2122fc895eb4d53f06a7707a936c0f4d4906e876a4331ffcb4972cd23 1640664248094 1640664249740 1646
c30a6e07d8d5ac3cc2aa6bef47150cab498319654f7fb0fd26d57d0d9661d241 1640664282899 1640664287455 4556
32112ed391a46a9b7b9e801def7a253f7feab8e6c580537993226bb8512a4566 1640664318001 1640664322927 4926
4a6c4bdecff091c6d50417c7c7a00031e429d3185d049ac32fb94cc762be189c 1640664352983 1640664357274 4291
8b1cc79b257d1a00e0cf9ccc36736deab7c326b1a59c478635469cbdf470eaaf 1640664387825 1640664391771 3946
