90a9d1fc802d15e055782fcf92beb9f641a845c0e887590c2922d1a52c829e1a 1640663726717 1640663730484 3767
7a50704a312a5508e804b32d4873549fa2467fb9406ca0db9a28ecc9b46f3b06 1640663761478 1640663763611 2133
45b5706da0a29652badd613f8b28a7a7632ddcdeaa1ce6f6dbd0eab044e59034 1640663796405 1640663798432 2027
69f8ba07a9c9d347690441832ac7aeab8ca1b5f2cc422ede3255351527daf6f0 1640663831089 1640663833235 2146
2c265f49daf0832b0509d8dd2839f0350254cebc5f0df97fc48d50978482655e 1640663865487 1640663867954 2467
d43ebd2c6e5704d520e029fe8e701b3a655cac03b4be4fbad1720ed3582ffa61 1640663900073 1640663902596 2523
aba16e5cd945d8f13dbbee4cd77d0eab36f715c645a5d8824f2a1b8a12af3d49 1640663934743 1640663938777 4034
c6ba8206b658b410ea03d82a6e93567696676f52e4c57aa18f8bddc2837cc278 1640663969775 1640663971805 2030
4ae6e47216cb7d951130b4772f0f9c78222061ec46d57feb2dd8e77003972305 1640664005054 1640664007888 2834
2bd64a0fcb9e7d64b9b6b53d4dc5c74ee92d092c8390329cbaae8ac36c54f613 1640664039501 1640664044211 4710
7774e2ee2b064aba5a762dd06abf9deda315d19f2ae10df87f1a86f5e5774f02 1640664074256 1640664075318 1062
c5e7e080e905752f36d05d5b34655afc083f91a34ec38ec35108cde03386adca 1640664108904 1640664110694 1790
5689399d0a071e81a09fbb667fff82f4065e49cfc06e9f44c4c8ae3cad2e4dae 1640664143328 1640664145359 2031
06a1457e0f587c433c9bf72dac248283e538685655c367ebb345f1c24d69f6d7 1640664177970 1640664183155 5185
5763e776c4f99841e5c93bb79970533315e025ed91cdd2fe928846f88a51c920 1640664212603 1640664215531 2928
76722d7942bd807c447a6a63d86eeb84465d190b04295d862f75ec0c63873de9 1640664248086 1640664250061 1975
de05f396eb06d19f8486f6180cb0c89da3f42a412393d9db2f5faea23c146bdf 1640664282893 1640664284645 1752
b9f1e9cbc23c429527df73170ab2e668914f4fc7c98bb5ca71e8d3261909d282 1640664317995 1640664322945 4950
05fc45a745a0bf0eaf8792eb0951951a66c92e7cfdcd21a468c4f88a5b0b57bf 1640664352976 1640664355276 2300
08bf75f9ea2738f21e50e8069e1623375d31291371521bdc03619e3852329643 1640664387819 1640664391758 3939
