e2a66b1c493098171a34992d792aac663f9f310bcb2d8e2506b726e3e1efbe8e 1640663726734 1640663731966 5232
7001112ad2a919731a2391da5d16a8d51f825508a2996645e4a0f577f239a18a 1640663761494 1640663766959 5465
49ac7d3714f456ea2694a0a6ca5aa834b3f208140c030c979a92640cf290b526 1640663796424 1640663800079 3655
caf0d8a7327a0e6e731ff6a35342dcd45ad0bd3dea060a74d04cf5fc88554103 1640663831106 1640663835184 4078
ec826e9c61c0df1e50e370505e7bc598ff196ca88755f5a7b505f55a15609d03 1640663865503 1640663870426 4923
4d181a3f045434f6e2cc41468a9aca1ec9549ec55e9b4339f5c8da8c672332a7 1640663900091 1640663904425 4334
59c106431cce7320cd528287e35345d9144fc9f35e94e062db651bef2907efe6 1640663934764 1640663938803 4039
2580074ddeea9164ca42a77b29fc92ccd04a50fa0770e0c2c02bf73a1f06b349 1640663969796 1640663972703 2907
e49b01dd56c09e4120badaf62d7c90b92689ba9fc9ec90a3f64b15530e42b803 1640664005074 1640664010097 5023
1242bd8b0f5fa8b95c72e6a51a5ab0dd74d9df1ab3c9ee31f72e12c47325fe8e 1640664039522 1640664042070 2548
1cab673a13f28f1e089cc9845879d2fb23afd193f50ffe91fa4a35e89ed7ecd3 1640664074275 1640664079400 5125
5f5c28a2748e568861a8182ed45d444a34326db43f230d730c335e4d3616fe8a 1640664108924 1640664114417 5493
bbce0ed2d8aa06c77a7dc218403484c1024a3cf8361f8ae5056dcaf29b6bc97a 1640664143349 1640664148411 5062
e2e2cd1a90bda507be0f7d7fd900f447b733d15a8c0aa01549eba414911e67bb 1640664177992 1640664181662 3670
d7648da7acfc4ff216cc9ca1f09b389c6470ed890a67a60fc2b3884667334275 1640664212624 1640664217712 5088
38e412e77b4ea30b8ceea07000787942d33c81b9dbca21e5ffb0702f3aaf41f7 1640664248108 1640664253337 5229
b1346c7735901f57162a2ed59fc95124b2b543eb598e1fa7b701671431fc05d3 1640664282914 1640664287919 5005
c65a60667ea2e1b29014bf3ef72ca0b03430706f9bc7e8a77e11fa6dc972d77f 1640664318015 1640664321394 3379
3a0e041d9284de3356dd3502ab1c22fda2e514410a9507db73ade019e02d9bd6 1640664352996 1640664357658 4662
497b8d61c625afdda0ee8c7bfad5077154b3695cc37cf27f45968ad5168b5727 1640664387838 1640664393139 5301
