ca135e93c950dd01c7225d819df7fb870c92438bb53de1ebc539be1671692b55 1640663726730 1640663730509 3779
fabed07f99cb1bb1fa2a17f74281b47f6fef28ec65c3bc6f5e95f4be26d3cd90 1640663761491 1640663765955 4464
e34cc43330cfe8991f55fe50b3770106e51cdf6390e2c6f1b7158d0965fc9c1f 1640663796418 1640663801883 5465
1ca61f3e91baee5a00c8fa6c88bac908075ad3a5948cfd97d0a63546adba7404 1640663831105 1640663835253 4148
31f037d5ef7adf706ee23b529f3319e5d292ece1c5b6f9508ac5dbe6345b9a41 1640663865502 1640663870242 4740
d514b8d63d8575000d855861cc62f99e8dbe81e2a47f0ae141ed464e8975926e 1640663900089 1640663903464 3375
223c9c2770306298d275cce9a4724dcff270f256ab716df0dcdba9ebb3068160 1640663934759 1640663938686 3927
fd54c70d9917d49561c54097ada8e5298f8038027f99d5d8ca9534f5431fcb6d 1640663969792 1640663974572 4780
db083154c9fbda5b1b74f640c03c14f791f1e29c4ae910afaa0ec440b7fbf429 1640664005070 1640664008469 3399
57350dbbb4c3aaffd58982a596320c953dc91f6a71f0dfb14216272660cd5407 1640664039518 1640664043295 3777
a47c6d1e59ca9ba815893fefdb01d8d3e5b0aa59ecf48f8406306432224b3a43 1640664074271 1640664079051 4780
33d8ba94eee62487c2bdf59474449d6269a5156b44bfa94394d4b638a8609ad5 1640664108920 1640664113202 4282
4dd38b701e600edec7f864af0c366f0cbdee18a74cd2857877508744947700a4 1640664143344 1640664148136 4792
4ca8b5d907b89cfa25456c9d44633778cafe896d92a07de5ff4083754a83a078 1640664177988 1640664183321 5333
720aeb020fd84700b870c35f030c58698d3b52ff20273a7824133fb944131203 1640664212619 1640664217829 5210
31d7b869cc2875fb1ddf1ee8a84452ba1985ca7e189deefb6d1836eead2b9fac 1640664248103 1640664250785 2682
041206380399500767270b17dddd13359c6d783bcbbeec7295655e3ddf42f3d0 1640664282908 1640664286573 3665
9c309b1a0e68a27487a26f0b41ad716f2b1282eaca5c5780f1c3b2295e3f7f01 1640664318011 1640664322819 4808
44e25bd834518e205b0500afcdc8cd381810cdfe7b39bf7e6c7ed9d9f434121f 1640664352993 1640664355872 2879
4eba4cc6fb7263b7d45a2c09480588f4b805dec724dbf5d8724aa0bd87ef593c 1640664387834 1640664391251 3417
