364cbb5e02e08cdf39f21c61d237a133f080754b7ec9a72f0aeb2b56fc0ffe34 1640340887125 1640340892026 4901
5ee53a713b6c97119406aac9d961ead628893281f6abe3734de3dcbb5a639fad 1640340986329 1640340993178 6849
79759fc524dc9b0a57b61899efb1d83f5782c1a61a280ac7a40a579c144c043d 1640341100051 1640341102675 2624
91965dcf04f87afe47fe5eaf87e607dba87edeb29134e13777518f69c2c42fab 1640341216105 1640341224048 7943
8320e665202fcd3262a990966750efb6e8923504df581d651d93b2e009d596b4 1640341332234 1640341334996 2762
713fd3f60da02c50864dbe482e539c1ed3ceb5f559b4ea58a6bec3dee29cc24b 1640341448153 1640341452988 4835
26f2cb2d215b02f8826d5e8b454280d5f967fdbbaadda9d22bda66b7e1c9d276 1640341563566 1640341569459 5893
d7373fb541cdeb53be20d71e838391700882396b0d89b473f9fac4694ef8c1b0 1640341679234 1640341684416 5182
259b5d0aaa62b65563d7ad8900976fd7fc2f1ba523c1367d77887a9b73c3a510 1640341795672 1640341798123 2451
370d158018d476a3dec7a753ea93727d02665e087bbd1b6ca51f792b8fde3083 1640341912129 1640341926941 14812
4ea98b96866f67d4b7c615d1ece3acf323f0c7c7aedaa58ea2226506005c9892 1640342028718 1640342040521 11803
1ce0c10b99975b9be6ba2c37f301c5db93388bd8faa016e6733fc43194298c35 1640342144963 1640342150643 5680
8cfd0a944f7871aa1499257bbb0344faf693b02ccf9965bcbc1443c05ee58b5c 1640342262811 1640342267875 5064
99934e490d5f7540920fa0d1c4340dce45c0f12e27f01b0f84fbc7b6a7b8b9c7 1640342380348 1640342385337 4989
7eb560a841f8a84384b56b44181b6e96e3f4da40c41009162567cf8f92b0b08f 1640342498217 1640342500999 2782
5044a4ce7cf3146d0e9b752030f6bdfe328b28b8fe8f10c72952712aecc1e508 1640342616696 1640342620611 3915
94c52757292a9d6397d5a159d5c0883b4aaf3d58bffba54f270ad4741d107844 1640342734167 1640342739848 5681
8d918f712286ad7b1754c22e69484e21722a8e17779d78d87fec73fd838c558c 1640342852611 1640342855505 2894
7e905df10412d5b028e6e1dcbfba19db680c9dc5ca4416b84801a0c86678202b 1640342970334 1640342974920 4586
b7f7eefb65f02ebaac0800b2e70cd09f32db2f2e9a11deb3f9f0afba3b27832d 1640343088918 1640343093261 4343
