1a13e91f705bd8e68d39a739c8742ac91fad12faa7ab1ab1f9e3a575e5d9d7c9 1640340887158 1640340948373 61215
767569936ceb4ba16acfc9eacd1b072afa1939c7a5d4532ec102e6a48d430d04 1640340986358 1640341039526 53168
4ed4eb9ae34912999b0b7a5fbb66f9dcd1d845c2f4155d150c26664f3a8af6a9 1640341100082 1640341152766 52684
fc6097965f2b06cfd51e3eaec587ed6d40de30135eb89daf5c0102c72824b168 1640341216157 1640341296054 79897
342c230903b1674cdfc4d221e6fa51278db2bd9fafc6fd99720d7ba6520e9f18 1640341332276 1640341413694 81418
ac3ae861d06cd3df4aff536b69110cd29098d762c34fe51ab75ad6c7eb21cf07 1640341448187 1640341501534 53347
06ab25d44abb5cc55b1c585b10cd663bf33a629e71167244910da36918192504 1640341563602 1640341616884 53282
49b7b1dcd793c861718146f6ef968195a3dcc16f847ca8b24b1f8736f1f74292 1640341679269 1640341739531 60262
9e442173fdc9676c3768d3d486fdfa516deaa33af45e29abd7c442b0c53979f7 1640341795708 1640341859957 64249
b9ea49e2870b33cbcc5cd49af4e39a79f05d7206b307eaf725d8078506189140 1640341912168 1640341958262 46094
03639a6b01f6948eec9610c8548ad36eb0965ffc4ed2cff8f2b4aaaaff36cd6f 1640342028757 1640342090315 61558
e1dadca5c9f6c128ff96609116e128d762a2185301949a9b876d7f715dd3b150 1640342145002 1640342206390 61388
468bca5d84fb1f065668a958ff8931b65e50f41e726dd487be8794fedb683f93 1640342262850 1640342343507 80657
91e9ef2439956534a147d0a79c4f19157c569f8bc2ec07b752872dfd4e3ecf49 1640342380386 1640342444021 63635
5d14c4cb4769942e8b82ced4340e188695e803368d703e5f4a392b2370359047 1640342498257 1640342561032 62775
aa02431bfcfa64e576c92ecdd6727d937d5b8ec22efd12aafcf6763ad071c9eb 1640342616733 1640342671527 54794
32147f278fed61f0a547a4f38d31fd35356b4759f8528642915bf7effdd6a328 1640342734210 1640342791070 56860
7bec772efc8c6e605a3a580957f75301cf5de2be0eb53e001fca5c94ca8d069e 1640342852659 1640342917403 64744
9dc71025da9fe9692a633c8dcd6fddd4ac027235122cae0860365b3d29a17037 1640342970379 1640343033566 63187
6baa3f46fc5b08b17703b4f1079cbf0bb14c8d1696e33713042bee2ccc6b0350 1640343088960 1640343160328 71368
