45fa63f7daeaa7343a793929ca335a9f058e08ca880d19a98d8609e7ee6b769b 1640340887157 1640340954962 67805
addb4089945ebf241623567a70b41846eefdbd5dba50cbca2b5cb37095f5f1c2 1640340986362 1640341053894 67532
7890f8a3204646e30b5418c10d1546ef7157aa9c97bb4c3757569e22b4748bdd 1640341100091 1640341186992 86901
33293e925321b55c7ff0ef005b59f09df4a18cdde094f0b980aeff6b3ae7fde0 1640341216145 1640341252532 36387
528b7e23b59bdd299794260776f948ef249f18ee126d6769420f33a201941d67 1640341332270 1640341403507 71237
154a43da2be5ed10fdc5c4b55a0d1113fe8dfce9f6a78e94fa0d531d558aed13 1640341448189 1640341494486 46297
94e759a0c8ef46126500f41085edf67ea796098d9f2c301efa5ea43611db342c 1640341563607 1640341633875 70268
61cd45d36e8cd8028af7bb75b7198a63924bb9ed0945f4305f00c10ba53fc1d8 1640341679275 1640341742021 62746
cb38fb1fd10e3eac4331e0befc9aa25226625b31cb9e4322b0fdbfcc5f000fd7 1640341795711 1640341850592 54881
6bfba5f2f9608a64c9dd49d16d04a4bdc644cb61c43518f7cd8d6a57996782a3 1640341912195 1640341982753 70558
4ce1b4957f2a81176a4d6a886c29e6dae733e6ea1cbdca3cb5205c5be809548d 1640342028757 1640342089822 61065
2ae66a4b0e27e03b8661ebd1c44df59ddeba74c48077262422b3b60a03bc7567 1640342145007 1640342217795 72788
7ccbc0483a3c22ecbfee9bdd15e1863837dcbc804ee8e00c1ebaa53f73fbd91a 1640342262848 1640342322173 59325
33a5b7f7ecef548ffa41a89924eeb1fb1d80edd1f427f7b79a63235b54641d68 1640342380390 1640342449730 69340
f42125de124cccfff201994ce765ee56ee320208b34a3245160ac706490dca44 1640342498260 1640342561532 63272
33757a69011b9cfe600732bfcc2fac5679778c583d547edbebf738b6a69befce 1640342616732 1640342681493 64761
6dd70dcb555b11463fee6a970e0caf94d256b71dbade26b5503436942a830e3c 1640342734207 1640342789591 55384
d4a9cad6e212d5750da330f728ae86a591e0356a67fb6f84b0405f20423becba 1640342852654 1640342918786 66132
888583d853e1fcbde394fc9451133c28ab765b62086f0463194445115d9da62e 1640342970378 1640343035677 65299
41dff8d2ed1dd69885f15463f245fd4768651a27b08ae937bfe6579774c2e060 1640343088961 1640343164572 75611
