36155edf600a314556093d9035abc1d2a80f5647258a41e84af142076208e084 1640340887139 1640340911955 24816
913d5f6f215a76d5e82151b0b2219107fee18b8b0736105bed73340a00d2ffba 1640340986344 1640341015775 29431
22ff17d9ee6913698a8b912270e38d70d3192e546a11f64f3861198f08fb8079 1640341100066 1640341130532 30466
3741941c039f5a9efcf817bf9dae5c89ff39404fba28af4eb7d16bbbbe5425eb 1640341216118 1640341250785 34667
f8f2dfff86597d0e1597d95216a224c36c243040abd041fcba36d3f4ad4db7c6 1640341332251 1640341358779 26528
73d39e54a5f47a0a0578bfd5fa3a2f7e58cf3e5c48514556f4778a0731dea0d1 1640341448183 1640341523066 74883
015c6a329c2dd3d330b4d0d7509a6003b39a17fa0278a2121e699625e2bb41d5 1640341563584 1640341621737 58153
1efc4c54835cea700b8dbe40a42a49d4fd4d182051424d7801fe28f292d66c64 1640341679251 1640341724725 45474
385527d368297dd7aeb671a62f701e7cd6d51fe5d529fa24cf751c3272da2347 1640341795687 1640341818177 22490
10b9936e05cb5ed4c86a504595958cd616db4c2d05f84e89b348ce4d12fc8acc 1640341912148 1640341933910 21762
aa13d8d8d3e57c79be4cdf7fa881c61948a272b878cbd07f00daa7c950b92545 1640342028732 1640342061876 33144
ccdf1fcb6bce9cae77476cb44a42ea10cf60bb5d71fed5b17b14c641493bf615 1640342144985 1640342178397 33412
31bba24ac1c1f8f3412742eaef32cbfc3e4a8805d533390df66b01910db5da2e 1640342262832 1640342303682 40850
202d42f2d209e326f9d0394984e87ecd7079f58daad8c7d7348e4ee52a6abc83 1640342380368 1640342412985 32617
48204cde299cabc93dc4a43e76ddb68822a0085ccc832758e60a93eee838ae8a 1640342498235 1640342527096 28861
2611b36bac5b8c403c768a643b2642de7925e4472a89a7acc9476a404124522e 1640342616714 1640342652881 36167
c88d9561d5955b948185d7d9ee92dc8675f7b04296db0449ac386656f9272468 1640342734184 1640342761292 27108
c2eb0186685174206df121b1b6919c328fe8ab14aa31a298fc919348a7c55ba1 1640342852635 1640342887540 34905
05ac27ebf0693c6579287a96762aa659ce56b88f8f5173a50fb567e190da5c8f 1640342970364 1640343013627 43263
9ba43ba9277e0589af2fcdeac61421a9bcce2d7b5d13e20c24391424a9f01b87 1640343088937 1640343120913 31976
