327cc1dab51173be277ee60d1555d4a8e02a89369c861f4dc740292855e6d408 1640340887144 1640340919329 32185
ed8331b9fcc4c23b11e11cb4507af30a9c28b466cb6f81f4db9d627eaf6b927d 1640340986349 1640341013721 27372
19c3530d126e92c5e1f4fcfefcabd2b61b56b6b1092cc1fc047dfe6fd53f4bc1 1640341100068 1640341120113 20045
28b3d2344f6dfef42bc11968f37c097b63db28884c8dd10272e6369daab01ec1 1640341216122 1640341287549 71427
6cca40c7fe1f221bc3a168a52e94dd561cfd532986a012d2fe77bcbb51ded3e2 1640341332256 1640341378513 46257
290d77e81c13205a641764280d558d70c58695cd5562ba16ddaa5ba17f20069f 1640341448172 1640341479867 31695
81926f452767961725af782855b38fbb0ea9305868a654c1d9374248593c26c9 1640341563584 1640341593898 30314
3a7cd46796f9a87a7c4ead46f641d38618c4dbc22fc1be10a2c843f8f4b39a5d 1640341679267 1640341736104 56837
5f132fd5fdec14d4e91bd6ec6854bfbe46018cd5332377979131035dc7770e6d 1640341795693 1640341842619 46926
86fef9dd8599796a39209dccade6c462f6f115878896859442e16d50b8d03a23 1640341912153 1640341946179 34026
fa09cbaf589add0aea3df524995b605cf928522cdb7305e026bd81992075aab5 1640342028739 1640342063617 34878
a0b488b7537a5a80be93c4a270f43045adb9d9a4f8877ac2a0d65045dde251fe 1640342144983 1640342176670 31687
27273614f0d0a2bc140a48eba6a53313f66d81ef303ba8f5c4c60c9cd38f10dd 1640342262833 1640342304595 41762
bcf261c91db4cdd18a09f59f70c0bc2d9c88d2d9ae148aa49075114935d7cc38 1640342380375 1640342422317 41942
8113670fdc1fb6f5aa2cd411a5d3843ac49c1861c9e887b74ec0f6429a030221 1640342498240 1640342527517 29277
63275e0a8094cb45af9c5fec2c317e47f60a5c8d2bbc0806c2414a10f99d236d 1640342616721 1640342684098 67377
0c7ec33c84b36b8579f3d145bea917dfec8b46a72538347b5e9c36d6c5afc3f1 1640342734189 1640342771799 37610
620acfe34b951c77a99b8eb61e044eb12fdbe80b0e5e5bcacc8650586d80654b 1640342852632 1640342886224 33592
9de52b4e8cb782fd46ced43eccc18dcfc6489057db08ef7e46e6d36a70441e64 1640342970362 1640343010385 40023
31103eb7fddeff4d6451ba3b741fb81e1a0e027764146a6014fddcf35b1245e3 1640343088943 1640343131515 42572
