c99932f73608cdc12c26d1ae3697cd90917a428b874832b8cbe82f5ffa0e90ed 1640340887127 1640340892737 5610
a46b007542bcce5521cea5f270b0f13830201f809d22c77d8133144a27e0fb0e 1640340986331 1640340995746 9415
aa7314d69e9d0ebc25fd7e3767b8066217d4c6f126f7d4ed750f09fe4b0a6406 1640341100053 1640341108962 8909
76227e3b01f6e0bf7ff6edf14fa80fe96a7c5bad2a378361b5f7cee2c10d4ab2 1640341216107 1640341229148 13041
0573f95df642a82181e7fb3f4b3974e97b467d66f3442f53a5c9d97da4e1ffb8 1640341332237 1640341347899 15662
030e27d9cff0b8d7931f327b763c03454db9621c6c005aa81724868b6b029b5d 1640341448156 1640341456939 8783
3511c9af1c2cf661831bcded9174b56f52f87382213d91ecd237777f91eb5e4c 1640341563569 1640341576989 13420
fd1f8d4257fe4416c3532a0310a8f1fbfe0f14afb42812954e632d842519bbd5 1640341679237 1640341691606 12369
2929c757879b94b4b2093907fbe32fd9b2a4853cdd42cb63c88816b1d6c80a62 1640341795674 1640341803782 8108
b0a303629b70ea4620c5baeb52dd210db6c481825b95b014e4c25324f88f915a 1640341912132 1640341934703 22571
aee31630fc001051b84b8c4c3d40a270dc8babd4fc0c29e838935c30eed767af 1640342028720 1640342035445 6725
f7e460309083af0cb1c9b3dca91e98871fc69ec1ea15796c19ab599bc63fbe96 1640342144966 1640342153163 8197
21b4e84948e79aff87565ae6cce4ff124efa4654de91f52b823651931ce2e33b 1640342262814 1640342268958 6144
181463e7394588a11a2ea572760c3aac39fea93c6b4f394ef7ae46a5c1318758 1640342380352 1640342390395 10043
b8762aff36602e67a6e6f691b5bf4c767a75bb07d3f2d97f88acad184b1ba7d4 1640342498220 1640342508202 9982
a95a6cee2bec2bef363d1bd14d656cc7dbfad21b71002d9449d0054c26ffe80d 1640342616699 1640342631634 14935
4c7042714a1d8f7e83b7cf4e8fd057ae545fbaf20442dd94fd0e76743bdd85cd 1640342734170 1640342748464 14294
1cf087e52c256cdc219af9f9579315f1cde79e8ae4d6c77d67b3799d0cf2858c 1640342852615 1640342862969 10354
d356413a57084c2ae39131190ca7c297f27c78c25a895a2bd987608df0815549 1640342970337 1640342982699 12362
dc4febbb1355a02d501f9750f00633bce15b34459650cc93e908d0a58b0446d9 1640343088922 1640343107739 18817
