cd1df3c0a64b83d969dd88febcb59ed8f2ed99498c7c4800d8ec2edd3fdb7acf 1640340887124 1640340891289 4165
1908eeb747183455acac7120aef0471f8c368d5aa9dec69332ffd6a35f818b3f 1640340986328 1640340990123 3795
442d7a8bb9f156017e312f6c634d2c9b3f80cdcef3ee272c1b2fba5aeecd299f 1640341100049 1640341104023 3974
4e707540ebd44742f3b990579a871349ae4e477e29012829fa2aefb54d2bd3da 1640341216103 1640341218169 2066
3bf2bef900ce38579bcdd643539ee917ff09b02eff2677fb61ec0802229b1866 1640341332232 1640341337073 4841
b2ff6283954de4ee4c0ab30b811eec256c1ad3342aeb56e37fd313337e6aa6e8 1640341448152 1640341449189 1037
103b107ee654cbaa7bb3c8625f77ad495b9f723b31982ae8f133fe8e41970738 1640341563565 1640341567030 3465
0ac788e9d496b0c46ecd3c79fc6c8a969884a1737f5572ac388094d64c4f89bc 1640341679233 1640341683710 4477
e8a6fcde5548d34b9fab5b098bbeef5d1baf7e75f955eabb3b7e4999ebc3d3b3 1640341795670 1640341796375 705
5c5a3401c1a997ff6116041e4e8a5ec46e6bb34d7c85ffbd1e25cbfbde53e8a6 1640341912127 1640341914279 2152
df980e948f25322d52a6f3d6ef711667ca996ddc7a51b17c621b21924bf38485 1640342028716 1640342032427 3711
9943db2633532aef6bf113ae3b0828a80d513b7398fccc863acdbe461e7fd8fd 1640342144962 1640342145661 699
e23a4d089dc2b92621aa05b0526dbf58501bcf9a18efddd72c23f15d458e8a58 1640342262809 1640342265387 2578
6c736be9714055c179ea30c1d01ca528797a99d8f784f82d8a6bdedeb9ba70e8 1640342380347 1640342381787 1440
006b8d13e04bf295b68ffb2aa8b97cca35db0976ae45260774d0dd465a592dda 1640342498216 1640342506008 7792
a34f5978447af4facb1fa20fd518260069b5300c7ef4e03a1530f468cf77873f 1640342616695 1640342621676 4981
3d9d991a186efae46fc94517f0001dca4e015e62b663866eed0fc3568458f092 1640342734166 1640342740604 6438
14e99c72af49f2d0e5f6794da617de600969a263966c4f759dde6d8ff6af8bfa 1640342852610 1640342856983 4373
804a4e4a73fdbd219425a7b270268968f7d42e2d0c2ec48d8bb0b2cb0f6e1da7 1640342970333 1640342971377 1044
4717841a760846aa27cd1951429a1dcf9a3d5f30352dd3dd2228baa4d6f1930e 1640343088917 1640343090333 1416
