0f28ad14e6102ec5c69f72a8491a5e2b170081b065438622b0b476e582836d68 1640340887156 1640340943962 56806
db5222e4ed3a7fcc731cc6332cc766403a3c48060999283b4af48eb11e602030 1640340986370 1640341068750 82380
0dd13b8e8389a111fbaaebb215ffbc965bd270cc7f69cc20b95899eb18212134 1640341100092 1640341178201 78109
9f3aed38be4cc34d14fc9965619166e6c56bcea442cac623ba6537dfa22645f7 1640341216144 1640341257895 41751
d875eb46b1bbe1adcb4b8fbf443bf3fdf3e63a4b367b53baced3b879063e5ab0 1640341332275 1640341394818 62543
41d19f91103aeab6e6366524473445634a723f15984b94c24fef88d119b0b3c3 1640341448187 1640341525214 77027
23b538636daa0213c034b05d03e9b29b814e8c050dee2e1e4d4212d99eb0085e 1640341563605 1640341625737 62132
61249316e538cf70fdc1396e2d1b802a569274d9473c6bbb22c4445435fb54c9 1640341679270 1640341749724 70454
fa3491fc92973f7392761a5634260ecc2947d105e788cd30202bc3f2c1f78a53 1640341795706 1640341852039 56333
2c1fefb54b51f0aef1b82579ba16bca64a9b531ca6011f6554e0fa57565e4356 1640341912172 1640341969681 57509
29aeda7d9a75c6c65bbb4c884b4a28f8a24d65f650bacaf217dc011824f9dcb1 1640342028763 1640342098492 69729
253f962ec0b831603d98fdc6d40807b44a5480ff007913ed83adff30240bf997 1640342145002 1640342213040 68038
f917441b07e1be339344e634a6c9964c534306717d5d0e337d1196122ed6ed31 1640342262854 1640342331265 68411
d5bb2164dffcde635adc180f7ac9068eed3155b39169ff8357c99f96d3f4d2ab 1640342380395 1640342449218 68823
625bc8fd41968ddce031f233b7bdaf6c78746d788fa0ac42e881089cc7eeef82 1640342498258 1640342555500 57242
bcd45cb2fda2952ba67c4718d9504601b9888d5aa45b7f9e13d6df851864e26e 1640342616732 1640342671030 54298
236e9bac46207685ff13aeaafed48512f3aa4c22f85787e0fcbe3fcc36143cc8 1640342734209 1640342801777 67568
71f8ac782e794577a1f0d4647e6176f9a7820e9ca56cfd52d5177725b8d4a413 1640342852659 1640342914882 62223
45d723789053e9d3c62646382beeac02298218e9c0847b27bfe653ab5568c2b6 1640342970382 1640343038799 68417
3a84d870616ab64094c57ad8186b1b7ac7f1ab90e480fead24f61383d73350f4 1640343088960 1640343167250 78290
