92648296f3d2ca2217561a4fa52e59f62b528020ac6bf7fb6a79a670521acc6d 1640782855433 1640782855552 119
77ccc40be3efa9950100ee15ac27746f8786c8e70ab82305c65fc2753f1f7b77 1640782856210 1640782856332 122
accc3eb6764a8fe61a448343978b6c2294654f4d326c611d6d35aa6d0a27af66 1640782857028 1640782857145 117
64dd9e05b84a3a156072ee6a1a4cd4d0d29fac8b7bfd6f9ed3cbeb16923e6849 1640782857727 1640782857854 127
d661b13f641c769e01bacb9eac1b6b5d374b669b554c4bd19c12b70b27411307 1640782858471 1640782858593 122
6df4b7abc7eeb144d170b1937e6e5709d999bf04e76b201d9bbd829f8d235ba7 1640782859255 1640782859387 132
07846b523edad4ec9a4ca49ddf05a1c61cf4eb13cb247f60855549f311e4a571 1640782860004 1640782860124 120
d814d8f40dbeb2fceae7586d43699df9f6e6c5d4db516807e66b3ac38aa667ab 1640782860793 1640782860919 126
62aca04be57a3c5245e9bcb3d682535abbe8eb9b03f80fc6b1d4d2bf63bcee05 1640782861489 1640782861608 119
29bd3a1b23ee512ae7a9eb75ca5cba38b01863620dff34ac822f32d911cb68e0 1640782862295 1640782862409 114
c225b29c3ed62a2897fe6ee74b0a1a4b594969de79c0f749901235ccd61c2790 1640782863152 1640782863273 121
03bf68ed6a3fe1f8654232dd37641983f34d40407fadbbf91cf27ae15e83645a 1640782863905 1640782864026 121
d797aadedd0de88764609b4b609cd10411dc896bb65f7a30b04e7597d3af7467 1640782864672 1640782864810 138
3158265f21268658eb128037c652db10f32fec923db1870c498635beaaec0c6f 1640782865422 1640782865531 109
cbecf7184b19da084d270dbe43afb2a4899ed8d1a25c830bf867dab14f6c9837 1640782866139 1640782866251 112
2766ae01f6742cf8bb9bdeeaf291f171aab2259d677e81d9f3067859ef7c63b6 1640782866943 1640782867065 122
8b4804f5e6293a882b7ccbfb6b763a68c8f1534dc566e4ace6ccacfba3e1ad18 1640782867702 1640782867851 149
cf18598dc400a30404601ac947cd5317481d26e545aec172e8159ced5c6bea49 1640782868437 1640782868599 162
d6ee29b532914c26e3b826fdc8e442c80e703a870c82b8fe71825d7b7587dd0d 1640782869312 1640782869421 109
24673b1446b794bcbdad4f8985ffb1dc36cf8cddf68b8f43d3f85b6fb3b2900c 1640782870053 1640782870173 120
