e045d6a25bbd13aa766b49f71270d9c41c17851b9a52f4bf67e9390cdd9c1954 1640782855433 1640782855546 113
1a4fbbc80979f6a9ed0fd4f66209c018534bfb4e5fef9353c4c35403eedb3840 1640782856210 1640782856318 108
19887de53c7eaea68ac6a78cbf8dab0d6975e2c105581df924e2e72f7ee62b20 1640782857027 1640782857142 115
f61fe079f4d85a2ec1d5663c0c3da866616db10db40bc0cbdcb2162634b1af81 1640782857727 1640782857854 127
1ff249f7f6f69e5803f4c2722412fbb0e2904f97fcca5a6b673f34121238ba30 1640782858470 1640782858599 129
16c2d68d2454f0c3f5459012c9d372bcbd12907cd684b87e5084820d151031f6 1640782859254 1640782859385 131
d9efd7b8a39d51462a10d5be30ca259880d07ea0ac8d3dc236e48cc8fd4f2daa 1640782860003 1640782860124 121
444c6c0688d4d5dfd2a42e38a3c41ab58da9b038d0d3188d44d44dabe4f081a8 1640782860793 1640782860918 125
16598afd998eef13544d57c0c52c1daaaff97b78823b06aee73855f205da8985 1640782861489 1640782861597 108
62e969e80cc020fc079c12f02205547032b20170f2e820d87ae68095ed962440 1640782862295 1640782862420 125
f10a7bf7a8dd6691df9779c9e488c4c1633db76a91914ee1094e724738fedcf7 1640782863151 1640782863274 123
1d99679c48bcae51b171b02cefb4bc0b819c131cf9c0c1b33fee42a1f3b3ecb4 1640782863905 1640782864025 120
cfe6836150f651dc9044242a26481fa1a758d5ad845fbb9fc9f20ade0f503e5d 1640782864672 1640782864810 138
b1c11c793725da87c050992cf43658dbc7d935171cad984300d75194e9bdadc6 1640782865422 1640782865544 122
3509731531a4f029edcf47974523e1a7401fcc002b65dca59592d8836c974553 1640782866138 1640782866254 116
cac991d9cd8f689deebfc88d932fa0f1dcd71eecbb06079fba55785c8ca0580a 1640782866943 1640782867067 124
7df192f61ae4ec5cc271e7cf3c0b10a3b4810da0fae3bfea79dfc5f4aa6734b2 1640782867702 1640782867838 136
a0de6353d8787d3ec477bf64c6af76baa7119be5d7a8d795a7cbc8d70800e2d8 1640782868437 1640782868554 117
f6cfd79c84977588233ae74faf1bf2960eb6a368ba35a95137c970f485921670 1640782869312 1640782869422 110
854cb3ae62e80ab6b31032ec5da6a9396c703e936e50598eb2fea674d08fe6e7 1640782870053 1640782870173 120
