55a2a90895ac23030ffdc5d327a4ab217604cfab435911ba447813770cf693b9 1640666515435 1640666562394 46959
df71fcfea4f0528bcc7f82147d55e57181453973635b2f1ae5ea50e7fc208524 1640666631545 1640666684615 53070
f2568347858eab26461780e7636d90d35711987cd1f3e8fc96585d76e539370c 1640666750163 1640666779136 28973
63cb4b07782f711374c29bea61516253d4a372dadf80136b1b1bd66189723152 1640666867188 1640666912055 44867
0fd37d57faf06c5426620432d3a1b7b1d45b0b8d1367804d0c18617957356a6c 1640666977880 1640667027933 50053
6745af7fba0f4c8c90c5c94d93a04e594d78cc78b753bf50c4a46859eba0405f 1640667093812 1640667136937 43125
ed51e2d1646ed555e2f982a17ab11846e789c50c27f93b422eac83fc47bb9667 1640667201610 1640667253794 52184
ac029b5f267ef3dac6e12f3a1e620102f7f34aa7c892bc4e83ded5bc8919dbf0 1640667318949 1640667363417 44468
86feda2858a5ce85e3838076215e756f16488bca9fbdb62fc12fb692a1a56988 1640667435576 1640667478272 42696
8a6f640e260f33ce21dfbc02c9a69411ec4f4037ab1a8572a0b1a650d09bbe32 1640667549435 1640667589937 40502
56ca0b135b8710658e888403a8d97636dc99c2910bffcbd1632d8157b54f07c8 1640667666375 1640667722828 56453
992c0c650dfec3f6a1acf1f94eefa54f6502304ff73e95a5ed02cc4a6e90b61a 1640667787764 1640667836263 48499
f2740d3827b374f4373b6fe2e93301fc77c43e3a9c4557a0ad10362f439c7a26 1640667900622 1640667951238 50616
321eca24e02601a35d1db3ec6fcd65c5bf350f0eee8af2a6e52e52577fea6038 1640668016320 1640668070265 53945
df807541855a2e2c561e3dfc15e27a779a555c2890ceaa1145cb6e11fc5ed758 1640668136882 1640668191276 54394
ffcfb7e0ca42c342d396194c49e181daf7849cb79315140b6089d27cdf66115e 1640668256710 1640668303948 47238
0babf3f8f9a0b3eaa9f19280982f3e67db78f90166beb9a3abe71869fbdf4490 1640668370929 1640668419373 48444
14473e032743be84b3703403715f83627cee3ebb65f31adc513674662bef5e6f 1640668484596 1640668524265 39669
c36eca30e22668a1300582452c404732788cdf6a55ab0edb06072dbf53a0bcf0 1640668597941 1640668646657 48716
166827d7e3245a8fa2508f7c9dafbfabd3c9cde6d8d2a10d4e1c236be398b461 1640668717010 1640668754913 37903
