13bf8b0eda554650f9db6a16c585a6c778bad47c1b3972d3bdb0356a59a33be2 1640666515414 1640666543517 28103
f2bc36b1a101b88ba4ef43050a404386c9cceb67a90414964fb557be35f2a772 1640666631522 1640666659545 28023
6cba9b12fa4328203ad3dd4c1f57531c9244a5402217eb96cbe57de6360596f8 1640666750142 1640666779246 29104
3a24682a66de42f9a59f1c50ab3b568f2d84b55bf74ebe6320256dc0c24d72b7 1640666867166 1640666912053 44887
1707d6ca4c476b5cecca55f1453961d08ff5c6ea5deb66afad7be5924cf51045 1640666977855 1640667004780 26925
a152619fd3a97a58bc5422192a04d1399e8aaff49e07ac07290876173bbd937a 1640667093786 1640667105497 11711
d2ee136b335d07af8673ca65d7ab7f0ec18524a1312478e1c4a51eb166168086 1640667201580 1640667253175 51595
b8fd19d90859b8677b06c8e033354bc02628a208343b2cc1043c16184dea663f 1640667318916 1640667349110 30194
1ef4304201b76cbc4b56a9e853fc9f9f7b2f4f4156367cb4f49ea1a327f75fe3 1640667435544 1640667451192 15648
04002d3c3983aab2ae3d7967480e9f5ddba93bdd8677fd967e9507e10083b5d2 1640667549400 1640667574449 25049
db5786b00aa263f98b7c1aa697eeece1a904a580b727fb89c141c55bc403ac42 1640667666340 1640667687168 20828
3ea63fabab7df394e52903d7315c88cd0e3932e7adc3534e503023ea5e883970 1640667787728 1640667826758 39030
99458431e4f36fd8ed0684003f4980a838daafade52d7d2c86e6d2bdcd9214b2 1640667900585 1640667924953 24368
1b7794958eb86c0c1149e5c7d7a92101f5e09eb11d35e9b7760a3d8f1d2e777d 1640668016286 1640668050909 34623
ada9a4433621391638a60c01d1608813765fb78c0aa43ccf9426411df5664784 1640668136849 1640668177633 40784
280c435c5ae1ec3e8c625508e23004b21df65742f1f226a6c0a00033887d0597 1640668256665 1640668306280 49615
b3e50a1a74b673482e8a359c968b4b1c276aa5cc9b98627584c8050531566146 1640668370892 1640668397841 26949
2b9e5292e04849a9d0efbf8e135a5bdaf1e1a22f84cb8bccb5350f9b257dfc8b 1640668484561 1640668524048 39487
e8de0b9f35f34672028569e5cbddfbcf3b789167cab2817deb11dd06f9f828e5 1640668597901 1640668626976 29075
336c58e143f20bf6e0a1c38f12c81be36a2bfd897c1954f6e26f82f9242207f4 1640668716966 1640668739020 22054
