0ab199d2b3024e5590ee1b502c1185d63f205cfeddb88f0a8cf5d5b362e3cc05 1640666515412 1640666531801 16389
02b8f9d9727a72cbf1f87207ab9edab8c39820a371d33c2117cdf1492cd285c0 1640666631520 1640666660078 28558
c12e0f4b5970ece7887b41e3165a32460e2d7dcada7ece73b5d22ffbb1805ae2 1640666750140 1640666779276 29136
e71d9b3481b1e1d0282e233e614feb639cfc7fdf0c3ce1324b1b5666e64a92bd 1640666867164 1640666885652 18488
279f3560641a55760e9dc1b4415b799cfa28a7a83f0e516724d5b7d29d857482 1640666977854 1640666996469 18615
9bfdd0357f477a7fb692427e896793025efc04901ff6358962350b4138a8f4d4 1640667093780 1640667113188 19408
67c25bfeaf52b2ccd549c21faa27c904ad1155f2ba483bcee330399c8327087a 1640667201578 1640667239238 37660
8c167d07974571466c2f6b3972659d9056ca7d56e9a5adf1718f563f12a81f92 1640667318914 1640667349470 30556
21ce2f3de4df6e88b3b92c1239d00c44615f9a9b983d53467cba4fc9c6d6eb2b 1640667435541 1640667453783 18242
28822fea58621fd8c88ac1d2cc9134a69014e6e428fc9131f2fd3831def976de 1640667549397 1640667589354 39957
3c19622ad2507d3264b5f77ef51410bd8083f98e561da4233572aeba51871273 1640667666338 1640667697650 31312
d818a1e9f5704b709ddb414ba0dbc9446a4a423dbb2c7cd17d8c19e05f47a9c4 1640667787725 1640667804338 16613
b6d95501e8680863845546c49aa7e40e650638e96c66f412a9f619b14997455a 1640667900582 1640667935152 34570
4e0fdbb071d568d73c1dc8c191efc50ec0564652310b3df738e3643b8669e809 1640668016283 1640668043600 27317
a0354f0d8ac02e03ecc53c4d1487cf27f83a13dc3ae51b876a795eb828fcb13e 1640668136847 1640668162243 25396
36924026a7e0013f202236c008ba0809f5693b28046850130c10e65d5a38594a 1640668256662 1640668281181 24519
7bf8434f0e560510a1f4f6aecb1dfd4a6eaec99f3e23ac539d3f76fda57288e5 1640668370889 1640668392532 21643
281c5d9d4490b3d4138fc3fbdf54fd84706ddcd628927c5fb58a0a3899c7fe60 1640668484557 1640668491370 6813
1f4317ef95e9d6a821197a50c19e20e148fb75e781b9c38b3597090804a6c40d 1640668597898 1640668626239 28341
a041838e75421ed05c06280d22d96378197b5292ff7d7548dfe0a80750bf17b4 1640668716963 1640668772403 55440
