3eed1a2c625a20d8dfeb41a787482c985f9c9d0f39bf271ce03416392974d906 1640666515409 1640666545707 30298
71168fa1007b80a4c17278318353bcabda0b15fc3efe84601384deefd1df4eef 1640666631517 1640666648450 16933
f0b95ef0bd2b21b38ab8e073840ba8e8618432a99190180f374287572ed367e9 1640666750132 1640666768519 18387
6ede57c463593c8a6cd7ce6e8596e3c3c8b9ad3e85f7b3d56b55816343a4ed64 1640666867156 1640666885600 18444
e0e10a70fa6427c4afd7bcec531207ef8c36b5784e40ddf535188c73bf1c3069 1640666977845 1640667028622 50777
3bf97a9472cad1393da19c230c327b57c0dfb7d9c0e869525a9b2e8a45114d60 1640667093773 1640667115963 22190
882927840cd4076b85acb40e36a94bf53cf1fa2dc2ca78cf21e1597642f71b94 1640667201571 1640667208890 7319
4248e4eda6ef0290e6dff88d5101b7a68a02fd620645fe7e9c0c09bbc6b503bf 1640667318902 1640667343651 24749
e3f5a0fd321347a21656f40bf670842fbd4577853f1c40215a38617a3ee5baeb 1640667435536 1640667442789 7253
c9fe4d954fe7106977361583ba68311a9728e690c32e9f9ced82c37c81f80531 1640667549392 1640667568212 18820
2998da3c4f067ebfb9a942eed4e4d58e85bf96c212b509264abce8887c684b3e 1640667666332 1640667687583 21251
b4b8db3cc3abcd94a2cd765ebb85ff8016d59e4c6f2ff52701589833231c6fc8 1640667787721 1640667800969 13248
b706e9d57c3bcdf6c2e0b3a1088aedbb0b522a5c8ab2956132e1c2e2cb0f6fec 1640667900577 1640667914849 14272
b5beda13b8b5ae819cb4716a9afa83233ebaada6515920de2d9b6a8262273083 1640668016278 1640668028310 12032
8ed885afe7bffbe35f6e7c4d474972f6f269fe8c15418ec84893ffe243eafd72 1640668136842 1640668166186 29344
41fe4840f0b346a7f6ce45be19f014290e0952c27136367e49043aadb57539ce 1640668256656 1640668288896 32240
61f8545b559537131bcbcc88533addf8cd2f4fee72b8e4d9447b0f2dfcb43cda 1640668370885 1640668393607 22722
3fe73284def8f4a5db8ef5284cf3902e1ae97ec391d392cc7950732ba2b2347b 1640668484552 1640668506531 21979
3277a41c895f0e82a2db280b75738b6a89545c2018f782b9bfb07f42eb0f542d 1640668597893 1640668617311 19418
9f20a295a6cbfc45e96d3c4b8c24736edbca61cb44858450a70e449e0854d0e5 1640668716959 1640668735311 18352
