1938fac1ee6290288074d28160794162ceb7d8e39bcf102e82ce1fb727378f98 1640666515448 1640666565685 50237
ff269f8142dd175fd0a63b38a0b7528d50f2f769a78b964cae0d7f894906d26f 1640666631555 1640666684928 53373
75ad502345b42eff0cc8676c07202d8d853c8c96e0a84d577bdc6faf3ea27326 1640666750179 1640666802386 52207
87754dbeb757c4a8ba816e07b4379d0b6aa2e62747d14bb74e849d11d28af9be 1640666867197 1640666912933 45736
cf6505612012fe3e66f62fce6eee1f560019752cd06dad6dfd6897f3a6b2ad4c 1640666977893 1640667028391 50498
6bb273c2b3c61da444ca8f9fcf89d774c8feaeb2161ac49caed09b84734397c7 1640667093823 1640667136863 43040
ac70a4ea8bfd640c4a67e609f676485c89ea693116e853e6224aab1f799fb0bf 1640667201630 1640667253485 51855
e2c395902e111218b339a1ef9e501d28bdda0436ae74b70fdb2b677ac24e396f 1640667318962 1640667370688 51726
474ba0b48b1a2805179135ff5adb5df00c5c49f6e5bf8eadef57ccee74169658 1640667435589 1640667485573 49984
8b22c8740f5327363a70da217bbbea645e960371d0a659e2797d4220bc2da1b8 1640667549452 1640667590486 41034
9236004cba10f9366a0ef666693f838736481bd00b8cb0fb348dcd454017285f 1640667666391 1640667722570 56179
7395cfb8bd6927bc31161ee64d8fbb510e13db752f2a92dad82866aaa4a9a81f 1640667787787 1640667836269 48482
40ca3df71a423c43f1e785e32fbc248576bbc1ab0a16bdab26268f30ba11f3ba 1640667900641 1640667951536 50895
c8166eec1c5144c861fe1a78d96072b22e193db9dc60513e75c94985f8bba689 1640668016341 1640668068795 52454
10ce3bc77d03b50dfd799bf38c74075310096821264ac826632305768de8f548 1640668136902 1640668188344 51442
a966e46181b7c4d7e8aefc30754746e9310812e7a2ed5433784f02c5060f38ab 1640668256724 1640668306280 49556
c353202bd828eca117491f343c7d5da6f6d04987441063cf10abf85601276a82 1640668370948 1640668419322 48374
632b392aa455c8deb80cad6a7302da0dee2032746d190e004260d47ffca258c3 1640668484616 1640668525541 40925
84ff7d5d31f2a69fa779e65f997b6c3de58df5b7cac28a1909d5a0651d0bec2b 1640668597958 1640668652403 54445
de5f7e9ac5a78b991ef9dfe7c1c7b111a07b6f8a8c5f9b949d43ddca1de5f8fd 1640668717022 1640668755354 38332
