b6ce8ddcb387748d7fe4a913f478eaf5daf2ecfc97d30e7e3a756175e19b1ac0 1640666515443 1640666565175 49732
16d44ca3f1540339507b9ac8506302edc110dbf42bd961efe573ca383d929477 1640666631552 1640666666524 34972
2c537c3f381f482e715d9e47eedefa206cdf4cb22aa0df89f9224596da23d740 1640666750175 1640666801294 51119
7f96c1f0605ac63b068cf2a2065b0d29434fcddeaba9c510e21a127fcd875add 1640666867193 1640666912877 45684
0870627ad9fdbf0dba2b9ae87f2492a9170524c0d13e2864655e7389233e14f2 1640666977888 1640667029250 51362
a6247d8a102feb53dccd7b75ee687e32b31ced2bca7fc5f49381f7633688829b 1640667093818 1640667136630 42812
261b9f2bd85a280871093cf21b08fd0311a2df692a81eb7b9520509a11a832f0 1640667201624 1640667233313 31689
9c6617cf8d20cf80ed7b752f6abd2abcc174b4bc5427e76d567d4be6b2ed40f3 1640667318958 1640667370178 51220
60da553aeeb59de007840c74aa15b51a8f506c794d1e0a4b06188dcc18aa8b95 1640667435583 1640667481924 46341
19dae6d1845e0d1d541dd578003ad4562f74163aaed880087d8534018c226a88 1640667549448 1640667599912 50464
40ed8634fa4e322f39a78af35887813984c81f4f5d635b33962e60f5d607cdfd 1640667666386 1640667721904 55518
a6ab176395ec528f5e8de74b801b5447009c1030134c5e5fae0e4833d2b49c9c 1640667787781 1640667836363 48582
a164cf338002ba770ec2f0c881fac015c3b18027793fadebbdb0d1417422ef64 1640667900636 1640667937015 36379
15029bff53b4f2cf46a21c828317a1640b69fc7b86d02e2cd4e7ae7a6b823673 1640668016337 1640668071888 55551
eb1a03cdd5ff0447d2606eb0a9c4e09db194a6a3e7b3492abb79eec1a3656339 1640668136898 1640668181051 44153
9b10cd41fdcca8ee49b260430eec0255d9b96001f9c11fbc1cfa2dde62a4fb6a 1640668256720 1640668303729 47009
ef69c43e904d11e1f15108923ff6233fc74ecdb8a27ff2c0288e4ce88e1a069f 1640668370943 1640668419645 48702
90e799df379ece80ab3d114f4600bdbb4f4c18c04cb37267111f4ac612396f5a 1640668484611 1640668532440 47829
4568b7825878756b7e1e345ffd17a8bc0bc8089a0465f9e45fa824d4225b798c 1640668597953 1640668652383 54430
d633faea798c7b6081294b57f6043a0d9d97d547b0088650f3d12ee4e527b315 1640668717019 1640668770330 53311
