81b9c99e762676c4b5f6012ca5cef7532456e90694c21ebe29ea07dc24fb719d 1640666515410 1640666533260 17850
6d45f8d3df03ce4a6ac82f76c0b8573093a88cfaba826ce0930736b54fa807f9 1640666631518 1640666658940 27422
3c98f5c4746eba3c1d08812679d99351a76de1622ed00bf096539bd31e2ddb0d 1640666750137 1640666775928 25791
dcc18641a86d1188d27bcba3789835b054f42411b3db390eb7d8bc33a5e1bad8 1640666867161 1640666885398 18237
c5c9a9a5a3be591845989b21a0cd68ce063d0c174524551e4713537d08afe1f3 1640666977851 1640667000526 22675
960650e2c64e514f3476d827a785e54943394dc7a339c4d55de68e1fe216ecfb 1640667093775 1640667114825 21050
b4adc113304b71c91e886c2bd092bba6e3b688ec8bfdb0298ba19a67892bfd34 1640667201573 1640667230694 29121
9ca69976dc165cf425203f20c86af7338184a9ae70236deb75f44699ee2c81b3 1640667318904 1640667324849 5945
1995296a6619f0464e6774d20a5049ede0e2771d1bf25ad66c45aa6467053dea 1640667435538 1640667464077 28539
037bf011f790352c0c79e1977a5bf4a4ca908f15ff9cc571eaaea0c97cd57863 1640667549394 1640667566815 17421
b3c8dc7656d8f98452d5537be8a5a5de2acce4968725cf03a156db61413b8264 1640667666334 1640667687806 21472
f6b6d2d7bfb286d646a6c459bbd577240d9f6e53e4d3ed8ef1144ae2f6bb2726 1640667787722 1640667799357 11635
8df59e8cc28dae77a4cae1d04c3f31f050e7d6ee2f68e8fffb134db6bcf4f2a6 1640667900580 1640667923639 23059
04bcace5fca4e7723188baabf29b3f0a3f982e48e38732280b9d03ca3d06463f 1640668016280 1640668031806 15526
9316a8c571b8c6b24f7fc5e3677349bf7cd0d8754b200f5443b1a83d8c21726c 1640668136844 1640668164190 27346
a22d959af91e8e770f65a2b7c899e7d6091ebb68637d6bf25db40a0a79c5c1eb 1640668256658 1640668266998 10340
c32da9da97ba9c48cf4d9828a4718cda7b9c5efba4413bdb734b40d5329eb910 1640668370887 1640668392533 21646
03d4479823c6436fa6a44961a805213235c263af8aff3de571ecec54ec206db2 1640668484554 1640668491298 6744
74c25fec4576853b433b728b523ab6d78aa2f7b09b843ad31e87458069dff3a5 1640668597895 1640668615958 18063
13653ddb9f2c0a662ebc91629cce4c1578be675c539ec07a6c89c4f155c0c108 1640668716961 1640668737812 20851
