774861f1fd2c7eaaf3f44cd0275443ef9b08702cfc9dd91769dff3ea96ecbe8e 1640666515418 1640666565547 50129
f6da3326b448b57088a0532bd2cb71d43711cd91d975e42e57ee9a7f742f1e6f 1640666631526 1640666664748 33222
a39da832328ded990fa9c0324f3fd56b3d51c9f35c8f787f793c63ce3cd9769e 1640666750145 1640666779758 29613
6b927e6097160536441a4b2abc0feaf56d6813b85c52c72dfff92ba49e09a08a 1640666867168 1640666886291 19123
be044c920b6f6df2890f8ef5e3882a6df9315c1113f95565f94d1462b1dce87c 1640666977859 1640667008342 30483
998c4ea4966683f5d1328e0856d332e309f673b1dc035ebccc1687c33447ebce 1640667093789 1640667116822 23033
f209622c06ae5bf9367ac1b653062297ebe492a92891178ca253b91326265172 1640667201586 1640667231820 30234
acaea2818a5c623f72723a785b6cda98bf650d461f085cd204a95effe32ea4e5 1640667318925 1640667350909 31984
e34590d76690da34c7b7b837fa5dd16f600d5b1df5bf02c5dcc1800358a46a6c 1640667435552 1640667481517 45965
2c2ebdbd3a97e98c429330d19a3286b4270caad668672268ea29b3a6ed0fd685 1640667549407 1640667590087 40680
7a8cdda24db689ba178911e61c16aa81d04a9388be8f530ed6120308b75e8c99 1640667666347 1640667698018 31671
7f2680ac633c4d9ca40808d73b59a94545c76ea85909ce557f25aa2f6eb67b5c 1640667787736 1640667806277 18541
e7472cd16319710111ac66ef2e94f6cf3f8c21aa6ff84358ebf677fe5977cf31 1640667900589 1640667934746 34157
19d4fdd0fa805909b6229f0e5cd2a658960f35a45ee34ddf413002cca238d712 1640668016289 1640668044219 27930
823ea33fc99ad4727f873d9406508b63209ef06e6a2856d9c70d4f71f8efb1ca 1640668136854 1640668179563 42709
c565820be66bfeb97bec204a34346630e3d30992cf1e72f11aa6eb40a4e9ee0c 1640668256669 1640668290351 33682
932ea54302e26e9893ca7db5b83197df2735550b7c57f4dbf740bbb15804e96e 1640668370896 1640668416942 46046
5d1160ea9d15cfa92b088268416f0baffd0e34d2a4e2f9f1423b9a741527e09e 1640668484565 1640668509204 24639
a80cbd97725e331bb4ff93c6fe9a1d1f22dbd40dac8c01ce1dc0fb1739a78fbe 1640668597905 1640668627177 29272
8b4791f6a8befc4218a57a65659186494b6c9c8dda6942b5200ec29cb4e94da4 1640668716970 1640668772322 55352
