45b703ab360f4e34c41a24e4e725f424408ce7b9d2d0d70de66f5c493e8dded4 1640666515421 1640666555268 39847
e7f79304e5e4c7574403749ae32aa7235b7a4623a2bbaa0b68d8bb4ce79d7bca 1640666631529 1640666685142 53613
0a74b68842271f7c44a4b64cb6aa60f5fc4488bc7a57388b6b9c2eae77c9e145 1640666750148 1640666793665 43517
98d39ea25ae2806a8c59f479d1519152b7c57df12acd6f894e265c663b090302 1640666867172 1640666912290 45118
ff7f12baf050f8490667ebb841fb0e1820277a89ea944a7d8334c47e959e552f 1640666977864 1640667026224 48360
1337737c2b85ece00f06ae8e70b6c90f0bb2913d261eb298b1a7283b7d95355f 1640667093794 1640667113190 19396
c05cce83755038c36dd087a9eb0086661ad09a62e5b77f9049172cc88af3c2d2 1640667201591 1640667254117 52526
65d1c470392d3d89997ce4241098048debb1a2c4420a327cf1c74516484d98fd 1640667318929 1640667358345 39416
323545c8ff8bdb5ab056c1fd4dab0b4deb9c0a3c83b2271fca14ce28b383abfb 1640667435558 1640667481224 45666
173bfb2ba732363b8c88d26a86a38633cabcbc7522f40b4f49949efc0f5a2f3f 1640667549414 1640667588844 39430
c1f16962a3a149dbaaaed547ecd37f426014784fe6948bd4b8c1dfb4b930d0df 1640667666354 1640667699720 33366
09f79dbafec509a1668b235e115f018ffd289c266429fc58352845353600c21a 1640667787741 1640667825600 37859
1cfc6d3147b0c63b2f26edb3bd933f2d3484d4bd55df5a793639d2ab5a5101ea 1640667900598 1640667931206 30608
2bd907257bb02a4252759a1888a81f2533f3e06253f779778910d15157813eb8 1640668016298 1640668050587 34289
ab78f58efd0298c59d68a8c0035ce27df66725022f1f939b3827d4a35d9e4389 1640668136864 1640668171102 34238
e2043f197dc01143d0ffcb4cb8a01eeef0758f94e066a75adcff1181e606620e 1640668256683 1640668304842 48159
1d1697633902b12fe1e9e2abbb7a225b718c2d74d358a409ada3ea2b4fcd1d94 1640668370906 1640668419341 48435
37b6f98553154103824dbfc56a899becf9639b651df6037464fbf34507967790 1640668484574 1640668508129 23555
e3956530c415491410f00eda8dce7c1f994b5c5a42850b348fa5a7bc71ac3917 1640668597915 1640668628276 30361
5997ddbbeacbcddc839636fa5d264fec222e22a870603851c67bf4d2d2134974 1640668716979 1640668769132 52153
