8018260fa22832f2089f7f5fd7b6a324691f5eaf5f12d23589d9096500921def 1640439276491 1640439279046 2555
4de8a8988a7381905242c772541c6efa288c49bb06d67976b216c319a0842985 1640439311766 1640439313481 1715
02acf770e28a61edebba81e9d12ed9f7a63fabca83a6c9e61a1d31f9e829d571 1640439346794 1640439348345 1551
5d64767d4782ef7d9cecaef5927b4cb088634b3f6db4215fc1e0a70943bbbb3a 1640439381885 1640439383897 2012
196243dd460814aa80e1678b7043f0c9902e34c511d22680b54e081cfaaaeb63 1640439416810 1640439418973 2163
784c5bea3515f0f2f68db395f113539051bd4a252eb27e64b2c3ea28dac37e18 1640439451795 1640439453238 1443
66580662bd74a8bc113c5c38b3c7ad53abedaad1a079226f5d78fac29e05101c 1640439486906 1640439489967 3061
6caa4659348372e883dace294044acbdffde635cc83c580181643fdc7ac84ffd 1640439521857 1640439523809 1952
aa309dd465dd548bb0f6ec205bb31358a6456ebec4d57b8850f97f41f9cacf02 1640439556821 1640439559627 2806
60f02a7702da44188c58eb33204b22c90827c251248da20c2c5ccb56098e365a 1640439591936 1640439593224 1288
d32df8415cf9a63003eca92a8913c3b3f9e98f03cab7338bd93d5baf28d3b314 1640439627333 1640439629245 1912
d386bdf83e1356b49b2dbe48b03916df726d4d975510c87e911de96d6eb9bf9d 1640439662793 1640439664159 1366
4ea63db04644712590b7403e710a13e3e3da37ef332ba27dd16faf07ccbf8dea 1640439697879 1640439700490 2611
23901eedc403ac8b869eef8783728c0b93ca18579e9f1cd67db7512dfa719c0b 1640439732908 1640439734378 1470
31fb6c4a22fc26cc863b692c3247c84de3c61101b2c8370e355cde3cfe7899b4 1640439767785 1640439768742 957
bd60efab8bc0286ff67b7b33dc2e8d0a89d706779088e390880c1b7d3a65974b 1640439802955 1640439804138 1183
3c0d97b3107e6479f6bcf157d001e66d2388905aafe870353351c6140e8ff368 1640439837669 1640439838686 1017
c895bbb25e0fa4b048b8aa88cb37ef3f2d21a8b412a3aeda478051bd049c89d2 1640439872719 1640439874718 1999
e14a68c67dd5277a675bf8d9c2df6fb6a0b8ada8a0230ffb65906ca2e1e044eb 1640439907833 1640439909371 1538
1fd49fe28ae2bd69af287d21f6bfd8b408e304ce1b4073c265766c0f5d974665 1640439942825 1640439944513 1688
c293ef7068d5ddabfbcbb6d2507dcdfd3ec06333613e019592fd30c686159a49 1640439977448 1640439978786 1338
2909abedb872bcca16e8f2e55241408104453b956de3c5a55a52f74f6a7d8f02 1640440012583 1640440014010 1427
806f0a9e826f8422ac779d2387aaef1b7e522b2a4eea22ac6293a734e3794e91 1640440047385 1640440048378 993
9ef055125c5c1225dbc0f3f71e90e4b3f6b14ef8d7ef07844199b59113f582ad 1640440081826 1640440083142 1316
58bea8e26372ce6dbb46292353f83f0eba4c21485c55f450f2d1566fd796d286 1640440116950 1640440118079 1129
88a5a5ea13380e2f0a519b72375f08cec22bf4eb9369a1e2a7e9cee6646b17f5 1640440151532 1640440152378 846
2ec70171cdcd3e88356b43076634e813a4b3c689182d37c73b07f24d00486757 1640440186725 1640440188088 1363
5c4000b61f314bfde9b5775462510d9cb49476f29c12441cdb456640e0f7c6fa 1640440221817 1640440222996 1179
4f163e47e28ced06d83bd74293ddbd42828c2f0228efa5498ca50bd2da41e996 1640440256667 1640440257605 938
91558a2e854db470bbab87e248fc02cb7f0b9afe7e997075c8a01913c9f9475a 1640440291704 1640440292628 924
50887f335d1f88a933a7e91c762355ba8841656ef9554afca80d76694f518f45 1640440326587 1640440327849 1262
115082f08bcb677fdcd37223220096c2ee238e22ece5a055acb5408c7e3a8221 1640440361429 1640440363140 1711
f31d66fde0e1caedc88d217bedf28063045b1853fd8429e1b32601942fe14d23 1640440396955 1640440399527 2572
c89c53c9bc45a07b63589a87b98ee0ead5894d17533f9fcc4a5d5cf3671549a3 1640440431851 1640440433403 1552
179d9401e53ab37defbf158a747ae5d58b37970f1681ad992865608f0890cdb1 1640440467255 1640440468368 1113
375aa9fbdc95c8d597fad2b9af06cb44e007621895e1d7172397a71e1d0f329d 1640440502364 1640440503463 1099
4c8bfa6a2ee2def3944b68a7d0205ce80ae276a218821c23a9e5c65e6fff2071 1640440537480 1640440538991 1511
ac1170d9573023d918fb1a2ddfe432e9b92cff390e8f8006f5b51c2ca6484a59 1640440572650 1640440573747 1097
40a91e5acdf9202ebcd102de6ac2da6051f2acab51284822064ab61d2af6f761 1640440607888 1640440609470 1582
1089c835ad42b43b95d8d22913b475912ce121de93a51668413f07fe94d7d159 1640440643472 1640440644383 911
2fb94e94235eea2341c6ec258377bb2a3f540ecb3a7d1765612310aa5627c132 1640440678561 1640440679973 1412
974b11372e187ca4870a06e5b4a5958e955318b4487c51ebb5a340642b516865 1640440713646 1640440714855 1209
d204a3760622ab690cef8d644da183ff5da36bfc198e22ce45e270d7d9c18fae 1640440749510 1640440750754 1244
107bd99254c2430702732b168be8948ac2b7b6754b8ad825528a949f1cd1bfd1 1640440784681 1640440785831 1150
c2678cddc3eee2365c95b4d76dc031b924b8da157c10848daa9a3ad435f70664 1640440820147 1640440822910 2763
103dfbc8c3f7ed2522ac4dc5d67ac21070e3cae324c489cf6405d2b60a659720 1640440855099 1640440856506 1407
9c4253111047aa976ba29ff575daf1a019025e42127d085ad9609a67241080fc 1640440890335 1640440891580 1245
3b170043e05736e5ab34b805eda0dd376976bb14af6cb4d82c28a52d49b5921a 1640440925458 1640440927109 1651
2085c354fd91933f12927cd6d8da7a5c0abcf2bf1e07147b3877d78edce58531 1640440960896 1640440963967 3071
8498b369498ce69293a83f4c61e63d1f3a6f245cb170715d8b45bf8ce4f8bb19 1640440996346 1640440997383 1037
