b45798d62cd698579c74d0a7c0487d01cd5599c9363550be54fbfe7492a22fc5 1640439276498 1640439280791 4293
a7654907135dec1c29846dfca6333c4dfa7b87b52c6053a6bd2ba6fe757f6997 1640439311775 1640439314604 2829
cb035ed6d1ea80de4ee049fcb62b0b386c35ba9550e60b01be7974e17269ed7c 1640439346805 1640439350783 3978
c3f02418e11d8496509649d60227714026c2682d52e926b7e0a9017f36d333a3 1640439381894 1640439385626 3732
1de0df98ae1168a75d3e46333d9d419d7c30a9996de21c0e9b55f8672cb6e159 1640439416819 1640439423332 6513
f9a317bc0c0858c794c7a0cbfecf22c19a1ab7dae23be79b6e76d43f6a7e2331 1640439451805 1640439455120 3315
6bd9ab1c216a1f2f844fe660e4f4aaf95b0998cb264416c6bcc6301a7809d69c 1640439486915 1640439491608 4693
67dce6ad303f9a49e04aaf3fcd2f76c4fb6807e37a30b3a64768060aa7cbed40 1640439521866 1640439523809 1943
692918605cf3d5fd60895df1a294094e09c4596922be83d1dd301a0764c60c1f 1640439556831 1640439561970 5139
bdb448a35464d022074fb9ac2fe198c1925c0a389bfb4d03102cae13e3078506 1640439591947 1640439595969 4022
37f88c8aaf38fb22ebcda98f810ac332dfbd29a74a4480e5706ffdf5c749bf91 1640439627343 1640439629927 2584
a15130d5136a78144d29d4a84a75ab4e42e5bfef77d5ebbcc093fd81a206ceea 1640439662802 1640439664603 1801
19267c90f19199d5cf2b40a447e35f990426fe4093f672246a6703d03971ba0d 1640439697888 1640439701811 3923
9b3c41d96b78e7a7b904d215c69e344763124f453f41756fca058b20e12b0ab4 1640439732919 1640439737026 4107
320184c409809ecf88be4b957ab15bc4f8b6d86e891fa77bc8a93a35f31d921c 1640439767796 1640439769682 1886
37f864ccb964ade18eec3f37e8540e302c33f97ca995a646070733f5ae667a51 1640439802966 1640439807139 4173
4cc41c7d2100061cd76e918532dab644c16b179e7829f406e638f2202dea962d 1640439837682 1640439840393 2711
382e537b31d4834b62d509e164ecd5e41c408a2a297b35fbe93ac1817cfcbcda 1640439872730 1640439874835 2105
e22168bde37cd1a2536c4fd72ba2de6ba30f1d4e704725c9c4b82248f4a82a5f 1640439907844 1640439910971 3127
46e28ecaa701a2fe29f06482c5956b338acf45b97f57cdf6ca21363228208463 1640439942837 1640439946092 3255
0582df493a61ef1f6fbaf36577ebb18ae86ad7ba3f8690a9fcd8cd4aa1eccec7 1640439977461 1640439981868 4407
8f1e2f24debff3325fa263b87ea9d0465f81e3b6bfdb40b06c81133e8e50247a 1640440012593 1640440016013 3420
95a5a988e14af9b2fbc8bc4cb8a8247f18406b6ea67f5e907092cd1dde9ce866 1640440047396 1640440050008 2612
d97435b186298ebb016a8a909358fb5a90e4cae39d168d6921b200761c06adb2 1640440081838 1640440084628 2790
18237ed03c0af6451f1466c741356a72642cb19267659e3a1e05fc11614f9fdf 1640440116961 1640440120924 3963
e40eea84ce879c4627f54600bc1d3fca72cd7115a47a374a229534061d424b9e 1640440151543 1640440155266 3723
57ca3c9cbe2b29f7d5f9791bad9df0251795dff5cc2e6ab0badc267b8d370809 1640440186737 1640440190417 3680
13f083c68aee6a1277c3032ea1970ef9191937619469669d78c9091ec4225938 1640440221831 1640440225706 3875
da2eccc7cce44b822238e8231fb74f7edc226b93dc817327557f9adbe9c88de7 1640440256678 1640440260155 3477
a33382eaea6b76024da699e6ddb8e9e0b88276354c1f881a616a6cd1b8668eb4 1640440291716 1640440296892 5176
7800ab813a5c8a39e19ada660171a7bc799dd42be314e6ad288c44632a5b596a 1640440326600 1640440329416 2816
add38b133a25b56be1c441f52fd3d7ba033201b466d675c37f91ff6e82335eb2 1640440361442 1640440364461 3019
7ade546c2177ba5d95fb1ffcfc0b3c9edab0aa9409f24ebafe24cd99f6c18089 1640440396967 1640440402197 5230
4e20b126e3faf529832e4402204a98874864f68fcec3113d754dc40d4b64f555 1640440431863 1640440433211 1348
e9513bd17133713eafed0260a63357d3719e5abe1226e46eedacbecbcb28c39c 1640440467268 1640440471499 4231
0be61d34be77459b69d7d6c51c1e3f6e8bdac07e458e0f5b0c425f692d0791e6 1640440502378 1640440504853 2475
ced05885bc503263447a69fa4ab94a5e059462937be7e7e039dfdad58bd01688 1640440537496 1640440540124 2628
6013fe9de0df1c9a91121046a839903995671d1cf1e3190c1323e4605fd382c3 1640440572665 1640440575051 2386
7f66987f120d66a6ca553ede9ef37e8f4767e3c85dbcfdc816a5b4865174099b 1640440607901 1640440611145 3244
d0a59b34a223e939d88d4fcd3874101dd900d8107f19b3c388025bd60ccbad42 1640440643483 1640440647291 3808
791a94ac5e95e5b30337b76fe34b14da2491bf8b88081678da1ba7a1877add13 1640440678574 1640440684454 5880
eea10317f6245a86305c9c89dc03ede8263e00f4cc533dd16ef6831547c53343 1640440713658 1640440716357 2699
dcc92a1263b4f8c53e6a900422843a1bbb087bd0f97c1e81bfd24d69f1295ffa 1640440749523 1640440751870 2347
28abf92719e01e5d64ab2df24e21cd902d1f3318aa5b88271d9f87b132e693b9 1640440784693 1640440789662 4969
9192652f399831d444d98391d9a8e935f68940426fba9572464cd72a79adf11c 1640440820160 1640440822820 2660
b0471157f94da3a64b76906dea294050831badafc5cd5e0b46a8cc4c8ab63483 1640440855112 1640440859009 3897
5e70afa6ce4a3d65765ee4c81d1069be16c1e7341baa8cf04ac6363c12907f72 1640440890347 1640440892654 2307
4595850369652dc4ce6bc5e73c6e70f35e1d4dc4a3b44a3ae81b3d556c028fc5 1640440925470 1640440929112 3642
ee4259a1c450e95d6bff3267efcd409fc546e76f7994f65594f58264c83b814a 1640440960909 1640440964978 4069
b26be8e6ef53717edb09c1855e293cf199c7ed1c3d651234016c1209a4c2b3c6 1640440996361 1640440999437 3076
