a8736fe51e7d35f2d4a453484fffe47b695522541275d7069751aee1c0852930 1640439276519 1640439281884 5365
2e976c3de816b1b5562c7ad6fa0db112fdc1207648958fded1f152cc1f0586f9 1640439311801 1640439318431 6630
060762ecda52690bfb683e8f35b64cb5ff49608fba820f4b7436711445852889 1640439346830 1640439353660 6830
bfd70fdf5f6cb4d01bea2c7627ef8b8d836a0524dcb3284b27e6a688d2166fc4 1640439381914 1640439388595 6681
4ac56f37381c32dfcf2772edc08c05a792c2554d291a7780f5ad26f5f7a674bc 1640439416844 1640439423290 6446
a28b59df889727c8532497023f77facb085809238e7a2e34ef6dc59393782dd1 1640439451828 1640439458119 6291
5bcb949ee1866850e972ad3977dd054a8f142380fc2405ceb409729a981d8621 1640439486938 1640439493173 6235
5480ed9bf6868938ba53b2b82b174e65bff361a5bb189818e96281cd2f4ef38b 1640439521890 1640439527811 5921
c9edef500203ee3f8a2abff6f97125df394f4b3e656bbc37a8e37bc0ed89f1f5 1640439556853 1640439562929 6076
a90db4f02ee3b6374cd872b01d11e8181dc501a6b48c60fe793a509b7585dcca 1640439591973 1640439598321 6348
d8392c8b5cc513a557f32728935a8698ac4213a2ed04426ecd176e0c8d43ff1f 1640439627370 1640439631095 3725
fc6ad736b3c6357eb0d62f51be6e9f75be725cd4c445935c2a23ab0e2dccc6f3 1640439662825 1640439668198 5373
8398b43790652ff3a9b3e00699aeaf8224c5f7b9d679c71ce78a73074534130e 1640439697913 1640439703515 5602
7a280b9db1adb11d01874c01595e7de519ebc2ddd9ccde82f36d6803712e6cd0 1640439732944 1640439739691 6747
a83f7743bedbafa16c96a421a638b7ca029d82ecd058b0521b18a24269347f1f 1640439767820 1640439773834 6014
200048c0cd451aa804761a3c93fa14d550c30824f70c9d20a6a33f17637a3583 1640439802992 1640439809633 6641
8501172b83c4ded62ba0f9ff789f12c6682247db918f99cdd21812802d569d9f 1640439837709 1640439843356 5647
b578e16bf87c235b592e236ceffed020e5c6432154b840ce092fb66a9c1d3a7d 1640439872759 1640439879581 6822
08b92375954a3330224382db36941ca1b4276adf88b7aaad4ab8edf79e2a5413 1640439907871 1640439914289 6418
e4357835986d951ff6e4be14e3c919e6c2239c507316f60a62b530516e0d7d5e 1640439942863 1640439948488 5625
4729ce81113459142e7c83068bf6e068e91117b97065145b6df097d8742099e4 1640439977487 1640439984061 6574
323409274b6022553e9cdbcd3118a6162beaa21c3e35a7f2ce5b509bedfabf5c 1640440012621 1640440019185 6564
df04384ffb1debd1392ff673c3911870607d8b7357db925be4b4ec8007b2392a 1640440047422 1640440053680 6258
f052b25909a95bbce4094a666106d903b29fdd0dda72d98b7d9dc771dbd5ace0 1640440081867 1640440086091 4224
6687a40eaa7b73ddf5accdcbb61bf1218e547255e4bc3002226501cfbdf2e96d 1640440116987 1640440123244 6257
0a422f93190a043feb766e953fe6bb0e414f27e31bdb114a01004927e835f311 1640440151569 1640440157400 5831
efd109a49f7d6a3c6e526a898325f82800ddb1bc2f879a356f16314c3048c128 1640440186765 1640440193085 6320
81cb5518db31f18ac6d8bbb8d96d608ef9efef3e1d856ecb50f1bf3eba146386 1640440221860 1640440228465 6605
24b004cec2f82217fe5fc9b807b3fb99670da78b525a00584337cd92c3b2bc66 1640440256708 1640440260137 3429
0c1aa7f1c7ee7048e9c83f273eb611c1038b88d3871b02ffada72ea774b09b54 1640440291744 1640440297488 5744
85cf6de624b362da05ae3126efa6d36f1408061ebbbf3101a6932de0c8a4f3f5 1640440326627 1640440333349 6722
2f7c6fd2daf52a62b0540613fd7249c1fd8ee43126f62702f4f7931a059ca6a5 1640440361471 1640440368211 6740
57aedda650d439b9494d8d2b28a089fa58dd2438a6be036a2428155a39225aca 1640440396995 1640440401882 4887
faebcf32af1ac0d473b98fec4811891111ac3b664d8512bd7326e4f9429f669b 1640440431892 1640440438871 6979
c3eb8d2b4b85d3892142adf12ac55ea78bd6633450d793a57853de34ca2c6479 1640440467300 1640440473933 6633
5114310b344fc28489c3422a50b3df5d0be9c167eadb40314fd75ebe70f7697d 1640440502415 1640440509278 6863
296ffe1904b3e261f9808398c7705e51bb37278741dd4f54e5b134f0af6a7bf2 1640440537526 1640440544108 6582
b54dff520edd2dba9624b571680b0e48ea93d762f3a6e505bf11231d7f57f3e9 1640440572695 1640440578840 6145
a8050196533c47ea42e8ade58193efbd01a5af80345bec57575e968b879a06bf 1640440607929 1640440614039 6110
f2eb57a34889afabce20fef4643bd78bcac43fab8870bb15c1269f836127ed03 1640440643514 1640440650250 6736
653630808f6588c4da23c0d04c0b6a1960b1f72e6590efc144b16b1d5fe08c6f 1640440678606 1640440685327 6721
f984dde743e4351866882b2e1cd116453461deabde7f56b59ee86cfd886ca01d 1640440713689 1640440720450 6761
19495d3a8279ec2d126a7319a7c5d0ddabfc4be2eb1eb870e410f9501eae2486 1640440749559 1640440755934 6375
b9e2d1c994eb4662537031062ab4e3c453f6a5e640c4beb2dcf53fc99a4695c4 1640440784724 1640440791610 6886
cf8ec9a8b65de4002a5da2485ea7f1b50535c30c69b741d78255cc5530c75b5f 1640440820190 1640440826676 6486
141cbdf575c72d9bfb451f5ca50938acd88a76654cb4cd0eaf5bcfe055b1d396 1640440855145 1640440861780 6635
e4ccc86eccb59ff75cec9c3c2c3ae3a4e6364ffc42db7305acfcd82f3c455404 1640440890381 1640440896481 6100
f92056eaf28e9c7b88d5858b1c348b4a52195b05fd5352c27e8253de805d3a0c 1640440925501 1640440930834 5333
8849fbf68339636a26d6c2c62547287c9c915e86f335867b05ed0f96773aee3f 1640440960943 1640440967857 6914
285de8cf14197b5a6504132d7ac0913718e342b2c7fc1bd58b4962373cb389e5 1640440996391 1640441003131 6740
