5fade0f27f9cc77c5e64292f304acc267e7ef13db5ffd538e1d3f8478cf58a9a 1640439276526 1640439282696 6170
0dd3529580e6bbe5a4b13a73d706bfe8409e983d890289176f792c7dc1a761cf 1640439311803 1640439318620 6817
397e78e6af236f6b8755bea2cd6a7d6de8677274d796ccaa3da8579f8135abe7 1640439346835 1640439350140 3305
3ee98cb22be1d0f996abed1bce00866a054f8e8c6b4a36e770079230c82c945c 1640439381920 1640439388120 6200
d27b82e45eca05cad85dbb4123a85aef141a4dc4a61a5bcafd4afac603adf593 1640439416850 1640439423333 6483
b1bd840eab33306cfb8d2d82759ceae3ec6e0639fb3acc9af6d42d6c5e76b750 1640439451834 1640439458062 6228
f5125d470f50be18f460e6b5821f6c5397b77a71416f05b3de530357b67fff59 1640439486944 1640439493835 6891
8824d3d7101cf7ff096df89ec35170eed4100e13f13b0b0ef6721bc64b6b618f 1640439521897 1640439528650 6753
316cfaa86ff031d36269bbf9797c3fa6e41b01acc9a2032a85aa17d6a217233a 1640439556862 1640439563633 6771
fa0ebc4cfbf343418ee0ace37133e72ce72a0d18da0c7d82d8ffd1b5618c721a 1640439591982 1640439598684 6702
62daa83eb8f410497c71d81fc482b9577eb6d53013ce3394eb0716f7f8562cf2 1640439627378 1640439633127 5749
323b72e14557794f296f09ee40269e087facd3262a4927db63bf49be10f5dac4 1640439662832 1640439669710 6878
371149fced0b0c48a42acdef2e11fb38112f151e7a52105f065692220d268e58 1640439697920 1640439704758 6838
8accd7887d5c687b67afc42f9039d8d50159cd69d1ed5ead3e8a9e2f91ff385b 1640439732953 1640439739613 6660
36a54f9608da1c6b0594724b862070a036938cfeeb782fa182f2fa69e30a3aa6 1640439767830 1640439774538 6708
ccf04f80ed6d50a122676c5c8a09420c67ff72ebb2748a903286a37532e143f5 1640439803003 1640439809633 6630
f41e4dd0993a6592f77a6da978e431dcc5ebd87fe1565f477be462a0b1d6cb9b 1640439837720 1640439840393 2673
776163f054225a7b4fae0b2040e9ae28b856ef2877b38a1855dbe3ded81f9728 1640439872766 1640439879161 6395
7e41ab4af9bcaf107ddcf1478c0a6eb5ca338effb5b127268c2b6a089c28d3a5 1640439907880 1640439914264 6384
df7f74d0981972490ed3488a95b55d09ad0c34715422ca7d08d84ebe0eb7ed50 1640439942871 1640439948428 5557
2db3e89711961508bcb20b40c04641a4e1d271323dab6203149d0e215dd38ce4 1640439977496 1640439984039 6543
761e337711a1de3f1dcdfaba85fc426e26ab9fa3094e1923d4fd066fd28f249b 1640440012628 1640440019222 6594
dd3367a28e0c7dadec82b2c641873cb545c974cd61d34db067b60b341515014e 1640440047429 1640440053676 6247
a4ae99f581911551aab4bd0f23acebda7ac30f3ad1c345c72c5c1d4896b5b6d7 1640440081874 1640440088664 6790
d72549637272fba50b530d81294253cd0f63f5b474704c60c104e8c46a4459a4 1640440116995 1640440123695 6700
1f0b35d0a4c2e950ebe278b5fe6771acc80b7f3747c9754ce18b4c2ad3601fda 1640440151579 1640440158355 6776
daf98030812a8497c53c9eb20bb56b82cad7593f678fd8593cb606e846939611 1640440186772 1640440192503 5731
eaec1212d986e685684e91e2fba9318eb6986a1e604a5e5ba69505f329866a5c 1640440221870 1640440224510 2640
c728e6946064edb99e526a839b4397f65baf52dbc0c712e74bacc66f0daca7c7 1640440256716 1640440261676 4960
be2efd7ba124cc80cb3f81c400a7d0f37a4c48600f9c0094b4b5310812db734a 1640440291751 1640440298472 6721
0eb8fd21cc122f8e7a777e0fc6a586ccc14a7e9be19f0d4fe118c10b920f367e 1640440326636 1640440333360 6724
0cdc17a06628534411b61ead69437800d461b6cb91bfca13e58056ad028dc418 1640440361477 1640440368237 6760
7f1a4833eb40a18d65a925e1b809c3c603dc79c15e14558e0581532df0a200bd 1640440397004 1640440403794 6790
259445f6ddd375c074a5a0b2e35f80f9cab1505ef30df55a3b192d27f20e0bb0 1640440431901 1640440438872 6971
aa0d52bb5ccf0ae0d7d121d060421aab0946d2bc14a46707ac5042a7adb0835b 1640440467313 1640440473943 6630
d8125da2dca18a4d4b82b1d7cd8e7b8e641dcc134f09cfa6f9b1f69b2b8bd9f0 1640440502424 1640440509279 6855
789b5b2480b06f8064164a420abe11eb9637e72c58b61f64a2cf32e449baa574 1640440537537 1640440544049 6512
af9cc81e21513050ec7287f8eb5062eff829949a1308a9c3e44b8a0894383c43 1640440572706 1640440576989 4283
9b24b1425ce23a10bbac73eab6916a60cc7392ba3b1a0cf3347558d3a04ac238 1640440607939 1640440614862 6923
ceaf0a6d4af2fa8c4b079a35d01f6f749412dc39733c6b68b08f46f005130f86 1640440643523 1640440650299 6776
b7f4d89d59a656c4cb64f8c74108ee54c1c37c6f5bd1f75a011f9d5596d1d7fe 1640440678615 1640440685258 6643
b5896a3d751effa8427de6c459511c230d76fc1d53407aa72e774a2a71d4e5b6 1640440713699 1640440720439 6740
44101cb965e71241df1bac87f916598395e11a56df616726b5acd138ca657e53 1640440749571 1640440756310 6739
e59a96ca1915bc8b064ec7133f632fbf7ca1759265d0ff525c06fa6203ec3176 1640440784735 1640440791444 6709
d4d791aedcfe862008404963fe36c05d92fee32c5776a32c747361aaad6b4e89 1640440820200 1640440823952 3752
3e02a569305d3a5761439d6755eb63c80f7e6b93a0e5a655d7afc680a46c6cf4 1640440855155 1640440861967 6812
abd3b18938cf68dee1c609a82672b0813b912613e0fc75505e0ba934b833d764 1640440890392 1640440896476 6084
028a54fe03b96c719a95e9dcc13be8863af096f96b091342cdb625e3110a33d9 1640440925511 1640440932173 6662
1760c5a799969e61e1fca2cdb86d30c41c50db52ffd263ba1904ba9bb05a0fcb 1640440960953 1640440967908 6955
3875e6b67ebeb921b309f1435a30c48bd4267d315f95a2a714cee4a6d1691e78 1640440996403 1640441003095 6692
