176448e79cad6d5bd59f37cdc2dd7650f379da9e71f198aadc58e3ce3804a578 1640439276526 1640439283295 6769
a51737edf7d7516c4793e00483ab284f3483b36c51e435309b9b367a3c88b0bc 1640439311806 1640439318652 6846
471ea35bcca22ff81e078040cab00d1595c472d7a4d1ced48a599e9b5cf29669 1640439346836 1640439353423 6587
f673bc581cb3439742d9c873772b40416198aefac8a4c10caf647afa48847981 1640439381921 1640439388093 6172
3d100f990b9f2481bf1027a21368fc80bb12673e4411789fb81797a40f4f29f0 1640439416850 1640439422600 5750
5ab7b39ffe591542a6a27068324fc8a9411c1a0905b09da58e08350c2aec9854 1640439451834 1640439458691 6857
e994928000750b9dc242356f2a5d6075162fe896ee422b5c835dd6606bb71bab 1640439486945 1640439492828 5883
d5328eeea48cb30fb0dd3f17d61969368c4bf2458e8fbf907bae345272e416c9 1640439521897 1640439527834 5937
cb33e756a69d9a4d44694569c155c47c9a3552679df9b34a97aa31396442a26f 1640439556858 1640439562980 6122
5c7c8214b2c04f57e4ea6d7bc4e55cb70a5af916b3e9b60601149c45c574f962 1640439591981 1640439598686 6705
7c6e66ee808517b125378acfdc95a9afde28e00066bcc7806adaff6c0d7bb19d 1640439627378 1640439632808 5430
ef4a7e4d809998458f1e87f000af11965c16659b68b2c2b6e6857fa85c610125 1640439662832 1640439669677 6845
3e0397ea4bb3e0fd33f76c853eb51f0a14158b166a325e75ac0685c82a955a84 1640439697920 1640439704520 6600
47067d471f2509a9e3382c172209ea3f43da3dcabfdf3beebf3ad6be4681e280 1640439732952 1640439739380 6428
09e7c1ba85186f621e2eae7add5bce594860ad0abe4d8f9d8e9f1bd9e524bd2c 1640439767829 1640439774488 6659
ef1ba31a0b0ca3629de84c760f913aa388845ef487875cba7984a7609d7fcb6c 1640439803001 1640439808670 5669
a9c34b346f110c504f0b65e81507e870f00ad444ce99d3d0bc58fba46dbbbdca 1640439837717 1640439844444 6727
51bf82ead7c88e9dcbf6ab4fcfb15720be7fea57b9804b3f6ed2d651df89a86a 1640439872766 1640439879383 6617
caab3a78af434ed4b5b9f576a82163409fa58f1b0c53ae9da6b6223d3183de83 1640439907881 1640439914280 6399
6fc3507143267b8e00863c91111e65e10e09423b9960ea70683b8cf76ba96c01 1640439942870 1640439948457 5587
935542dfb096ded6ea229518281886d488e38cceff012ace11bdc7113ad95a57 1640439977495 1640439984060 6565
b96fb21cec21ddd96148600974c948d3a58bbf9f231bfd222a6f725f37694b63 1640440012628 1640440015234 2606
24e13136c45e0f69047c853ac0e3e7f6e0285c6f793532b33f13e472ab15671a 1640440047428 1640440053742 6314
9a315a164ad53d64122d57312d594bc723332d2f1e269b6698d31595e901d83c 1640440081875 1640440086743 4868
1f4fccd974d6ec03abdb280ec87089e18c403d2c684e689b7262a30022e53cd7 1640440116995 1640440123696 6701
225efdd7b6f66c5e1419e9a6ecf701ea055699252774956c180e81ec86adf334 1640440151578 1640440158065 6487
a89fcb594ed59d9ec25d62ca6985815d5e580c64d21745c88fe4f58119faeadc 1640440186772 1640440192675 5903
d9eeb10f5bdc5742bcc7cdc318980308443cdd3b9ecac39cd23d5807947d1bcf 1640440221870 1640440228463 6593
94d157f72a8952c52be7d2d0b9d0b4f61e64b93c5bf31c24e1a651f9364dc792 1640440256716 1640440262879 6163
9c300d340b886929d91fffccb5fef15696aabc0badb15b9245a5fef5479d04cd 1640440291751 1640440296918 5167
ade60583f05e63cb4f4b907a2f872cf4b0f56d2cfd80cfc55374f72bad3253df 1640440326636 1640440333353 6717
08bd227f30f3a40cc91661b8a7d4747361d465fb7d543b54e81a54ee5f27e097 1640440361477 1640440367511 6034
62c94cc0b60063b7f374ed5b7f18ebeff896cadd9b4ef3b0a4fb596c145cafc8 1640440397004 1640440402051 5047
d4ee36a5bcf85b8a8531afa74c67cd97303cdcd1c7e9f958390fcd7aef0195a4 1640440431902 1640440438372 6470
9ee9aee428ac9b3035d5b58e80daf77115df17cc19ce92f9c85212c344774c2a 1640440467312 1640440473602 6290
fbdb11ac6c9f1c6c6dbadd851fda0fc14882caeaf70ea5b59e988ba4cd2b767a 1640440502423 1640440509283 6860
34b60fd80e33850f339a5d1a57410eab5ef41332308a036bf91b4b6a2e93bf0d 1640440537536 1640440543907 6371
03728445bba39852a090a9a4d7bbd64e4b6bca975c6ff994e1a50f54f49284f8 1640440572704 1640440579013 6309
cc8d2aa860ab4e2d20afc4ae4867217273ce39e661cc2b815476d3d371caf0f3 1640440607939 1640440614406 6467
aab0b41194c6a13118583822299b065f57862c87de378efd3ea841ee8e22e8aa 1640440643523 1640440649830 6307
7b47304e00517c3863ae7f2cc4dec89035b8cd6fbd9b7d07a517a4ab67bb2aa4 1640440678614 1640440685272 6658
e9b112ebe84d06c36ec8a3076a9164d7c9383019d963349dd58572f13c4ba999 1640440713699 1640440720519 6820
c7da1ea2576a433a06278a6d61347ebaa59bcdc866d38799c8f17ab3d0ff8240 1640440749570 1640440756293 6723
92d46d6c14141b7c0f6721c73eebf5e2807be40ae7ff4e6445cda0cf1a87e6ee 1640440784735 1640440791628 6893
9cd6ef3f89a66ed7a79425de8b83397147243e915d4398a682b84f49dcf2da4a 1640440820199 1640440825436 5237
672b81767434d6c1eeaf7d57b4544262c29f24769f43ed692d8aac7b56c1527d 1640440855155 1640440861971 6816
b69b7bf9088f7ba148f45925b97a6eefce521d1af8e4d482134bde5d165efc19 1640440890391 1640440896467 6076
88fbd09a6bc91f32496d4277762852a2550899b06cfed5e6b8a2e383693131aa 1640440925511 1640440932357 6846
25db5de1636b4e6093580f7b35e26c28aca41f0dcc246f2b6e326a10ee85776e 1640440960953 1640440966959 6006
8fd39e8333eb57ce97a20d8d7fe3d8a5e05595b065269610e1d0ec13425f3099 1640440996402 1640441003204 6802
