41b9873980edc765338870e8095b208ec08035f4b551d4df0b7228019e4c6ed5 1640439276490 1640439277644 1154
37d2d89a43eab17e0b2c77e6aa6f46f7a0bd675a5ba711c525889f8d6c998038 1640439311766 1640439313023 1257
864c93ebb4681ad259338dff7b927cecf842fa3181591dd220e7be8c7324a91e 1640439346794 1640439347734 940
f90f25191af57037cdeeac4823147a5aedc268e6962a875331a6ff24bd61a5af 1640439381885 1640439383117 1232
cbb3c47b6b6c7569c9bddae58283f67ad6e7811e34a178f1fb411b61ed94d04d 1640439416810 1640439418051 1241
1b9c28c7b8909778844340231a5e17a538c961fa00062bb3a384f02a750faafb 1640439451794 1640439452704 910
38ecd49a3f8c3a31ca37b41e487f8e9bed45bdcccc4ba00fad10da1fb9a24c27 1640439486905 1640439487928 1023
6987e55fad92a471d1e607076d98849497986585d7ef8764cd4e763800d0dd75 1640439521856 1640439522955 1099
7ca3c665a84f7ca6c5827c9dee52c8b1ac163b56dbd3914cb4d70222976945b0 1640439556820 1640439558023 1203
c26d5248be8a071ce35e85056bf37e6c7e55a4b172b4b76149c52a593f486115 1640439591936 1640439593234 1298
6a0de983e29048c6d0e6c9763e3257fa5511b67230a77cc5a847b485ca284b5c 1640439627333 1640439628618 1285
ce1ae7b4e4eef732a2a44fbe4c32ccc1022dc9edd8b6b28b0f8d8cde734652a5 1640439662793 1640439664159 1366
3140698c5d702a378b601c4a213e4071955c9c5caa163cc1d09c5b466ba0e7d3 1640439697879 1640439700655 2776
76eebc434785d83cd5c434fc0081649fac413223e1ee16b505ab3e7f0b7347c0 1640439732908 1640439733986 1078
aa3927ca607c310857a71b35147ffcd44c1501f9720ee2cebbcd233dbbf4f2c5 1640439767784 1640439769670 1886
2be16beb24e9677e630b811bad5d664aa2e4a98cabb6900e671fa42e222fe7c4 1640439802954 1640439804220 1266
6ca0f2e950766d5c697b28e36772fa29f8bcad61943f1dd050083cef0270c6b1 1640439837669 1640439838666 997
acbb25811737522c273ea4b5bd2d5136ddcd75f54cd9628a11a10d2e2f28c89b 1640439872719 1640439874723 2004
3d001f0b68271959cf8e5f8b146b740b27ab57c4d08aa8599cd20507267c896b 1640439907832 1640439909298 1466
189feaf73cd42afabd5c55eaa0de2edf82d1f5255f43bcf00239f675954718b5 1640439942825 1640439944515 1690
eafe7f5f66c4d9424a796566d7e89bada10d819343bb14601dc9e56b0ad8f5f6 1640439977448 1640439978760 1312
441b04d8c066971e724257a16d15e3915d6b8222629f36340ebd34061d9f02c0 1640440012582 1640440013811 1229
a9ee0591fb737cf7427286b169ec2927b30a4b8389badeab7030bc4a27d5462a 1640440047385 1640440048390 1005
c4f01655b4f6af781912090ccb0ae986c46a90fdf38dc5c3b08d338a4e8f99f7 1640440081826 1640440083034 1208
cb8f84e0fe2b3e3c6bde1a0af09c052826ccbbcc027ea2584d3a716f05a788fd 1640440116950 1640440118072 1122
e626a33ac1ca34a787f951fb61a6c06fba2c85f0b6d39534bf38249ea3b2d297 1640440151531 1640440152670 1139
b6a8b54516a9ec174a76fe475dcee876f686cb932c1fe29d004b84c393a35d53 1640440186725 1640440188088 1363
c2d74850de68e7c840f726063901e2febc53157eb862c0a53700f3cd6a1cd344 1640440221817 1640440222990 1173
013e7ea42e725eb31203f9df6fcba45b11697661e5b4fe322180d2aba5f1c798 1640440256666 1640440258324 1658
138c26363e5a4a4810d3d12850ff22db87cbc812fa4824b4ef5bc9657907b19d 1640440291703 1640440292944 1241
2cc3e499b11b37781b50a83bf34324e8c71b522833521f9ba6df3f042a6d9de4 1640440326586 1640440328167 1581
55e1c13590602c2230e27a08bdf97d0300d524dc3e52b173323f28406bbba72f 1640440361428 1640440362294 866
d9757594e75a038237837727119175984a771484ce2602bcf43f125ab1281981 1640440396954 1640440397821 867
0787b38ded24063b5fd67d1214dbc647c72297a1917bf23f0eef16d6ca81f299 1640440431850 1640440432826 976
c7c7c44d457ac4c65d61ecb356a8794f67d3413e96016642181b079d8eb551e7 1640440467254 1640440468234 980
b5e26168f52034765b676846b019f8b786c698eaedc51a755cb8c18e2b8aa84f 1640440502364 1640440503166 802
4adc4855b9ff1308912b23c34708015930d6d806d8766cd6a0d3af14cd19587d 1640440537479 1640440539021 1542
abfc73c2e85ebf789714dc7042a42e42a1c020452a4b17e70b573e4824097b92 1640440572650 1640440574306 1656
4098581a968c43527fdf0d0ada22e38f74e73cbc9e3f5e066d6723183ac6c517 1640440607887 1640440609034 1147
33d541cc341a7d8e91291600aa314428a220321eb7f089505cf52dc9bb8a6973 1640440643471 1640440644638 1167
100485c69a00fb0965f6e3593816102b7b121cd47bf0bb400d88edd38d79df69 1640440678560 1640440679655 1095
566c01e754ed519137285f4b56fce31e3740164c6f778d6e04a56f0a7645cc18 1640440713645 1640440714659 1014
52a369c8f59262ca764034d3828e3e6e77887b1d92845c06c49d02199d8f13fa 1640440749509 1640440750754 1245
e5b6b9b1ec71f6378de70953ffd86592a05987e77ea688cb5e9eda5a012b9941 1640440784681 1640440785735 1054
e85e70e63ec044a0f3784bf8144cc37888c6a89e15943a86163dda8c1e9f4b6a 1640440820147 1640440822080 1933
8df9e1d265729a2e65eb17fe63417ea2b9f134d1b549c460f30d2785f3fed6dc 1640440855099 1640440855986 887
00d6590755abe4f219a6150962abc520a449abbd391007471c5ae218e3b64be0 1640440890335 1640440892437 2102
9e467dc7ca60467b18af19638345c1a667c1ff2c8839a9d855fbabea2d68e70f 1640440925457 1640440926669 1212
b55b361d769216628bdeb94ae295809e5a81e3d6ed39e485ae89e25c4c6da03b 1640440960896 1640440962039 1143
429a2aaf413d0512735fced79b582803b24aab94376fc97e950d89caab9a6726 1640440996346 1640440997381 1035
