bbf639a35b102756352847d5dff570ab76dc28877aa4a070df3db8de5def70fd 1640439276503 1640439282378 5875
aa2a946d77945031a21042bf616f62a7e2304673a9aa1b1734bc795743ffdc65 1640439311781 1640439316899 5118
66abae7c756327a1b1d0d0f2e560d7c5154463094786111c9af3f35624e20bd4 1640439346811 1640439351123 4312
32297813df9bd8fd38c83630748d8134a14159b87913f310b958885ca464d0f0 1640439381899 1640439388104 6205
8e5f7609a0a099799e4c68ec21edaed5787b5e08602d53f3d2d814765531fbb9 1640439416824 1640439421981 5157
7a4c36941a606d6cb1e85943a4a34ec36418abd739c8e6a2f5a801369eb22378 1640439451809 1640439456699 4890
21f09de13db12e9d58f34aa6e0be8dd2eab3d824ee7cfbc8fdf65927716e4bc6 1640439486919 1640439491364 4445
829d58befc0af04481dc105787a04dfc3daadfb3848950211d4c6df16fd32fb2 1640439521872 1640439525271 3399
bf83d6ba9562881b9e57b4b87daaebbb50eb6e65a037c830af660eb954535174 1640439556836 1640439560999 4163
72e7cfb819b67f2f3a07f6d8f3187659dfa0f6bb812a07979726773c499f11a8 1640439591953 1640439596602 4649
d42e00368e07b7450c5e5a91b170e8ef29b8e61c7190def8e0c86243a42f0b76 1640439627350 1640439630461 3111
6114f37a4580f1fd8fc382a2640249d5df75136d2c4d9637d3382c516c8b102f 1640439662807 1640439664578 1771
628f7fc0a79ad21da38986cc288d7d53766ba0a054822e29777150d1d1f9d223 1640439697893 1640439701799 3906
21026cb966c23f77bba28f823ed8f975095e584fa1e31281fb5c003b99950979 1640439732925 1640439736078 3153
86a1519c068f82f8766a31fddf736d82918085f730445d6dd24651bc94880328 1640439767801 1640439770993 3192
5da3234021962c89d193b0d5487e4b4d5ea48e1b5feb3b8eaf4a9aa862255eda 1640439802971 1640439805163 2192
c9c4401ce0a7920fe3c5ad5fc7e1d6fb7531b25311c1c4596cd40cf6ffe7acfa 1640439837686 1640439842380 4694
211d3888df0e03f886bdcbe9024483c949d026380e7ca14ab2d11f195418b630 1640439872737 1640439877847 5110
2ab6a120bf523ce74194eda1aa6ffc44089c0df879a7441e05cc977f0853d591 1640439907850 1640439912659 4809
187fcb4e80e68fe0a40e8c196f67c1affe1431e28003ffa285c55c26c74f2493 1640439942841 1640439946647 3806
e7a080ae5c1f70622f01f72d3c6f6fedc922fe53a1768949f83ca8e64f83cc06 1640439977465 1640439981800 4335
d527c3864fca584fee73d2fc35a50916cd86ace31ffe80c45d79fb3ac0837918 1640440012599 1640440015573 2974
aa5cecf1d5560206a346394b16379e98a5473a0f77f377e9003ab4ef6ba6a310 1640440047401 1640440052387 4986
2ab5dcf2234cf4143a7e4c9fcb2a291abdbf9b838d402913db2d11d19b3320d3 1640440081845 1640440085367 3522
ad7dde8089d2eb2bdc57ce290ddf909a13f4c8d770c8cf21e77887d22d9424f6 1640440116966 1640440119953 2987
5b5800ce22e5e672922c304f322008f4d7f19e22ead8cb0bfb0e4c92b284e613 1640440151549 1640440156634 5085
2139d62598a873c7f7ca1fe623f581136b15f8e15dba14c66a583fd3f8f71e32 1640440186743 1640440192153 5410
9754f50e3384a4585379ca704253a13514d3b8a0124ca6c386ab98ab904a338e 1640440221838 1640440227539 5701
3b10998892d6e9effe51e2b3f2f40a86481583733bddbf6eeb1d4916b284f689 1640440256683 1640440263252 6569
fbe2f4f1c1116730ca4925150a250dac35d75fb4ea7104b4f27699f3881acc6a 1640440291721 1640440295806 4085
76c517d47aebc301d6902c6f690c1abf0eef588083bf671e8abfa48c20e39c54 1640440326606 1640440331784 5178
56ce8f60bab51b0cc5c861a855963f3e3e704309502588c29c43ca82f8481cef 1640440361448 1640440365542 4094
1c1199ecf94da5b0743387dd3f23abd5ff906b6a2bf14cdf0bea6eca7bc10c86 1640440396974 1640440398904 1930
c2590f7576a18c0d31e319b2e8f65f62c21ee5eb7c585916cd3d0d9b3a57120c 1640440431868 1640440437183 5315
6dd4270e027725d355ff5a1bfeb188ef1763c7c3aa2fcff34dcfba2a3821b667 1640440467273 1640440470602 3329
5939d3dc71e89928817756d9485f4d365c80b96b76ca473ba1f4df21e65fb9de 1640440502386 1640440507205 4819
4baa0cfc0f92471506e5d0f17535864f2e25e2fea426e92e9d414c411e4c80eb 1640440537502 1640440540090 2588
35b70a7b460784aa6cf804fc9aac5dab01ce6b89f281c8e6bc2dd2a28d917099 1640440572672 1640440579299 6627
df74ea7e0f9eb4e722cc301be700a65082aac2b0ce71eea0bbdf63a0e51eda55 1640440607908 1640440612312 4404
404aa85832bff0f1bc446141b14ef8edc3ba73b7ead081658fb27992c518eddb 1640440643490 1640440647874 4384
3d0e0e8b5680ae12daed70dc2e035537a96f3cbb3d3f4e2267c4feda320f410e 1640440678581 1640440680978 2397
5259c57557af79a033756b21084a4aed739e3c23997bc9ee1bbeebe2a61c0d0e 1640440713663 1640440718423 4760
f28d6932e5de23e5ab0f9546c0ce4895a855d55b5a56b4e9f2cafd337b9946ca 1640440749531 1640440753127 3596
107ab6c074373491f54a49f64b25de5f80ef6dcae2976778a3cd1133f1935c60 1640440784700 1640440790337 5637
be9c969458ea026b301348f1195007077880f9b2ce8c6c158afaa0a29f61653f 1640440820167 1640440823451 3284
b07f15ec20549783bde46a3552040ea4a01464da717377d7d1d545254f86383a 1640440855119 1640440859976 4857
b06817cb4dcdc486f23923c6dcbc27ec32d6059cf5a8e021467acee1fc630ca2 1640440890354 1640440895610 5256
63eaa0ace312d20496bb3dcded0cbe8a9763901ffcf3972b7e91f607fff26633 1640440925476 1640440929763 4287
d852f76e39ffaee46220af9f2d524682da2aa646bb4aa9c81dfc7eb67c85c9b2 1640440960917 1640440964856 3939
21e587c2e5135bb35192d07c3301365eb563419d98fedf38fa3ec589e168da83 1640440996366 1640440999764 3398
