bd7a6d476d110c51798ff7d92e135318bbcc3890c4fd7a497b55c7789b0136d2 1640693964885 1640693969230 4345
beb516b659d0ecc97f3997c73098c2713dfe56f2d031666d9ab5fb5e896c4c32 1640694039976 1640694044204 4228
01236293f242a2fdcc81be6874d3d18965a5840115d9cd3d8c77db504aced995 1640694113912 1640694117775 3863
2d2f11615fc7bfdc5bb4fea2f309ccf4dbd1f3c17ef6d02ef00f7c512a0364b5 1640694188533 1640694192543 4010
a0ae00c9d8e549940fa00e5da489d700c61b519c20a8794de98b0c01172098a3 1640694261761 1640694266110 4349
959b74e1a90e9aac276e692d65b6319a8d61af5031c60f3256ffadae0f2baff8 1640694336037 1640694339844 3807
cbe15e7ec2609d419da0ee52617cbdbfb874bba872c14e0512b04450fd5ae9d3 1640694410915 1640694415052 4137
0ad5eae6bb56b1f7b97ad17305b9e50c9c6095844917315beb6dc5829f84729d 1640694484378 1640694488984 4606
54b0c3b04a342906312ac5a27144376abdd83556de2f707ba4e36bf9cff3ecaf 1640694558498 1640694562989 4491
b467e76f6bad283aa7427352489c81c48ab52733da2b8f6b5ad70b4b34dae43f 1640694633229 1640694637482 4253
9eb57a57ce1ae83735f311496e8c63dd2b2d0cd54e3cd8a717df453b3806aab0 1640694706938 1640694711167 4229
5bef14f2adbb4d35f62ad6a539323750b997c4e5f79619623a2e54240c0568b5 1640694780996 1640694785199 4203
9ed1c14ee5a22e4b885733e6f13b096578a9ab230e5076906cccafce1d26e6b5 1640694854256 1640694858655 4399
662324099b52351ee0d341dd54390e0d46b14ba56df4328e98736b026afd98f1 1640694928860 1640694930763 1903
66d5a83329e7cac74cfc09182316ac4bef53d348eb7cd5c77f55730f50c2b7ce 1640695002729 1640695006576 3847
b6a030b7a13df071310372cedc19fea55ad0aea39415adf2ab97b16f810e6950 1640695076523 1640695081020 4497
44d6d9efcb4d8495f2caab66cfb09be238692f58119188cd773e538c92020672 1640695151039 1640695154935 3896
b175eb1b4130775002906bc75b6072cedde551017741d16d71f7a920eda78faf 1640695224729 1640695227735 3006
1182674ca9f955fc9e3690802f6befa715af203c2e3e9707d43806e7519407fb 1640695299125 1640695302842 3717
deb368665309d2e7effa9923897b9763788f977fb36aa5ce49a09f137dfa869a 1640695372638 1640695377201 4563
