d160aff0746b93924d9ee252f3194265b252ece99df5f2d23edc5e2833b88ae6 1640693964881 1640693968982 4101
5c1cc70e0c6e0226921f404813fa662ab0f728a63916a23fbec9a71fdc4a894a 1640694039969 1640694044202 4233
fa4f9807f5b9e8596b0c771cb40216eb14fe6d12950f2392c36708eed07461bb 1640694113905 1640694118058 4153
abb23d4cc385940aee9b2ecbd17a99283ef8319e27ef231b0ad9139f5389e2dd 1640694188526 1640694192274 3748
87c6a55fc72d7f41aadf8b265367b0ce00bbbf27f8d55c2a17056688df7af187 1640694261751 1640694265904 4153
4f45256419e08ef2494a29a0aa683eab0f4af02b86ab76dad5fd95afb9d5c2b7 1640694336029 1640694340553 4524
a77a765f117fd82757a4cf0d3412c2fcbda9e9dd674195bf529de5f8ac74d651 1640694410903 1640694414380 3477
7c2ef4ad0b611c0ae2808dff1c422d52015bc37c966b902f47f4b8de2127558d 1640694484371 1640694486934 2563
c561a4c79d0b1bf18e1517c2e3f57ed7cae7701493ba86128f0497edad962dde 1640694558491 1640694562045 3554
aa07e70cb18d700f8853ae0ccaae3dcfc484ff6bf5b9552fb989e2e6e983e47e 1640694633225 1640694637353 4128
dc7e478c1c7fb4d7b3e51338cba566f4894b2519ef3c1705f286ae1829538516 1640694706923 1640694710762 3839
ea8d829a003934e1d59ef170bb953fa7c870a5351bda32d59bb9c65d19abbcaf 1640694780987 1640694784973 3986
cca0a9e20b93fba42640c4b867277c626822ebffb89f8041c78650e41088add0 1640694854251 1640694857308 3057
fbf81c5de652473cf893eb73a3f15a9d8df83d1014c46622d94099cd936c307a 1640694928847 1640694932278 3431
c05a4cd7df25cc5c84cbd5610418693ca12b923fbf9d879e399484803f2e61d6 1640695002718 1640695006501 3783
625899b2a4e8c79b1acd4684afdc3e918cad560f87a4486bbc3aa56ebf286c64 1640695076513 1640695081021 4508
30b6f95eaf2b3560d9718b251f7c8e6e91010d73e8c0f4addda044a357830c96 1640695151034 1640695154750 3716
b12079156df5633cf45d35d09accbfe771b1f634bf605690e0a6d7d9657620af 1640695224719 1640695229108 4389
b892b3c1c00944fba493fcb3a37dfa69e1079b54d09a425270561e25c100501e 1640695299112 1640695303048 3936
714444f21b5d90e73c0dbccfed2000e9433d8e180052a563932db7b86054da58 1640695372621 1640695377143 4522
