ac1e754ba6818a01e49d06dc16ba687f126c6887fc2ae46a629c759baf9e7440 1640693964841 1640693966167 1326
88f98d3878e86c76ffde9789425798cff5cd905e73026dbb37a756348201e10f 1640694039925 1640694041414 1489
a4ef84f318bbbd4169aee42daf80c97272a7d79e86c579b8b2ba46136a8debe9 1640694113856 1640694115281 1425
37e682dd143fac55dc7239df2f4ff5c934ec11f66cf762b03db3fede28517869 1640694188469 1640694190388 1919
22befe167590e1ca8135d109c015f55ccf375ed003374566af4d44812eaf865b 1640694261695 1640694263196 1501
8485b6b93bca77f50cb18d6e00738908f92580fc8934a99e4d05ea122b797a7e 1640694335954 1640694337311 1357
b65f2df4431788bce9737a424a7185b5d4fe9b29a1659500de24b962eec3eba7 1640694410842 1640694412408 1566
8a71941c4aba6ea29bf1e1ae31a480d01217cf48f1f3b2a860857baacffa4f27 1640694484311 1640694485826 1515
dd7f2bb12eb09d994d1ba80eb033cf5a798a9a80efa5270584d3a41487767069 1640694558431 1640694560974 2543
a73ef33ae9df2519e741b9ff9b846c41aa2a22ae157bbe9e5da3aafd5ec0f2ee 1640694633157 1640694634274 1117
d0d9f7dc2a2dbd3bbb0871f0ab0fdf8cc855f80e9847c6b48a3cec36f9ecd11d 1640694706856 1640694708477 1621
6fe66d672aa4c71bd20251392c5a745d36b513635aefea67b28ea8f732e70674 1640694780924 1640694782361 1437
8e7bd5114b367814c9848fb8a362307d05f024e62fd1e1788c7cb61e3e28c284 1640694854183 1640694856012 1829
bdd255e4e0d01adaacdb26ee441f8d1cb99e2586165ac7a713e5d8c4bd9a0a1e 1640694928785 1640694930449 1664
c8586b2999a19a60f16f23fa149815fe6f43a4474461b7e8b942b690e64602fd 1640695002646 1640695003906 1260
a1ddb22a7a912b73104bc5c70ab4321fd09a0788ab2c0f800151b03eacd681d9 1640695076445 1640695077805 1360
7bb2758ac0c9620991f126c7e1bb28e1bd9a8ad3c5c7c03867134551d3259cce 1640695150957 1640695152585 1628
ee0cf1c324b224e371f47dd8b0a199c9f64e462a96628481947956ba9afbbcf5 1640695224638 1640695225984 1346
e1d4f7121cb54e1529b048e53676017c37bab91f9b938a971476221a38c4d18f 1640695299030 1640695300921 1891
8104c552a01bc2d0eafc40dce74854c5e3037cb0221fd4609bb99f1509d2f54f 1640695372532 1640695373989 1457
