59e97c81b7abb0e909f9269a64b6cd8a19e48342d831bb1b163ae7e1c6ca8d87 1640693964857 1640693966953 2096
5ba14fb5e8b6538ca43e1c3a7b6212676273ec4ca726c7b381d403efd6be79d7 1640694039941 1640694042292 2351
86f973b66a366b5ad100da029518f0bb4b759248c4e1c682afbeb52d8efd749f 1640694113875 1640694116704 2829
5197ddddd07f4b711e81b2f0f3ba45f9088dad11bed8cffd1f7e720cac61cd2a 1640694188492 1640694191360 2868
82536f0c7a20a3a90b4f60ec6b5911fe628b7dee0393fb4f0c6afbb72d2b6797 1640694261717 1640694264072 2355
01413d62a79e04d8de054625da57e73b8aef326af9fdf5e595cbd6056b010279 1640694335983 1640694338335 2352
61e1b3e1499c3452ea18126fd2dedb71c2e615f784f3427afe785f8c25a7a01e 1640694410867 1640694413253 2386
a80323f35092189baf29e790e31e3c24d9935916305c22bb92bc72874187fc55 1640694484336 1640694486962 2626
8127c1b47c6e2e0afa9a916c638edde3cfb297aea58db4c15873f889c3f590e9 1640694558456 1640694560916 2460
ebd1f9f5c32a314b4303e5e768ccb70d6fd1db8f0fbd40aef3087c5d22a0481e 1640694633185 1640694635562 2377
378fd1efad8ecb0fa8aba895e1fb9136e8cfea1130d98939c5386e83d4741155 1640694706883 1640694709386 2503
b698d7802a22176a35a76bcbadfd1f0266cfd5432e475a4ec5485eae2802dd44 1640694780951 1640694783288 2337
dc2242cc57ba43271660da4d247ddeb16bb41041501f0f021b0f8ba3acb51175 1640694854206 1640694856709 2503
1be9c92dac1c8d2b7241c5e0f1b929e7afefc25cae7e33a052882a83452e82fd 1640694928811 1640694931687 2876
d6c2d6fe56849b4e13198a0389ca52e71fa197e0ac87bace49dd7de7203cb8d5 1640695002674 1640695005080 2406
e11d51e43f6d3c9fc9fc051f44540e211686468f033db94105e628d65aeebb3f 1640695076474 1640695078458 1984
0917ce8bb8d8ac58d5f91fba97af85e1c404130946ca1b0bba5799bb7a7a6cdc 1640695150981 1640695152686 1705
db211207d57d9de4d17dab04bd90d014c19758bfe77c763446e60e1f0d69dfa1 1640695224668 1640695227320 2652
5b825a50bc93800c5acbc56128e96b66bc4a5b4a4edc3e792602e7cc6088f0c5 1640695299061 1640695301600 2539
bb99fcf504fbfb8f4cd02aaaea84f31f208aa235fc0aa6858e88b34b033bb26b 1640695372567 1640695376007 3440
