9fab7e96618bb63febbadbda5414097417c0c4bdf9b988fcde9dda060c9184be 1640693964826 1640693965933 1107
b0ce4ff707414c3412c69ab4c85aaa164a03f50b6b89c16b9f3034849a1de174 1640694039909 1640694040944 1035
f3cd441cc8e38862cba1e37b2b3809c2b2c7cb52adbdcb64391e2ca6c67c8aa7 1640694113842 1640694114908 1066
de62711afb734d285dd5665f9c3d9184f4e481faab294df9756d9c50d4c56c21 1640694188453 1640694189290 837
2125900c5694437631b075bb29d98cfd8c9cb8ad27c383804c0946bce082eea5 1640694261680 1640694262548 868
194d2caffb1763210c10daa8992f30cc90f56f76bad5111228adde5a907571e9 1640694335938 1640694336739 801
93ecb814c9cd4c6e06467432caea7dbfe58c078ce1fc61a42b8a5659ac4c9c6f 1640694410827 1640694411590 763
8b3a2bdcb5681d5fd2a668504a464b7bf256a7d835133fe0c40864d251e18cb5 1640694484294 1640694485047 753
cb0a7460f68e09cdcce6a9fd5454af58c89de6985d3d92fdbefdcdbc3d56c526 1640694558414 1640694559170 756
bd740857c0af05c7c0d789cf497d15001f915e4d67a4a9245312391b97f1357c 1640694633141 1640694634045 904
8f5fddb2b97a314fe8b2bab2d1d841aa2399bd50d3e3884f30c378803f1640a6 1640694706838 1640694707663 825
fffa5441e85458b831be088c153eb047d3c2ffbd377fb235c8093381d4cdde7a 1640694780908 1640694781807 899
7bcf259e3393a94ff5d4e9ee72203244b6f514f56042a8568b7d1d41dd000809 1640694854166 1640694855000 834
47c4e43f2768b4bce911f85abf45aa645e533e94ed40171caa8f5de0e924a57f 1640694928771 1640694929684 913
559c4cc7fa7dbf2fa3b64de5c03a9f86ad2c193b1dd1fc7dc92cb2031c4703bc 1640695002629 1640695003279 650
0a899c378eb7524d93f6469a7b814aff08d0b1dc09f718a8d7b089fcae53626d 1640695076427 1640695077089 662
cd0e088679e1ca2f9f1baf348520aa21ab706e25ef4915aeb0e930d6e8dca461 1640695150939 1640695151536 597
af3d3933422b877a35088993b3fc868bd938ca00bf36033076531112150e0ec8 1640695224620 1640695225484 864
9c1d578491487858d4ea5c0b2ecbeeb45b4962b9d7baaf22db1a177f411d09f1 1640695299009 1640695299815 806
15266b233e1d563956eabd4f6ffecdcbc55a6bbabad6a92665c0a5c29ed902eb 1640695372512 1640695373194 682
