e8af226251d2de2a15feb5a909e55af247ec24cc1ead93bc8b23c354e7f48709 1640693964840 1640693966533 1693
69a33062fed9b56bc8998ff008cb029c4a3d637d79afb2f2d37cde74ebae8fc9 1640694039924 1640694041535 1611
109111fbdc8a1cf7c94eb3df5fd310c7598db059f7e2b37edab631be6f249167 1640694113857 1640694115196 1339
86d7f8c5ceaf18d01855fd8418024575f8b8dbf8ea676b1aeaad43ec7f755ff9 1640694188470 1640694190670 2200
724413ce435985b562ddf7a5159055c9f2c1369518e2dd644172ffd5a369a26a 1640694261697 1640694263199 1502
d324ce71dade94de373f514535e13c92e3b3de3273151bcfa1963b7f69d484df 1640694335955 1640694337683 1728
02c4be3cbaed5051aa9e7862d032bf923a9d569d7efbbf56069a1ebb8527d62b 1640694410843 1640694412438 1595
73ff500e2301b14e6d9600d8907d89d4e0a480ce521684d4edb49c9480108bb3 1640694484312 1640694485915 1603
c656dc6759c3ced8feb483ca76147775e862cd6845d59d704d6f8f9fd45fa148 1640694558431 1640694560637 2206
e88262941615c57542e1830a9d836d5398de2f704d77a64557b32684032c9022 1640694633160 1640694634942 1782
18025dd22e863412b9d33715b1f74b64a1e48e170aed76a70770fddf8881862d 1640694706858 1640694708707 1849
275620f083aaedf4f07830ac77824d645d142344373e3246c71aa783d92b766e 1640694780926 1640694782514 1588
17ac2ecbdcd2dc7026b8dc7525595de744a69cb669ef9071689e854d2153cd9a 1640694854185 1640694855963 1778
54faa8fa10808ed8c09f8ba82375fa876a236a59cb3dd70dcdb3d028344cefdb 1640694928787 1640694930465 1678
2c5eff47bf67fecaadeaae0c6f7c79ec8e636b61b05dbcf85547e6118961c226 1640695002648 1640695004049 1401
6426eefa65366de835c5bc75249a38da9449479f895bcd2351414d81e791cfa3 1640695076447 1640695077793 1346
1f6cbe0e829775f61964237c08bc85ecc5fcf5c33370900189addc10bbff5d44 1640695150957 1640695152820 1863
47d4fa1c9d740f123d1800b2298182c4b0400f80b805d8241d1c9c22ea454e90 1640695224639 1640695225870 1231
8db2cdd499eb7cb04c1602bcecb62ae3d2307c923ab499ce0aacb0c6361db6c7 1640695299031 1640695300946 1915
53dcb8c5a4a4904dd7813fdb722a82246b76b5713b3b76f07273efcddb153aab 1640695372534 1640695374075 1541
