a6350cb6809767a858a08671271002d7ea9c648e79d4860b83cdf825b360de2e 1640693964827 1640693966084 1257
585cf024a59229de16c79b37143698c86bfeb34a906d2bc9886658bc816af434 1640694039911 1640694041204 1293
8a53789d9e5f6fb1952effd8d3ccaddaa63e280b4672ca096e6b13906e82748d 1640694113843 1640694115025 1182
dd76e9ab6d437415e5e38d5b83ef277b78713e249172f6a641dbbaf31e7096fc 1640694188455 1640694189379 924
f23c65f6fd999923c2e6698a234a215a4838b6801ebcdc9d142804b1e32b95d8 1640694261681 1640694262841 1160
d607cb24ae8f83495f378a80f7741dc09de45e72e625835ca14981e1de8ba60a 1640694335940 1640694336787 847
7f48a72f343bcc9933c5cb7f52dfbb6b7c985c2402822132d7dda756ff16a6fb 1640694410828 1640694411761 933
c30771b63c478d1dc9ad7e66024f99cf56c7fdaef1cc069bc7edfc3286a08fca 1640694484297 1640694485012 715
014c26182e5966adee9b84818fbe319edbb905f1af6e2bee95f44295f756d908 1640694558416 1640694559258 842
70c174a3430936c5c615f833df147d157d0d03e9ed854efe737b7adb2b32bf4a 1640694633143 1640694634147 1004
d1ac302178739757f057f4ab63fa2c0f5a42ead130f85210ab7c6a5ac4f35445 1640694706839 1640694707719 880
215a553093b66e3dc38c7a4306511ba63f3ce665d7745e9659561de5a152192d 1640694780909 1640694782142 1233
7b27e28db7bfc44a5aaca93df7e3f4be242face41796f7515ed1a1f1d8f28f48 1640694854167 1640694855133 966
cf0320414a3569dceacec9f83da12ebeba7e13e1001eff789cf8d4f593f8703f 1640694928772 1640694929790 1018
479c46e1745b264cecae008ad7213683df80d03708cb4a931055e166e08311d8 1640695002631 1640695003549 918
c56f514b59a665d7677073beb7165f64a6d34c9af3de2933a466da2db5467baf 1640695076429 1640695077146 717
9e8d0428bfdd287b1fa862c8a30fbbf5434175eb85907485b022396684505fbb 1640695150941 1640695151850 909
53fc67b8953077b168b7a432576a32940e9e66fa27ca2306a319be0daf16841b 1640695224622 1640695225428 806
d89c6e64169723830598d9678ae6a76244a64fb7a84279ba3a37a089ee426e51 1640695299011 1640695300006 995
bdf6cf3006618ad367b596705e41c709b48fecfc3fd5eb86a0bfe4f4766a113f 1640695372514 1640695373192 678
