6c114f89bb391e12915df64a03ff663988b56e8523adc59b7871a447d2e529e7 1640693964899 1640693969319 4420
975a2ddd414ec5bd33c6941a9085a70b6dc6c9002261cd45da26d0ae37552a57 1640694039992 1640694044405 4413
0bb49672beeb6bf6897aaf3d163c2311a5cd81f13507b0c16607d715011f95aa 1640694113922 1640694118612 4690
91aa9b8ac2d0b462b68173623a8edb1302f8d94b0b396f03d0f47fb939147eda 1640694188544 1640694192763 4219
dd0f19ab860c058b675fc7a4f51173caa085b40bbe0097d74f0c0d81503c1860 1640694261769 1640694266086 4317
07c9fb76bbc2acf0a5215b2fd3efa4506a7c152651fb394016e31769cf94eba7 1640694336049 1640694340679 4630
81cfd11011690032ad3c9bf4f77672faf3742a819b41c1ff64a0dd14d1d81ce1 1640694410939 1640694415009 4070
0a84f93dc0fe3797efe8cb71da442dab4cd64cec4d32d701a7eb92e0fae0e7ac 1640694484390 1640694488013 3623
db88ec4c7e24d63cdb826c1c3487fead0532604db4787415ee68989e9b217080 1640694558517 1640694562983 4466
223cc30085841a013dd3e907977e30f73ae025c9e14ca6b2a645d46d1a5d5110 1640694633240 1640694637491 4251
dd3908c654a10f582b72fc8882fe73f81bf6cd10838b13ad858dabbecc436e14 1640694706959 1640694711148 4189
e692f2d514be78d6ed572d43681f8a5567549a86883b65deb5810485241c4082 1640694781020 1640694785324 4304
698fa8a9a686fd5a8cf767a25e38883ee39632980133d13ec3e1f5ed32520536 1640694854275 1640694858974 4699
40c7aa85c6168ed9cc84bfd144d77580647f5c81bc2c9ddc1996dc61523ccb97 1640694928888 1640694932857 3969
05af861fd833ae492a2327c6b64803ed771009e9900c13b70e41053d17794d09 1640695002752 1640695007268 4516
6c80fb19a9fedd293495ff39518f1d10a52f5e9dbd40170b00cfb703719e063d 1640695076547 1640695081231 4684
576058d657bd73b0f357e91b25a4846c94990e74bc39efc7864f7d9b5325bd0e 1640695151058 1640695154868 3810
a8af6b71008517b645d263719d633b577d0cb0a7521487f2de25290536dcadc3 1640695224761 1640695229057 4296
f8a6772ae4c184c51ce878e1e75f53c64f667da0cdc367a72f50f1badd7bdca4 1640695299149 1640695303229 4080
9f1aeec18436d4e7b39a75f8c76bc5d4da5406312646384f92af1922fbcd966f 1640695372665 1640695377233 4568
