3617a819e96db84ea3d30383be3c1b4c0bf6ee0ad2a1fc798734f2529815dc26 1640693964888 1640693969185 4297
1f18a66599c353ae85a14cbbb0aaaae39b3adfd6b0ac8527a11360109170c65e 1640694039978 1640694044421 4443
ecb12cf1dcf01d4d7039bd476c0948dab1788841df1c4528319bff636a2a9625 1640694113912 1640694116777 2865
06b7fe2e6fa2df2aed5450fc8f3b75febc3235456cd7161ac51e8383aa70a358 1640694188535 1640694192469 3934
8dc2ae06d4addeec065005cef26f360165394b6a53ad35df86b658a53ca176c3 1640694261761 1640694266109 4348
7f791ae1bc9a84fb94982970246da649c647fe02e7a78861ede46fb8850e93f2 1640694336040 1640694340724 4684
2c1785c1e6c7ccb2dd2e57dd72cd28d670cf01df3969ff921ce8bc0a5a42cdc9 1640694410920 1640694414994 4074
c89bb8e775874d5cd7a07171892ebcc2308220f653481a476f95f207de811cb4 1640694484380 1640694488851 4471
5c1bc654215c7e36bc8c836ac3f45defcb912c928092356728422cf3d49ac6e9 1640694558503 1640694562868 4365
695c10d2bb32e0ff8799deea07a227a53b53905cc20089a67c4594e66b3bfbef 1640694633235 1640694637475 4240
e94881bcd41c3c4eb666b1d79758e6549c0bd6b397658047d13d74ae7a7349d7 1640694706944 1640694710824 3880
5aee145530452dbabe53156c7dad3f82de5630ca9ccf0a32d89494446f968e2b 1640694781003 1640694785212 4209
30c4db23c5dd9d0f70b7b752eedeee03b0cc401afedd6dd1b3dbd2faa3698b29 1640694854260 1640694858878 4618
0077595467a0ba6a6b32df4b2c030a11fd35c5ddbc4421997d1143c2392cca43 1640694928862 1640694932667 3805
25d68dd226a6a8f9b202a2a9cf8afcfb401a0ed6e1bb23e808fffbd06977bc4c 1640695002732 1640695006739 4007
e973746482a939865fe29fb7c415737d0311a76d2ee3c48d87d88d28eefa40de 1640695076529 1640695080905 4376
cfd669d68642548b1d4b43835dc30119323890ff2e9bd5d901914e6fa67ff8f8 1640695151052 1640695155087 4035
d11fbb2ea75874ffc6554cc8e0d85e7acb78fb4bd91d41801c0d5d1b9e86a44d 1640695224734 1640695229158 4424
88ab7f64caa84c2ffbf43b9025317ca1c402f3e6a07fc99834be530fda5af8d5 1640695299128 1640695303159 4031
4f184d8e71ec995d8b0b77374e89831658d9a643a594606960eb2568ce20ad7e 1640695372643 1640695377218 4575
