62fca7c525b5c67cff82922cc3c14b0f2005d291dadceeae3cf3adc5c856d14c 1640693964826 1640693965998 1172
f25f501d1ac6f293ed5c686fa0dc4fe984e7e0c9cabc7491f295632c4c1b4c6d 1640694039910 1640694040933 1023
fd20e02451d8077b8518d1db42c3fe9b6f457243ef927fdc05ba356b925e2efb 1640694113842 1640694114875 1033
a8c807679e6dfc3990c8f1ee62c48c2961b1bb584a7690a0d89f2d295a0c51ce 1640694188453 1640694188999 546
fbf0a571e1678bade307061ce8ed24b574e92d58febfa360f01eaaa73d4fdb2b 1640694261680 1640694262570 890
c29d8a4b8683680b3d74ba5e791d532be27c605c7b879a04e7d63e2fadd3aab6 1640694335939 1640694336803 864
0ad089fd019617ac18a861a768b783102eecda8a77381235b619c1014b2c8ecb 1640694410828 1640694411701 873
3a0a2921644dc3e27afb7ac235eaf8fcdd7c6e54e519b39b21fd896bdfa587ec 1640694484295 1640694485069 774
cb37954d26fff44904bf9297e55b46503eec53be503b29301fe3b925a3b13789 1640694558415 1640694559261 846
e06f6e9d1ccb118f1c443196b05625844eb1bf2d02bb7ada1fc5527118e7ea28 1640694633141 1640694633984 843
f27cf0ba3c7259aff9b53c0646b51a6190b7db26fcaf547e08fd53258fea1f67 1640694706838 1640694707425 587
ce1dc336a3820f17d1b248f8cfdf768a8d5404b5e38c278e7d487c5eb0a13d5e 1640694780907 1640694781937 1030
6c7716217580a826ae4d736f378b2cabcc13010ff66e8b4f1701beb148f727dc 1640694854166 1640694855078 912
237f6ded5346c56b1dfcbf030f035b5ef5bb84b8e7812131d8adfaed1f99e7a9 1640694928771 1640694929584 813
3b2bd18aff08365d492001d7745830c318f37f6589a7575f93c5702c199136e1 1640695002629 1640695003945 1316
031da8a1f2a613cc762f0a2aa310a6cb71172d8ed0a4d56af903aa25492bc9ea 1640695076427 1640695077105 678
fbd7aae26e4718b3b0ccafdf3188b436417836e83a9085039a10e54447a46794 1640695150939 1640695151585 646
e8f99978a7fdafa9037f623c0e6d8bafd9249dd08ac4ebb5bda2136153e8309e 1640695224621 1640695225385 764
900325df542139c276c91db45df36113ae34686ee683af4f22a899d8521ee71c 1640695299010 1640695299880 870
e15366fe289e415207dff95aa6689f0a33c8dff7860beb5c1269ff4034442b73 1640695372512 1640695373158 646
