3e11b89f1027fe5f89982865c690e2d4a05d4c9c7f54ae3ac56636df5dc49931 1640693964831 1640693965983 1152
c701ffda55d6f4d22213b44a36358be22773b5b1493826069dd000cb7f7724b5 1640694039916 1640694041311 1395
2ef9c0d8e38ed783ab0d2397e2522b1ff18e08b5ee98146d5d2f84665ddb646a 1640694113850 1640694114999 1149
353976114b849d12d265e0af7f3e359527b0ff3ed3e21b5e430932c5de606d9b 1640694188460 1640694189711 1251
637d963707836e979b60a26dca8dff43a0b8eadb51db64892adedc1bf8b6aa80 1640694261687 1640694263040 1353
46343c37d4d02957a551b3286ca0516b379f178f0a2489a7042daa877580e4b1 1640694335945 1640694337140 1195
10e3dca7c5c6bb8bb9cc0b6e326d20d780f2fcace546d9a602edb86e8cdb8f5a 1640694410833 1640694412232 1399
b00f74f30e1775f9c4c3a7f5d864c2c3ca836e9d162e8e67dc80675287ec36cf 1640694484304 1640694485551 1247
0c3e14d6558b69bf1b2891258f7aed344a857a47ff60d7af0fb4c012d64ba276 1640694558422 1640694559711 1289
eea37f0e7aa65594880cad49d90e077564cff89c30990b5a05b686f585cc589e 1640694633148 1640694634413 1265
b3ea5b746511fd7f88ce52d1b79fef442dffe90a9281d7be2c29305c74b42d97 1640694706845 1640694708174 1329
aeb967660f38296750a2026aee498c5533d7a3ceed6cd916751abbbfa686e27a 1640694780915 1640694782346 1431
4708dc16b9ee9abe31b803d99933e8daa6942ca3741358c93055c6044efd0109 1640694854174 1640694855629 1455
9d9480584ce43309a7d2a2bc1f93855c4e5a9140bbc2ae1a3db50ddf0d2a7d25 1640694928778 1640694930080 1302
8fdbb213ff99c7336307f81e409a407ae7a464e17aca6c99a9a25daccfa75e67 1640695002637 1640695003225 588
6967baa385f401267bbdfb0fcdc32e48cedcc5edc954df60e0d0be2d714b1d5b 1640695076435 1640695077558 1123
20222a859e050cda67a46d5ead137826abc9612a4c3bfade40b70b381804bcf8 1640695150947 1640695152431 1484
c31d51c284dad103b58bf29578c2028d846db12935a6c4bafee33ea50c91b7f1 1640695224628 1640695225531 903
82c3040234d1b93e83426df3ba1313018335ad08ced7a42dd8d5a7437fbadc6a 1640695299018 1640695300085 1067
2f0c4f8b181d14b93bdc093163a3707270d07812af726a786a04fdd58158c67c 1640695372521 1640695373766 1245
