c741f3a3d19c9f6b043cfde0fce5e28f22f0d4d3e6e291ac8a753462b47f8fca 1652086362932 1652086365653 2721
8e3ed5cb05a749d37ef9611f292252caf5d912d18f5afcff0aa65e1ac5e36b9f 1652086384488 1652086387162 2674
9cd0714e55cd2bc45748898495c6dd104ceac7e07f865650ff06d04845597d57 1652086406067 1652086408836 2769
8541adba671f10a85b8628dd8bd52c9225d43bba3d5408f892bb6c1a6bb37236 1652086427604 1652086429808 2204
a0148e491e909ac78fd4cbad65733fd756756ba05f199bc8f685e77163620c24 1652086449148 1652086451916 2768
6295cfbf6f4b3a8dffbe1f58124f7fd6995874aadbde92c13e3378bf3802882a 1652086470742 1652086472973 2231
fd33ea56d6e623fd74a1666c5f30fb14d2c297cc99c5b14ee01098281d014ff0 1652086491797 1652086494431 2634
7cd71e1122431b93094dfb45043fc7b261021ad0bd7ddc07b9699dc53de1a8b5 1652086513199 1652086515991 2792
214d3bfa2423fe3431813ecb74ad12fc1e0396c63b4c2c9f42a8abd016d5d6c3 1652086534868 1652086537715 2847
4e142329042c955f0f306aa6791fada444a295570014a8871db21ab966af079e 1652086556682 1652086559373 2691
