f84363e6fc9dd1b083c68b2677e27d697d1ae49483bf3fd923c1266b6d38af7f 1652086362952 1652086365294 2342
74acd83b59d171921fc3c9cd7f855e1472d6eeb7901b20f90973d4224a1c7c99 1652086384519 1652086387225 2706
366cbd4a6cb391174177ec12174f7396e737e61aeb3342c031c51316ef248c23 1652086406088 1652086408426 2338
670b2753196bb06c273aa34a68eac31a43cdfbfe3c5af7c018c7d7a5847a897f 1652086427630 1652086430334 2704
2672b8347ccce710a41f25e6b06805d1180cd2ecd7402229eb28b09b8770a42e 1652086449172 1652086451838 2666
dd17a1de8d5a2c7a27f1f3dbc0c895388c9935e887e506dd35b3dd510f9b9134 1652086470777 1652086473510 2733
fbeb980ced8dfa82305c9d381d105d60a85b85273b922fdf735c915d8f903238 1652086491819 1652086494423 2604
337d717a8767ff85437a84af9a2f957c4d7373f23ea184ed138471fa1f09621b 1652086513220 1652086516034 2814
c8cbecf1b2153eab9b4f4b10a6bee76500b8327a172ff1353426ee76f2c0b2d3 1652086534896 1652086537848 2952
d31b82b19e0db16056e40db83cab9b5626379d00410f04748c12b32cccb51af0 1652086556703 1652086559380 2677
