df7ff89bc33885bdbd61b2859c97027ee3cd842753e2f78f79b0cf0086f68ca5 1652086362926 1652086365660 2734
3307b4f5681a977649f675cd786aa13f7d35ade7c926f216027ee9781ccda140 1652086384481 1652086387247 2766
4645c287a78e8cce51f3e5bbc7af764c7c8a64ef87b35423c9415589542d9c5f 1652086406062 1652086408722 2660
62d69d5e6a5b3fe707c0672ec05ec5903213ed89ac413aa0d4c183c485d35b7a 1652086427596 1652086430309 2713
da503f7a1ebc40de19aa8753ca6a239c54fe34c9731037e13b03f8f85d364f37 1652086449141 1652086451916 2775
78ad08d2b9076b7c5a7144414927eda50c191029a08794b7485d48f4af9a4eca 1652086470734 1652086473473 2739
65374764607cf043d3142ac514bf4497698f4d7d9e2efb14d41ad71dbb87df9a 1652086491791 1652086494343 2552
f1af598134da9980fdb7ab08b03aab6617d88b3039240afcc7b15abcf69f6cdb 1652086513192 1652086516023 2831
c80e2a3cb02a5ed32d5b11829284a128f8cc8b1145de798d3863bb2e0866e929 1652086534861 1652086537657 2796
2c2c98e28b4b2a79affac6a21a1016265da26a91ee21b9ac6dbfc273c9ce34e6 1652086556674 1652086558803 2129
