d2206f73e014553d4c53f5d4ffd96fe9d4a36844280830fe5b184590877921c5 1652086362951 1652086365652 2701
bae239e445e0d2cb647773af809a9561ed9ee5949624908288d7f86de42e1d4c 1652086384511 1652086387181 2670
86e0ec42a2354f23042930e9658f9403b075db32ba601f8a4f66e110ac74e0c3 1652086406090 1652086408834 2744
31a954ead036a5aa343b55444a6e4bc534d81542a699e184c0fd46b02b619407 1652086427635 1652086430407 2772
5894204df0b26f7c45d3640ff1702c2a60ea34d41e1dd40039a85d4354b3a389 1652086449173 1652086451863 2690
45a55a62868863da1f78413a525ee16e71bb5d5153c43cebd370d82c5d358e14 1652086470772 1652086473418 2646
3a4a26f0a29cbafa7c1932b11d1573f8487d48aa9dc80922484178260b5572df 1652086491820 1652086494388 2568
6bf230e780b7593156e7bc39b92609a9aee48005e48aee8e980db0d310432a44 1652086513225 1652086516038 2813
713f66dd9a4396f6c2e6cd0d986b0dd1b031b285941a027afc05d5192221e74c 1652086534894 1652086537630 2736
cc8074847bdec8dbdb6859d497a979336a01830996b2046627b598ee30f28056 1652086556706 1652086559422 2716
