bb173da7e0ae4b7015e3d31881f579252b9500543be56fb54e612ac8ad13ded6 1652086362924 1652086365291 2367
659148be17c83ff15cdb571c532cbd1bae2895fe4531715248ca8c4410733337 1652086384479 1652086387182 2703
113b4e9977897ce2ed3c9627c67c0acc3b8fbcd5a949a42fd9ea53661c0d74da 1652086406059 1652086408427 2368
fcbb1ef0b954687ad8413451f5d9ed76f77f7d96263d179b22a0bd173eb61db2 1652086427593 1652086430364 2771
0b203e6b0a6f0f6bb4e07eb311f69eae680b0eb1098d4456b2dfc26c60ffd8e9 1652086449139 1652086451871 2732
be6415e569607116052b109b1dd8237c4ba86d19a96026cad9750c0774de717a 1652086470732 1652086473031 2299
b6d9e6a0c79991de568c130b01fedcc2029db44b5b6ee453f71185b710af8d31 1652086491788 1652086494499 2711
2db7f2f3520135f61b48c29be3f9fceee2fc2b43edd56959d0831bd4642306c6 1652086513189 1652086515846 2657
3e1d1b2f661a568ea8a4e1f091704302997dd2ba7d68e183c3481a1d68fd32f9 1652086534858 1652086537842 2984
0a12eb778bae1b3b155486a584812fd6143dffaecb34f839405f05b9735d40ca 1652086556671 1652086559387 2716
