32979023b7d7f9c264878b7ba517ea4f8850904c93aeae9c0430df94c9a2a314 1652086362938 1652086365685 2747
0c21d0ccbc141c6f2817b2fcd8c3968f7e594d7de616ee1018b5da01e60cd00a 1652086384496 1652086387142 2646
a461766aa3997c31338855781ebd707abcca938f9c9ba70054804abdb95a1d09 1652086406073 1652086408427 2354
9c44cc77e24c2ffa2a76deb1c29d21cde69fefc41a77d0896131b244df5cb6d4 1652086427612 1652086430170 2558
c8abe73cdebb85902744a8b81af9ef3487c8f7cb60797664737c02deb67127c7 1652086449157 1652086451690 2533
18f144e5571b37131256d3b72f2cb9f617d266ca832329df09f67d59b3113691 1652086470751 1652086473373 2622
cc68016249f9511d002dd21af53ac7c9932b8c3c47149f82db587cb017cb2d21 1652086491805 1652086494430 2625
0e82b059faa8ccc28d4b7b81165aedc1eb970038e705f6691628921d9df3ff23 1652086513206 1652086515914 2708
451dbca82a771173465df5cea3dd8f60b0e460485d58602b7e102ec83bb30892 1652086534879 1652086537796 2917
2ef7667555dc93289da6811c098169cd39347c2d8d10171e9c45369144fd7db5 1652086556689 1652086559391 2702
