5d34ab2cd54cdc23cae48899637c0f0d96c35b6da395f87c51c3c379d048b112 1652086362965 1652086365284 2319
752c90d2aa4f4d4baa877b9ae08daff9ce28cd5560c512638c369515ba7066bc 1652086384526 1652086387292 2766
45db2ca42dc3b93fad94b7ebc77ff2b55890dda1b7f22ed253a18b8b74edd64d 1652086406102 1652086408750 2648
82acc01ddeb2bdeabe545e147e31c1e5525d512f0d4c229587c2fd79c40474b0 1652086427646 1652086430369 2723
6e71ff9ec1eb85d5bad8930864183dca9d0bbe80a04d52f69be81e1b20907b0b 1652086449184 1652086451647 2463
c6dbbde39cfa148cd1ddb9cf02b1049c07ca61bc8dae16c34b047157b3c3ed1e 1652086470783 1652086473421 2638
01deebc4502b4a59708bb957dd40393dc1c48b1791cd52d9eb1e30362ef33142 1652086491835 1652086494499 2664
674075c1c3afd69e75f28db0967a7f62172338026c3fc01d6f573593e179035a 1652086513234 1652086516030 2796
490273ccfd614cf0bab88dfb4b2fcfa67aecb77855be7ef4e21e7fb350a18d9f 1652086534903 1652086537785 2882
ece04565ac3021fde5485defea81099e60d8c4ab4aeca2eb9236ab444dac855d 1652086556717 1652086559386 2669
