df8a77ea16081ee2e920745dc8a0ac320a256e6d33ebd053c3216350757beb12 1652086362931 1652086365154 2223
2ed49f865d1ce360d1998a0ee452edf9024dc9156ff7cadedb3b7107e7b15e4a 1652086384488 1652086387228 2740
c3a6f5cf961c7d1b45f0b410e781a4e06c6b23e646115d56e43826c77355fea5 1652086406068 1652086408582 2514
33a4e6cf393be13348a204b820f6f43f2227de65578571992662c446b2f522d7 1652086427604 1652086430334 2730
df2a05c90dc15e2c84dfaefa9e8b7c888a73a0617aa382167f16bd8248319c13 1652086449149 1652086451869 2720
805973fae9bb3fad2a18edb4cd56286fdb48b2c1bc48416cb34a1e25434f46ec 1652086470742 1652086472928 2186
da6bb7496d68c38c4fce2e82f7ed888d0fc73c2ff95d8f45b7d6dad6efde0547 1652086491797 1652086494481 2684
aa24226883be94359587480b0c2326e5fbd978db954bdf397af213310083608f 1652086513199 1652086515999 2800
9cbb783e8468138aff2ad2dc5d04a8e44944c907e1f567107771ff113698931c 1652086534868 1652086537847 2979
17d2a452edb4f6e9884df929e7b8ea52d14008f871598df141e38c7eabaa6ef2 1652086556682 1652086559368 2686
