64e816ca6d6dc57af7851aee6c79a1233191f9b388c9458ef83e4199d60d5000 1640673571558 1640673572079 521
99abeda667581c764c096873948130ceec6f48050a10b2ef5750821ce7b5631f 1640673577929 1640673578424 495
9e723d1619fcd2d18bf5ce076a97f8e9a68eb84b5d90cdd5d4ea7de63e818b67 1640673584332 1640673584870 538
366d55181ca65721138279945f2cfe406b05f29656ef8e432896f2a7b9ed6e2d 1640673590470 1640673591069 599
9f717cb4f55da623012306cf7b17291037159113f622997e5bba9fdc4c4b8601 1640673596801 1640673597340 539
f4b87c01a0c71375ea4cd2ffd15afc6324ab7b777fe2abdda32f3137f2035d65 1640673603416 1640673603934 518
4902c4ec98c0d46fb3eeed02c69b3e1eb53757d6573a6e5b5d9db8165d13bcc6 1640673609809 1640673610364 555
6592d46897251bfe81f4d4732ccf0b1b9a9add3b1ed697b3f06f224c7c362b23 1640673616132 1640673616593 461
6115763ed1f1d83046957c009480d7f5b0e261711cab971eec89b2496a50661a 1640673622540 1640673623084 544
ae553ec477bc3d74868280aecc345d8764ce56edd43adfb143978569d039ea72 1640673628986 1640673629474 488
cb8073461d435e69cc5582526f597e86e8672d0a9808224c780a384e9d263e4a 1640673635342 1640673635903 561
24e9871986b90763e850ea6cbf95981225c1f2a6f3a3aa8b23bfb03fa4ab5e21 1640673641708 1640673642236 528
4cafabad4b2b1ffc9fd67ee865548e2fa94388723f990983ff0ad66d6d6cae45 1640673648018 1640673648524 506
08e72e363d41b5a0de2be5f4966b546d64329b8a51da1a9fa03414e8735ac3c5 1640673654496 1640673655036 540
a9f1383cdb2b379863036568713872e0fddfa1ff5c2d639a25c45ef6d49539ed 1640673661052 1640673661632 580
513851813e8f782e60e3eafcb226b62b32a0b623efd2540488b05b6a1c54f302 1640673667476 1640673667937 461
588aee0868e76df8c7dd31250c0c630549e624737d36bae1afeffededbf782c2 1640673673631 1640673674099 468
a650913362c50f1fd8ec3de81d3977bdc9b4768ba9bc127d3820153bb3b47299 1640673680021 1640673680547 526
5946a65483144daa8818b2a07d2b4e3b859bfb35d03bcb6ffa15046677f28a9c 1640673686364 1640673686912 548
5a2a72b24dfcbfa5e3f1d3d9f91c23c87e543f42b33d43807c4c846987b55894 1640673692857 1640673693367 510
fbff9a70f266556c708170a2d5f4da57ba128a732d8214c51d1459ae6c9bb181 1640673699307 1640673699786 479
f9c10276edea426b5bb5d9d5536aefde3e48fcbb448319db29e2672f73b0bb61 1640673705715 1640673706268 553
de17aeb2d57061eb6625e800ac114b731a1d48b444d2fc4fba6a292f0e97f6ed 1640673712152 1640673712660 508
c6389f76f64c3384b6a815798f8212b3fd22decfbfa025001bc6b01d36976a8d 1640673718562 1640673719044 482
8b1a2b56ea848722fd44e4771b1bfedd477f4f8f8e25954f264e8b5a8124b9e3 1640673724893 1640673725418 525
27d60e6bd18ec1d6dcf2c258844731c6ecc5c63065772ef620116cbc560ffb9f 1640673731421 1640673731960 539
3992276323d5da170ceb27bf680bd1727c0dc383db7b6c2dca9849ab66024f40 1640673738062 1640673738511 449
e0ff9b4548123274222c8089a3e4fcd04ec977d9dd953122e076bcb9832e7fe1 1640673744534 1640673745043 509
eb98058f1c3c290fdee81679e5f4eb9626c74fa4c94a630e2824958f4540f972 1640673751129 1640673751600 471
925f5eb923c8abe54e0e5cd98a1f31e25c87f79c8e1bf243ce990a5f7ccf76dd 1640673757520 1640673758002 482
ee6c506555838df081ba3eb69dcc6495f0d7e8b1bd6aedf4e1345b1ac03ac97b 1640673763984 1640673764537 553
f47e3bd4860c628e863f5c6f5a9bb8c9a249d8df2b38cfe368d006e857e4684f 1640673770269 1640673770818 549
dc12fa724a3e16ebca74f820e4a9664c3718d4d5a3586b07f4fec48d9731bde2 1640673776674 1640673777143 469
dec15198108301675187aae563fc9e5435fb04dfa462698c1e41bba25635296f 1640673783074 1640673783578 504
e1c268e3b0c33c4550305485c01121b74f3b22ba998dca7b3c2ad454556c8484 1640673789352 1640673789870 518
fabac259edb332de3c9b96334ae6dabb5ef4640de289c9dee00ea9a1c26486a1 1640673795815 1640673796393 578
d729b6514d83ea3d0e97a0fcd207b1bb46af36610aead89a59dc64c9c2bd4285 1640673802365 1640673802887 522
05070c20dca5202fc3307ba68ec30feb4c4e9f0c76e85ce1ff305db863026ba3 1640673808512 1640673808972 460
a66bdb582e8ad5849fe614513141cbb1ecb7b64d05e6a4daf3d9993bb355c47b 1640673814814 1640673815370 556
7f1b86bc274b858be4caeca9d028ce71b2b1e49d9cde3c2500d9bc6a612c8c5b 1640673821208 1640673821718 510
f14c9eac3bf1f8ea84e7837e81cb8373e1c21d4432584d1cb79894396c7d3fd2 1640673827577 1640673828090 513
4166c3920277df8cd0a86ab835f26a8fdb89f38d6408e36d264707ef420bbe09 1640673834048 1640673834529 481
24e829d49d73b0ebb91d85a19f153eef6f0d0355e9043f82d2887becf258f17d 1640673840367 1640673840829 462
d563843a62e69ba720db8c884ddcec08dd98f9c6f1ee871e4f9c84216d67bf6f 1640673846722 1640673847231 509
dba722e0776735cc0d8b258923557420d7f9475eb255e3ec1b12d53a765dbf17 1640673853106 1640673853500 394
64dfcc82b91a5fb1f1ba89f0970411a4d8738ba9fcf81835c0bb2184dbeb23fe 1640673859274 1640673859815 541
248901b23ac8cb29b7da5de1dbc4020ac74c03e26903eef248dd695aff31b329 1640673865884 1640673866395 511
f94952d7e41d4e339c22c7d717afc82695c93382937ad51a13965aa88b279b51 1640673872461 1640673872917 456
2e376f85bd297aeafc5069754d5e39d9011f630da9a3013884ade4c89755e051 1640673878835 1640673879293 458
7490184ade91cb196177a6f1e33eaa0d31a91919ff1fe979d152dfbf533b67be 1640673885232 1640673885757 525
