13f699ac9069f8ebb2a7b5de1b8f9848b67a61b4f84c8aaa8648f30ec00ab712 1640673571558 1640673572013 455
603f1d5a3edc6dac7623401bf4135a90b5d4ff8665d9d9afee5199f9ea2fd29f 1640673577929 1640673578448 519
59afb015aca637afbf55c160660faf1f3b82b78647131f1d240e0fde2107351d 1640673584332 1640673584838 506
cbbb6ba9bbf27bad853f7c91b981963c5655eee051c9277a142114a8142b8e66 1640673590470 1640673591007 537
80cb214585300f717bfb5c60a5d24f87920af6973e34b74a41acaa2403c1db27 1640673596801 1640673597253 452
fd645d6abdcc007cfa5a3b653c914fdb5d87fe3493261f4c6d72aa1dd5a8a8fa 1640673603415 1640673603853 438
c60b34f3775d1fb44f830f6e6a1df19fae396231a44a976f9ecde94febc0519d 1640673609810 1640673610302 492
556f1355e7d8331b7b692adf204422d8beaaa542258df4077b871f7e112c06fb 1640673616132 1640673616609 477
05208531c059ae1776f0c821f0b7cc70f7401479ff78384d0b49fc113df98973 1640673622539 1640673623045 506
8ee72f2e87102701e4ad32b9af19f0f8358fa838b1e1212ac9e06c2326c2d20a 1640673628985 1640673629422 437
ba8bd3201a2f4933c9de190e7c73759adf104043f5e94f6414c1f2208ec5a87f 1640673635342 1640673635915 573
2a4135919105a32bdbe2e4c4ad11431a1378de4d74a13ad98f6fb1ab111c9fa0 1640673641707 1640673642174 467
919dfae6607bd89c7a565e9a385f87fb51310d59091667f4bc355bc4ddd0c12c 1640673648018 1640673648518 500
fba809627d047714417d56541852d0efbc743ca7ae6f8ee7cdf081035eaeb910 1640673654496 1640673654975 479
a4a79468ae09eccb3716e10bfffd213574c31033d3e4a078f9334807f8fdc4b3 1640673661052 1640673661635 583
650e6aaecdc68db8bd930be7d45131e2204b22c544ee3a2e10c37fe11b787e6a 1640673667476 1640673667934 458
3da76205e218909cd32a0b82867ff3cb03f0d63c36113678ef3b191eb1661d40 1640673673630 1640673674120 490
1f79bfc29315b0f29611a46bcb16c7c8b7660ae110739edb0b318cf9201dfb86 1640673680020 1640673680558 538
225612fa70d7fc46ca8114e181a4eb00bd5ee12805968484bc5c10f5ca14df6a 1640673686364 1640673686770 406
75543fd36abee2efbbe4362178553524a34cb1ed7740b539a3dcefc9329791d6 1640673692856 1640673693300 444
8114067698a77d15321483a5994ca4f893ccd71e242b4ca5eed688b0c26b18cd 1640673699307 1640673699859 552
485c9ca30d163cf91dda2e4659c65341d9b501ebc8fe20af86ebe340c5077c3d 1640673705714 1640673706245 531
047c5cfc7130fb8850ec94a4cdd6143acf4325615753ecfdcd7feba99c77cf02 1640673712151 1640673712672 521
5aa721ef2757e3b30df3900e03701c400272fd13c3ad5229cc67680e4ed27f77 1640673718562 1640673719023 461
4f4eeab6b15e1a7336f34a8ac9f9d57d5a784a2395a3e91c3dcb6b5b492bc448 1640673724893 1640673725401 508
01433d0aef96eae8cf56734a56a0676e7764ea359da83062fcd1cb87dd7702ee 1640673731420 1640673731960 540
58cb4ed06fc0a9fef0db0909fb6d7150aa661bf53d0699c6e3b3e9035e9fdbae 1640673738061 1640673738555 494
e22f94403c14f55ba7f9fc106a274acf8e40fb66dc640fc47de4252570ed5033 1640673744533 1640673744999 466
1cceebf03623fcd1f5489c633879012e283a02cde637a34016c4cb76ec2c479a 1640673751129 1640673751628 499
854106d11555aff300bfd907ebe42492891136602fed48efc89354360c842bb5 1640673757520 1640673758066 546
4fa6a773bac3d8df930913130ea33b6497151d6f654dc049340ed1a18d0eff21 1640673763984 1640673764472 488
14c9a31e7c9952ea4be4298ba270662bfe579d5e72493df0362e4495bd224365 1640673770268 1640673770807 539
5585732f0327bd147bf67c430be2ef0b07304ac2d7aeac7bb3b2298482675e3c 1640673776674 1640673777112 438
5055232bcc063db48d07ae537b5e304e32ff2cd71fcded2c1b3d60847244a724 1640673783073 1640673783550 477
275899906586b850e737b3f17f6501b8d2400a0b5fadf85428942a58a7714bab 1640673789351 1640673789834 483
76b7dbeaa8e9745a38924d9b7f47f4a84bab80f8ef5af00de32cffd45a39442f 1640673795814 1640673796365 551
83eae702b31ec9a3e06adccc53bd347ce17880d365a84497d0bb2b58beaa75c2 1640673802365 1640673802757 392
e34db88939e52599d7e0faaa7725fdb48c7944af8a971a7fe4ef4d510d5ba3da 1640673808511 1640673808956 445
08d0fc88ecad346bede4c80a1799d891677aa63005b90e5202fe3ea62c401aea 1640673814814 1640673815315 501
fc7a566df27696e32222078db9736c3bad164700a46add7ead898c3ce4f412c7 1640673821207 1640673821745 538
9728f93ec8b6b5514cfde8ff51f6ffc675c80386da995f1dd15b236698098106 1640673827577 1640673828084 507
a36f7bf33656b80a2249f80bf6ab09be2fdcfff640568b1c0abbad68a8ba2b14 1640673834047 1640673834569 522
918d50d630b474eacd16e3f4b7962c492e8ef87bb2efe12ff719727162aaedfb 1640673840366 1640673840835 469
574ed660244d0ef301da049507cbe738cf8784bd91a93c3730b5e9088fe47589 1640673846721 1640673847180 459
807365977f1c5283d9a19f4718acad1b6bc110bf5409b832212c296e7e622e5f 1640673853105 1640673853558 453
c0c5071a7613ce74bd500797e55ca09681107a7e6dd2f9e162d3d1ec321c5f3d 1640673859273 1640673859741 468
bcdfc18c42027f273d80976b5ee87d4afbce8bd327335b0466925de6282034e0 1640673865883 1640673866450 567
2728bb3667bee9fd5ed235728b883ae44b31d23243e2eac2048c37645768f601 1640673872460 1640673872950 490
4c64ea655fc44139e8f5c0e57d6a93eaf446d06997b42ad5578ea1e14553e7bb 1640673878834 1640673879332 498
ad2bc0ab932273f5609827e5606930c4a00a0465c248c03a564c4fdfaf0e49c5 1640673885231 1640673885784 553
