1639b32b99d3d578fd04a674e21f905b6ed29f217ce08979a5d2097752539610 1652085476535 1652085476910 375
f66935a3afc7833a7c46d41f9a939cfe023642fe2c7df99d7e02cefb76f1bc73 1652085483478 1652085483881 403
2d86507b6e5e79701486e8fde9032a3dc96d0e44af03788d47ab9c256a787444 1652085490475 1652085490876 401
ce160d79da35637abf2cf3aff73b3dba89510a30ab98fc49d4c5802dcccc65d2 1652085497877 1652085498275 398
f3b61f179d6f05e36d3fe23a854f73b24f17a2d42bbab32bcf357748123b4739 1652085504886 1652085505299 413
b14736b8a9e60300c8acb9c760dd4d8bed795a80a3a8ed68c8fc4e8fba43c822 1652085512231 1652085512628 397
2ffa8e43e8195ab13c64cbd9f5572f1a3a3c4f620591aa46867581ca4bc057da 1652085519949 1652085520341 392
6e177ce53cf43a5618a49d1ca7c9a092f88b435472fa342461a3b40fced9d38e 1652085527780 1652085528156 376
0a088446c0d12568309b74bf1b1b77f340f46a4e143af4c4749559f25a138088 1652085535081 1652085535474 393
aed1943288f4a0b2a1a60be76f632eb6e342d05d408127d39fc27e92e770d7ec 1652085542248 1652085542670 422
