e9dd67c35340dee3370de9dba2e0d545614772aa526daa2e558fa029173bb74c 1652085476530 1652085476888 358
dad50630d657315e09a3bdc0ba80ee4f158743a31750f53832628b8409709980 1652085483473 1652085483877 404
399779a7dfa5478b511a59f4660f803140b53a455c777df390ef0e60282510e8 1652085490469 1652085490856 387
4e074384c25b1905990a6a204d5ce7450000c4ed47d547f5c4b939861f233539 1652085497871 1652085498290 419
25794b4f88841c796554e4ec309fa9f3aa5d72fb7dec06b2e975015b54795a29 1652085504880 1652085505310 430
2062905393cdea3481d7971a4ad29af192c9009a0eb724433ab3e90226109c23 1652085512224 1652085512638 414
96a3c96c21ebb97ca5705f1c00c9e1119bee9d071b7e40be632b8ec2692b1fc7 1652085519942 1652085520293 351
7659996655648561ddea556b2275694ea125efe55990d2438bc9287cc8a3d7e0 1652085527773 1652085528198 425
8b4329f870ce122267c73e989765d023a9d9b79aaeeb070aaef1939a3913a90a 1652085535074 1652085535475 401
2fafcda79c0a789f3728edf04c33d4050870fe9d527e9169dcb937d974a9a873 1652085542241 1652085542659 418
