0024851f2f0870fb19b5a994e56cad8b94edc26a5e7040251aae137f744ee30a 1652085476528 1652085476740 212
facecec734216d547146757c3750457a010fc171a61db3a670316ea99f6cec4f 1652085483471 1652085483898 427
9233643863767f5a5436a8a8cf471aca14cd41bff0480fca5fb5dbe1403b2a17 1652085490467 1652085490848 381
78cb3da4560aa671ab88457e9ce03dc01153b89f0c104338d33d86201bf56efd 1652085497869 1652085498287 418
71d9ceb1e4004bda9cae2e79836b8c83569d9d9dab31c1a38dc5cb4d3f09f12c 1652085504878 1652085505303 425
277b8b1f31c8726da390cac76cf9fe07f7a81f2a0d7e9fdf1a448375e4efa9ef 1652085512222 1652085512632 410
1fdc9d969cf121c7e3295af69fb885f42fb72101fe0961eb27b82c750d492a0b 1652085519941 1652085520219 278
5decbc7ba213bd388817bdd1713730e5730af87f4ccfe91ef1be23af51ad7762 1652085527771 1652085528184 413
623107499a58b2d8e9a183a7aefa327ce6aa7168e62203f6f7aa0f68b464ce4d 1652085535071 1652085535469 398
5e10a680ae1f47094eab8231c3480f22df35d32eccb93d18c11f9700ff4750a5 1652085542239 1652085542635 396
