1500a5a20095b2ed795bf6a327591a8824de1d002e1176d2a69116ad83d1f50a 1652085476532 1652085476900 368
00497f79a21b9ab0f8bb46fa2deedfd8014ed57b1719348945907d24f07cab01 1652085483475 1652085483877 402
1825ef7ae3bec6443f6b3e816d5cf9a61c306d4f7f8dce015d0f4e5f3288f5d6 1652085490472 1652085490861 389
84d9601c1a2b446fb9f387026a363f569181412d432511842a09581bd939cd63 1652085497874 1652085498282 408
e4aa392f0e3ff1fc6cdd608e6eafd9e81b2e4ec94890f996558d7b75019296e8 1652085504883 1652085505317 434
0d0d0b94180e29e71d5ae737aaab6c17543ba69009fd02d5075e976534e56d5d 1652085512227 1652085512612 385
b8dd464dfe66103306895d7e27b54def41619c82f3f0ea4e8817ff8d1e794706 1652085519945 1652085520346 401
1f8a10ce22e9ca8f7dd8ae5503c3b2ca3e9ac5a5f10873d6f4c3d7c9de46432a 1652085527776 1652085528201 425
039a15dd346e0bd7aa7ccf4794e0f2ed974b6e83dde6a10b2350c72569443ba7 1652085535077 1652085535465 388
b8e6c40310e6430ee2b9ce5f943c810e912dc097a6fb2c2ebb5d4cf9341781fb 1652085542245 1652085542640 395
