d9e3de357f996e20b339ba413124e85566a8e6323a1c377be2af219d0281a1a4 1652085476535 1652085476905 370
b65debdd3233a968fbd3503087ca2b3c25aa9d22adaf820d5843d116e622b48f 1652085483477 1652085483890 413
2268fb2ba7ca918212c15baa8878e02d61c3f02c92d56f16ae91e5331477d49b 1652085490474 1652085490850 376
e991cf387aaf921996751de452c4912a774cf783a4a59f445baac31e9316bb72 1652085497877 1652085498280 403
8cd1b8d34d46bb44c0bbe8e10cae39cc3518bb76ff8e6cf16ec702a1afa2d6a7 1652085504886 1652085505310 424
2ceb0d7fa8a2ba702cc310954e8f34d65446016501e880cf02f72b75df08edb3 1652085512230 1652085512625 395
983f72875112acbaf28675315b15470f8e6c23a1684624713a58fc3bc58e2653 1652085519948 1652085520339 391
148aa3aa51551571c2d78fd841019290dd7f78f5ec388a6ef8827795e6c3a24b 1652085527779 1652085528213 434
ea7ea154b45f1745e3d8c2324285cab0b103f02d189f97164fe64097483d8e64 1652085535080 1652085535466 386
d143123f40a2d78903a3e281cf45306e29f893a8cbe1fc6096fc6407340efd4f 1652085542248 1652085542625 377
