761e2b36354dd05a5ff990dd34ef89991fd3b53a6ac5bf58beaec941996c61e2 1640790668010 1640790672221 4211
2a0bdb5dc2142d7b91a0eebeedfe09d692c5f8006dac86ef68267d4807493039 1640790696771 1640790701226 4455
1f9e0258332c07deb4d91541c60b2981d4693e71425c807b42b0068d02d592b6 1640790725459 1640790729781 4322
9c3c7ae0089a22e8aa39a6f716a18313b7343479fbc260cc54152d39697835d4 1640790753943 1640790757596 3653
a4f84a9de4bfab344ed77d52cd2efad666fa0b5d9df2ce5d0729f545d7aa0e25 1640790782440 1640790786204 3764
b0347e4225c7847aedee7165cddbbdccff7147521ac691db154ecd32099aeee2 1640790811005 1640790815197 4192
01c71c6a296609faaf865a4ade869052fcfee6be5a63c07f51aa31db1abba24f 1640790839718 1640790843114 3396
03e33da119d506849c4b14f0152f3f6c973c77ccef72147310e28eb40e404fb8 1640790868393 1640790872742 4349
ff66fa49e5f6d3160dcf789c8f50bf80b5aeed6d1976e10c4accce849623ac73 1640790897135 1640790900465 3330
6f7d8effd5f9d8fbe73ba34260ca4ae274869b32035d466555fee046c6933fff 1640790925959 1640790930257 4298
95d2849043767ee6ca4f6994cafcfaff7feed805f7bdeacd8a5e1f0f65a52375 1640790954533 1640790958747 4214
064d42dc7ae829bc4407e7a2e8c718db6b6330e9098d123792fc6744992e8aff 1640790982878 1640790987119 4241
b0920ff134c1b067599d41f6b87fcccb0882ff329e3cbe73a763ed9c55397d80 1640791011771 1640791015457 3686
cff032100019009cb63d0cf24edcb6f1a73d15f9b15b0fc02f42e0a6386494c2 1640791040028 1640791044483 4455
8f17d6291bd7c39b8410997d41603d3eb03f13a6defc7243635b272522e3de0b 1640791068900 1640791072939 4039
3f5f4e3c1c205d645db189d3dc3e9d82c263f2b173958c2da3f895a57f463235 1640791097518 1640791100858 3340
d87636b455534358f8086f4e67fea946601465067856dd4b80396d2f360036e5 1640791126152 1640791129688 3536
0ae53e63b409e38d3e1bae8dea2c098a04c4ae2a24e0d66e06d14197e09fcc8b 1640791154730 1640791159182 4452
3977781bf4beeab836cdb8c8ac4a0570e9388dcfae8788c630917bc464bba468 1640791183460 1640791187676 4216
771e4dd8980f7b3b5ea1b3ded3c4a55e7271022de3ed56ff08fdce0cc7a10cf1 1640791212296 1640791216561 4265
