5cf1921b69e2d907777600da1d9d633e6a4012c86a6a2d5ba1a7bfc88303a178 1640790668006 1640790671986 3980
038ae24d224e178e8363cf3f22b54e0e672b0a3c9b285c79862d62c5cf5c0d74 1640790696764 1640790700637 3873
5ad23ff6f29380974f3aab5565c9f9a2601b39d6873d527e953652b7d137dbcb 1640790725453 1640790729554 4101
4aff6b8e265ff48ffa47c274c88125392852aff401445d2b70c3dbb9d1606de4 1640790753936 1640790758092 4156
6efa553de80c67339cb87cd95685ce6a373112fa3fd465fe46a9ca28da73034f 1640790782432 1640790785563 3131
16b51d4c8e774cd93700e583c000a737598460b96f2ae146a8d9fe9a2058f53e 1640790810999 1640790815138 4139
ac3f204adde36aa47fa47dd1ba3604e409e8ef585a23aa3849b6ce1e135f85ba 1640790839712 1640790843582 3870
78187c31f4e464bbd09be53b615f71dd50e0dccf5e78f2ccd1877bc28a964d3e 1640790868387 1640790872661 4274
daf1ccc564a3608dd169f4b1c5c397bd951bc84a9ba7b3c8309773bd96847e0f 1640790897128 1640790900465 3337
ad6fb820f14fbf155bbf0a62f4d6c352a2d7e9379fd13e9647b33c79db7cffd4 1640790925950 1640790929923 3973
72ebd78e2a2033f9cab65e8bbe19247141b5d73c2fcbb1c8065e3057cc2b15f9 1640790954525 1640790958556 4031
800beca9b2832bc3f0b4792ae4e95b7f5ce06d626318b7d3efade9eea2ab25b3 1640790982869 1640790987467 4598
0d94f67214b40e795d9e6a4ae2e4402dd419c0b079e086ae11ac31ead37f6a13 1640791011762 1640791015903 4141
4c4b872f76825d9583f5517ecb50fda72c89b3f8835bfc09880693ce6d28d4e3 1640791040018 1640791043943 3925
b7a8df28b04b23b3edffc8697755fc644a4f8eed95d451b270d55c889efd09c8 1640791068894 1640791073404 4510
4047f62e17993b5005d02535a50b219e502cc14e16eb5e1a52137061395214e4 1640791097512 1640791101105 3593
78711bb95b8aae9f2430ab8a9eb5f59a080863a714f705922266bbffbc10e7b2 1640791126144 1640791129625 3481
68b7c46ffc78eb3a86ba28879ff40613795baba80e93f80801e6562a5056878a 1640791154720 1640791158784 4064
3b4172f6051bdcef799bc6ff5e687ad1b8191276ce6d40113ab33e182a6e0b52 1640791183453 1640791187708 4255
7bed241eb97e924a2d8d01ff3984b0fc84e1afe8ec877b0ae36b7c18bd575b0a 1640791212287 1640791216420 4133
