115191e5642145219b27c8200be95fc9ed4183e3219dac5bf9a7701428cd448c 1640790668003 1640790672245 4242
26b136698bebad05b40e34d8396b3b784d12d6e4aaf6a2b277d56c1e14f825bd 1640790696763 1640790701060 4297
28ab3993c263f27f71ce47cf08d804822527ebd91dd3e0b50eba736f7e35b913 1640790725453 1640790729521 4068
396528803755e0870c215abd9b562756ab3eb8cb012562f37f3f1e9a5a8eec38 1640790753935 1640790757700 3765
7854fd749ebabdd2f769e14204794c3c9004814d3f861725c120c4c425ad579a 1640790782431 1640790786589 4158
bbc46e052aa401daf0912d351fe8787290e5b6c0db7ebcb7c51c3a3b8c96c676 1640790810998 1640790814630 3632
b7c1a5f099129a65938778515188bde619d3501ff98e2028df101eeb5ebc3211 1640790839712 1640790843904 4192
c67b32a49a20bd96d901a344ab98b61c965089b3728272c894a5dab21989e0b0 1640790868385 1640790871806 3421
cc1724da4e8739ad0e6cf334d482279a51e497e2b6e4bf395a3fb39c83b03778 1640790897128 1640790901297 4169
0f77f1633d9bc99ee67014ce440626afd0a2f22b006427017b03a9048240ee8b 1640790925949 1640790930206 4257
a8d9133fb1dea0eea5ad788c1c2fb0c2c87b7e84f9e409b2ba1cd789a4faa8c0 1640790954523 1640790958172 3649
d646740671af2d638923b070c0ae819aaef4985d4cd94317cbaa8e5412ee7c8a 1640790982868 1640790987119 4251
ff11421b988385629be75b5c438406b470d56956b9920f4d6ce3d69d840bd354 1640791011760 1640791015076 3316
27b906ffd7581973264a10aa3a1afcfaa0e4a481d28b169029a22b2e0aa3d88e 1640791040017 1640791044442 4425
6593a0f86d69ede9ce65b56cf5f81acb144bf9e22ba6626550436154eb99f59d 1640791068892 1640791073311 4419
eebda982c7f4cf0b692e22f115a2b77dc7481d2310cf2e71f25926777d2f9221 1640791097511 1640791101583 4072
c98c99f17bcc280f33d29d879e337c589cdd052b363e71b1533fb24981d3d820 1640791126142 1640791130169 4027
3476c99bc5f1e2de62d82ec71d2e609389d16f062cfbe04d9207922861489a9f 1640791154718 1640791158850 4132
1b37ebd0dff7aa22d030c8562c2cb7b0bb868e166a38f06cb2caa26b7563d437 1640791183452 1640791186802 3350
ced12ae292f9ed572e7d6235b703da3e5b0d615962783393a47a2f6c98fc132b 1640791212286 1640791215760 3474
