b16877dcdcce152382295bef34c0dbd29816418a9edc0548bd6eb2b1f0b117c6 1640790668016 1640790671896 3880
bcc7b239e051449c87950360b274ce6452c49972fe07ce303140f6ae0d6a0f9c 1640790696778 1640790701201 4423
4f1f517151a09a2ff1b8d557a8a4ed65a16b7c681971c255176256ba77566089 1640790725467 1640790729677 4210
a0f19018b78052b0968713a81643e8bf3322e379ba8c820ca22dda3875946e77 1640790753950 1640790757722 3772
7ed6b396ae0ec9bae3332e8874da586aedb54e413e36ebe86abadfeec1ecad7d 1640790782446 1640790786818 4372
ac10cc20da60d372de636293cf4b37cd339f752851990e9990427f10a0c27426 1640790811012 1640790814646 3634
f6e6b7032ffec07c16f336e975a39e8ed50989674177ab5910b356333cde933f 1640790839725 1640790843946 4221
ee70f019c66f3ae61e3ca1e2d54415827f4f00282655d985f18d75f4018f79e2 1640790868403 1640790871753 3350
71e52d5855d76564102bbf11befa8be0e870d4ef416ddd0959d14dfa1bca75fa 1640790897142 1640790901419 4277
677addcd89147a1c60b9967c3d099da30330d63ea2e1d17f9d905933fd48b01c 1640790925965 1640790930270 4305
3349d029cedd5e62529b864961d82e566c15580afe9df961c028a3ceee034e0c 1640790954539 1640790958649 4110
527d279bb871fa817b82becb767ed3d841f1f9101a9b2e6b6c25bea8a81a7f54 1640790982883 1640790987287 4404
3ceb27f9a0c8338244573df57994d3776f3c99e49fffb12027d29a3bb336a18e 1640791011777 1640791015986 4209
8208361cc57bf544edad4648ea1036c9fcefb3b7611c5770664514350e5b66f2 1640791040033 1640791043444 3411
fff2dab069e54a77f9286d13f3be6c0b562749fc70af653dd893bd035637befe 1640791068908 1640791072835 3927
1339bbb9abf78bc58f6bf6559b3035a77039cec162d1f97eab9315cdc15b0b16 1640791097526 1640791101060 3534
449622e0aa14331851a11447a0a617240919bb08e4d15745cc7b346fba2c699f 1640791126161 1640791130356 4195
02cc0dafa4cd17d4e987c981d10971861a112040d058793bb645f156779284f0 1640791154737 1640791157987 3250
3d8d0e149e1f2453a83ed8be655e5ac659b333d1afb8ba3bb3899221ccdaf7b7 1640791183469 1640791186690 3221
74ff8b922a8e2a676c18f7eb799ba8f24f3c7144916b983de5c44a57a061725d 1640791212303 1640791216489 4186
