738fe83a261fa0f53fe59980a5a3d82cc5d503baf8e99fa42af0e8d80031d4de 1640790667991 1640790671268 3277
1333379a22ef33e55d33d7c88c368b1445ee759762cf3d31ad9cf80b4aed0a76 1640790696751 1640790699939 3188
3b9ac69c1b76b5d0ce49535738c5539ab82a735ba4392405a324879d0b4ed6bf 1640790725439 1640790729678 4239
ee799a3b195d1a6140ca4bad27bf203d5f3ef1423b634651e73f10583855a044 1640790753921 1640790757574 3653
69c80157f3bbc97066841f394481c266a67b8b13d8b06b7c659c1489e67d35e7 1640790782415 1640790786301 3886
d222d08cf9ce788ab8f85bee16ce3059e64af404ebc296f5cbf5dabc48ef5aeb 1640790810985 1640790815176 4191
6287caaa8096c8fb23971be3fcbad8d4aa4b2157be9335390da7b934e9e2bc51 1640790839697 1640790843237 3540
9217b5b9764d6a1fe350a0afd007125091d0e6de361c94c4d3c1d439a8960142 1640790868372 1640790872597 4225
39867837dc2a70bdf81d3a55a830d34b4e905f759ba7bebec0b346d0f02baef1 1640790897115 1640790901430 4315
eda7d19242a5f66f473c18845c0bee340dd99935d7a7da43d72934b932553c8e 1640790925935 1640790930190 4255
ed00fbc9a619814f36a5b3d011e3db8111deddcb23ef37677d18c084b5364757 1640790954509 1640790958139 3630
13c711567e80266b020651bb29902cec0fafd66dcfd18e3c458ffa734c8dbb5e 1640790982852 1640790986989 4137
1b3f3fcdd30386965f3884282d70eba9cb8bac408fa56e86c08392d94874a09a 1640791011747 1640791015113 3366
68f163e5ab48b2fb98e326d20eac2a1428061a6522bdd2a38f83eafabf9fed32 1640791040003 1640791044234 4231
843752da277479a76c11ed1fe8388bf3ab5c7727ec1d873b66ecf44428761f8c 1640791068877 1640791073130 4253
03c3b14e3a0df23071858fdffe36de22418866797ee2e57374a1c3e2079afd2e 1640791097497 1640791101608 4111
d22c2a2e946dc1023af235e03e8392cd7e5d560ee0ae66b4bb657c5dfb735e2b 1640791126127 1640791130141 4014
883b7a24acbf0b994ff268e0c1b6e252134cae0f700586f1e76641fd9ff1f006 1640791154701 1640791158071 3370
76c65f30aa6bf9bc8668ef6955ffc7bb3e912b48cf29d9626098fe1146a0ddd4 1640791183437 1640791187719 4282
11d985809a593e317ff18a64a3464a7c65e369a6eada3ebb2700159668b41cf8 1640791212272 1640791215757 3485
