cf37df5b6cf1e8261aa993d5b5416721005995581c179127b0c894cff4195868 1640790668013 1640790672340 4327
f411fbc25c3e229926257782bcf2669bb3c8853b91417f780c624ff3bcd46f56 1640790696771 1640790701169 4398
70f30287b2e514d4cfccc46af63a9af71de4de834e6adef5215b2ccdf3a90420 1640790725462 1640790729755 4293
51570eb828d8871873137c27fc6758934221c2e54885a12593fa3fd56a788679 1640790753947 1640790757994 4047
bc62ff30356302367171598ee0d85c2547dc902b1afe10eba49f7e559f08cbc2 1640790782441 1640790786288 3847
a58ea5b3f40ca7d1ead6b6b5ee612584f4017e2d74dfbae351dc725fb1fc3bf6 1640790811006 1640790815070 4064
c02dae28f50488d6a1700ed3b097a7f6ee7750bb599a3370d70538d043540bf7 1640790839721 1640790844049 4328
70483ef5d907c17ccbe5a96134f6dc224f651c9e50f1a557eecea45755c1efa7 1640790868395 1640790872732 4337
5b3f07422be005c1f7148122990d9310f70d11eb7851c7d0c29aeec1b8b01d07 1640790897137 1640790901206 4069
f9ee5d1eb6ba6fd3fbe314b54c78d05c5dc6e3372c5b7c21a56bd77164b7079f 1640790925961 1640790930174 4213
0e6bd3db252e2a07b29de7de128c9b9b6c907f350d3c01c6b709adc5ee072eaa 1640790954534 1640790958747 4213
03df589ba25ff50aac2d101a8b4cf0b82a769c41317b91a300c499c94cb520d7 1640790982878 1640790987401 4523
7172f9faca29e6313f4e9a4b95fd46ebbb48b952a1eea4e24e6c8eeafd0a0ad7 1640791011773 1640791016002 4229
1409697a81c9dcaf41083690e9baf14e0d45ba0a7853a019a9fe25d6d5c53f69 1640791040029 1640791044329 4300
e146e8835b81b842f8a097e97e20c1dafe82c3efc227113fb962a8e124f6ceaa 1640791068901 1640791073414 4513
6e8a9bfec9e36a40ed0482d60a92198caefed01e9e6826280e6239684fea79a4 1640791097520 1640791101058 3538
65bad3df0f90597c8be91cf237c3ac70d3819a294d14057c7dd81c192ae3e884 1640791126154 1640791130139 3985
356b67634d7e330ee5770280f7eb545f8c76de3453ca6661e437cde9b77aae30 1640791154730 1640791159099 4369
ae0385d309080f13e78b53bb59f75a50f35800d0124cc30e5f4a2b8a7b4d6a6a 1640791183466 1640791187613 4147
58afdd13f26aa80648c57bc526fb67171f8c1d361e0476e93222a57957afc59a 1640791212297 1640791216536 4239
