4a3871d513acf7232d5324703f4ddc4b05217c13873bb4b7cfb61562200a993b 1640790667999 1640790671913 3914
53573991c8721ba49daba616f0304eaca92a3ba6c2c594b2a23a7c3c990ad457 1640790696760 1640790700965 4205
c5bd8ef0b7f52bd1834ddc1d6ca8fa03ef1bcf1e8f68e9b6c99ab5eb95d39f33 1640790725450 1640790729533 4083
fe6286b0f2e033ee7dd00e8a90e3bd2f2b974274e311ebd0579cf2866fca9024 1640790753932 1640790757507 3575
3d28f13598d39dfdf6208280387f01c43d4146a69da1f314488e549dc8e59ea3 1640790782427 1640790786205 3778
7049ff8ff09ccc238c2e8e12152cdfd100d6d56a0462bbc71fddc06424f490a7 1640790810995 1640790814968 3973
798d40d5a43a4071b45f8063f80da392e05c8ed39d8f6693d891208e3d645acd 1640790839708 1640790843265 3557
de01f3909bfbe72b76da11223c5a219b7d2fe334d96e142d855bf13698134ab9 1640790868382 1640790872596 4214
07f79d82fa6fb4e730d53332e5635124387c8ddc9ed57fa27f7d387c84390a8f 1640790897126 1640790900438 3312
026abcc55e727243de5ca0afa380fc6917e298127470d5b85b8e37de9be31c0c 1640790925946 1640790930282 4336
b5ed3dde8c03451bed0e80dc04193d4f246d1fad3252dc506fed0de3c48d79e7 1640790954520 1640790958068 3548
f0511367536d046ab00fd3ef4365c717d1f88a498ba8037223f951760725ac27 1640790982865 1640790986991 4126
3b13646aae4666da8d83482efde60f5e58dad929d1ca0fe4e36a76211aa189e6 1640791011757 1640791015870 4113
8618047920583885514d9d751d64367a1a0269a661511c427b32207efb9dc054 1640791040013 1640791044483 4470
e8674b54608c4725e265055435674aae80d52fdb3ad761915dde5b2ace816d05 1640791068889 1640791073392 4503
848294302a897fbe916bf409e074525ed4df61a5b677554d6bde2315a8780fea 1640791097510 1640791101456 3946
b2834ff8d184f38e4882e2d97b74d50a6e52e7938c8499e8f66c738cce8d6a93 1640791126138 1640791130400 4262
b5d8336774b80acb5cd2b9f4914c11f79cdc1b3a01a6e85c8033f2d642938881 1640791154714 1640791158097 3383
8a65b18800b53e330d2c0c159506fcaad78357d8b0715e01e4d600dc0938573b 1640791183448 1640791187236 3788
3c5617a271bd8fd473b6a03b54b1266eccf804239db817ab5cd9ae3d78d9cd06 1640791212283 1640791216471 4188
