8d76cbe78f32ff1eb73c9d4f11fdaabba9b764049215f805e26202a868018b1e 1640773327157 1640773328673 1516
e103a53614f2c6e5a3af86fbaeb379ae3daad0f917990b12f53547439bb6561c 1640773346925 1640773348493 1568
cc20a4a5636c2d536e8744e487270c7d873db6a9e142d8876129e5a3fcc5bef3 1640773367261 1640773368779 1518
14b48e09579db94cfd97206c72807f2d0ec06945c89c1b572d2ea9d82c3b81cd 1640773387590 1640773389112 1522
fcfe75b3bb7e5066bb525c201198f947dc0c688edab9ecd5b43b70b44125ace1 1640773407916 1640773409380 1464
6965cd37f398c16a742d371452c2220a9a23f1f62a0758d915b8cab7a395d609 1640773428093 1640773429487 1394
0fd8660213c362529486f3f6a9b245fcff53fd1dd08baa2f75c30fb5c54c4c17 1640773447741 1640773449232 1491
1cf48ffdea1658927898e6749b835c92854faefbee835d0d6031eac6d270b1d9 1640773467490 1640773469084 1594
1f4051f5ecee9789936468da3fb3eaa196ebe98bdd26de06a315726173401847 1640773487561 1640773489076 1515
eb4df9d664df74f3506785fb7511a38b8f8af2f59fb01ede7a6286638a11e385 1640773508138 1640773509441 1303
0e44eaa156435ebad4ca8daec9a328f410193cf14261c47421fd413171965e66 1640773527840 1640773529342 1502
669d42af670efb1ed19906e22558c8145ccf6a79c30b07d96a3a2b3a032e546b 1640773548038 1640773549298 1260
d057c8f6556948313a8cb270531bfa5adeb7e04eda923e77e10c0f215917c2a3 1640773568466 1640773570120 1654
835c8e13e12dcabc8f9753f98ac396b7b6ec15049933aae918a5c62f6bc3c720 1640773588260 1640773589828 1568
da02b33388331ab8fe88a137b9e6af5d298a362dcea8b6616e2202e4f535f94e 1640773608597 1640773610219 1622
21f73657a0ee041f0f0234fb73f45200329523726d4be306f90dc69370032237 1640773628403 1640773629811 1408
545dd7b537ec0a28556adab1c57491c872b166ff18a01cd3d1874d4e46298e3b 1640773648340 1640773649932 1592
d9a653b81ba51d81ed90ec5c57d7fdc5c67e13d612dcde11864aebc8bb25fa09 1640773668890 1640773670444 1554
cedff89b014e271ea9a7fbe6ba1e2c63d988be92273253edd81839aaec6105ab 1640773688785 1640773690290 1505
d96ce086761fafb4f83fe208ad4d4c613dbb11f8640cd2d7a1f5ed80195c88d5 1640773708736 1640773710336 1600
32a73b13fe5ceb5e3b5266396d14da1e72da25ddbd865edb58599dd5aaa6f22e 1640773728585 1640773729994 1409
136f95aa775d94c198926da7d02ceb23cd32e74bd56667dad4475464962259a1 1640773748045 1640773749416 1371
91b771d916c982cb296519bbcfeb87407b9eab071554081bd9b9cd11bb405578 1640773767253 1640773768824 1571
e052801acf5a8df493e56992e3093dc4bca1309c86ec1ad977fda6b110f12cf1 1640773787157 1640773788743 1586
76f9d8eb8973e48d71e7fb689e9c158a815cd62cbdcbff2d5f59b3e83e1e7441 1640773807247 1640773808232 985
6505029e22b91e704a884ed9e27680d46326f0be7cb40d23143ee196eca6bbcf 1640773826750 1640773827723 973
857dcf56064a8d7e7800c6b39f7129d3dedec02d0931c746d9383b4e2fde2f62 1640773847429 1640773848678 1249
6ba4775231c00328c7bb7c9050c35d06895c0cd0a501d3228865d4cbc7383be2 1640773867500 1640773868948 1448
2b23f608ccf3c95c0baa1a1cb2835b75195bf99f709e46fa87cb056074dce6a1 1640773888318 1640773889704 1386
fd61e9060fd0135de72bf701037142ba0c7312ef446066df14c8911f6315648c 1640773908286 1640773909814 1528
e5c78b7c82945307bd2cf3bd9a2af387722b6a1be6f0d09eadc30b41b6f0a40f 1640773928697 1640773930254 1557
2d047c6703448388c46ef253f9a703446bc02c37bfb91609ed55785f1422cd9e 1640773948995 1640773950598 1603
9841dca324557dbbe9e193f36c0c6bd02fc330be3fba797694cafea5c7eef5c3 1640773969395 1640773970893 1498
1674fd387c90bfc2cb3017b0ec239a784274385c2fd158b28673c3ea28f1f8d3 1640773990137 1640773991592 1455
690395f28b909a5c249b8c4af777f0504997e1b5e1ebc05c06f5480e5658310a 1640774010441 1640774011984 1543
916273a2a58605618cbd623c0d2f16f299d1f466b9ab92db159a97ed8ac1ba0d 1640774031029 1640774032479 1450
49c1a156e3727b96ea73a53815681bd1e217c7413b470daa7546ba7c8b7e3786 1640774051371 1640774052755 1384
f616680490680f7a2571cf12eddaa8da44fff1528bfb1e3ce09c1b758fed784b 1640774071298 1640774072742 1444
9333ce42d296cb740f5b916f30c405b63a29ba157047e195b43c1e568c2a6f84 1640774091526 1640774092949 1423
d34ae2556e357df1c10f71d3f078e6027583a812975f89b26c52edd4672536e1 1640774111779 1640774113225 1446
d6ca9393fedd2ed2baa71d55f2aa520df799f04cb34c768b5969645ad6db0cbb 1640774131410 1640774132581 1171
2c0d2f032d98615c8d668900dad2681d80c50331555a60c629fd8199f1ce410a 1640774151859 1640774153324 1465
dbe965542d79cddc6ead94aac44946fdb094f88f25b03002350ac4a15ede425c 1640774171738 1640774173058 1320
a7e6d8f85e976289dfbdbc6a00c969e317cb23598815ae09622afda5b639be16 1640774191285 1640774192747 1462
27b5b0766a1e92d3b7c4d8ab6855c9a6bb25f89344e90440fc224035b81a96c8 1640774211240 1640774212253 1013
e91da246caa0cb76a0e2a6b2ae8bb3aff0fa33c96551642870d943c528204342 1640774230964 1640774232351 1387
2fdaab345dc8fa9d59d8d43352e85db0a998508cc91a51223cbc62ea75f03c57 1640774251143 1640774252436 1293
ba1ba21c8814b8caef4d1eeb0b5dc9ea49a326bf696645fc08b53936fb4dca77 1640774270832 1640774272031 1199
3deaac74e504430d51b29a82582baaddff7a4856ffacaa3edc5038fdedb925c4 1640774290494 1640774291863 1369
65174c9ac0d075370bd7a5383156a729be4593da691a60002252c22652bd42f2 1640774310012 1640774311073 1061
