4b1e268756bf0fb7dc041818c0b1d1805d51fc0fbdf4a3c7dfc15f7650c3eda6 1640773327123 1640773328639 1516
7da47ed18de7fbd244fe777a1bfce95f22220e1db696649928b41b143f1d4a4f 1640773346890 1640773348062 1172
5c9bc81dc41bc704f464e1e710e68e5c6902b3c86934ff4387701f009cff5f7a 1640773367223 1640773368369 1146
5f8c4aae765e97cde5feb38f28bcd09446936c474529ee3107cad363fc049088 1640773387549 1640773389125 1576
3b7378d2107f8c9d6f4b301215c1b58391c55e7ad4de5f7958a24368d7c7a442 1640773407874 1640773409391 1517
cb61711366fd4c937032acf13146bf77be97f74cbe0822fc11ce5238fca5aaa0 1640773428049 1640773429491 1442
d2b947677dd6059ca26fb20669a554220c2b6aeafb5a94da3017154d80f2a5d1 1640773447699 1640773449237 1538
94fcdae68dcf56207de93906186ff4ebd9b51d68156dee79dcc40b17cfffd343 1640773467444 1640773468706 1262
66168a92d2cc6f1a7ce4fde5ff5d14f5bfd2b2d4cdc9ce9e44a2ddf099cd7847 1640773487514 1640773488712 1198
e07d81cc82234bf62cc39cf45e5a95fa24c5dae38092bb6384220be45d37f6e5 1640773508089 1640773508947 858
4f77766b838e332ccde97b761aa556328ff5c92fd29f5f7ab1cba9e7495e0164 1640773527795 1640773529344 1549
30d6956b862db7e27b801536d5a259776b8e84025ce3f1f876b5d3fb8204b561 1640773547995 1640773549596 1601
05f73b3bbb1c8647e93174a3670481db0fd5b25595da3cde7e99fb5d02ed5ddb 1640773568415 1640773570116 1701
55a80ffef13323a0a972a3b4c58d6ba115ed4a7f752fd4a9847ae8342ccbcfc2 1640773588212 1640773589819 1607
f50b164617e457d52f5cbdce17406c4916d4a7fde8530d734e32fb4fb698e524 1640773608544 1640773610221 1677
1273e82c81a02b3d47c919497e940e3d01864fe7a70fb53b6714300830f6d118 1640773628349 1640773629390 1041
e349a2239c24b946ad04948a5457e75e689d136b4120555e580dbdbc8e8066c4 1640773648296 1640773649931 1635
bf3aa9fedc002c827d1df0102e3508a69ddb042e0a61428a963189989a76816b 1640773668840 1640773670082 1242
d4c58d3e4d06675e83e8f108fe293aad7ff6366bedb793d4ab8c6078b19353b5 1640773688740 1640773690290 1550
35e7dad7a7948937071970e7aef85afe5a6260a6baff9f3f80666acd9f2f2f79 1640773708676 1640773710341 1665
fedd72bdeed0a39e85dcf480b71dd4b34698afa9f37b044cc900bca4185b4e4b 1640773728536 1640773730007 1471
44d546207db333ccce48f67ae28ef685129b3f988d1478c40084cf403b0d1571 1640773747992 1640773749418 1426
b3e76fce0ed713c9956c87b859d42441fa4d9be0cc3cae2ee0dca11014810aed 1640773767198 1640773768837 1639
e4af88efe331be8858796453bc81919dd6b60cfe7bca127a3b7aeeec3193481e 1640773787100 1640773788744 1644
9cee1276eb62ca03394127661215fc7c0a274b7e344ea70311741adb0b22f85d 1640773807187 1640773808070 883
d52cd40de686ed914322ddda935ea8d56f7539c729afc9b6fc5c2a4bc9e33e6b 1640773826693 1640773828155 1462
023a0401ba8cec687db0e40174183dbc2555a7856a44fbe50a9f79411b7ef3e1 1640773847374 1640773849035 1661
8d83d1ffbdf03473cc38b859fb46f139c5001543cb76bc971e0e04a94477d752 1640773867449 1640773867862 413
9fc47f6498f09347664746e3902670dad23fb742d4a2d937a5493668a1b5a776 1640773888263 1640773889136 873
c15a409c11a2b493fceb01b187b3589fc23a17ed22296d6eff0c99142bd2c555 1640773908231 1640773909812 1581
c0cb5839d419b132fe7b2392c05d0811f3ea78613bbabb1b4bc3f74c00123099 1640773928636 1640773930220 1584
3878eca100f466b16173f1b8782282690e0f2534aa53843d01b84498ecce6614 1640773948936 1640773950600 1664
8ab4b3f23dfa231441db89b705a23e587543ffdf896b3bdab33ef88dccc1542f 1640773969332 1640773970455 1123
94eeca135b8977332c05339f9f63c481c7401fb877225986c2f8f5509ca57d57 1640773990078 1640773991130 1052
4124679d2c4d1da9c9cf37b4965208e121175478560c285c39f36284840889f9 1640774010383 1640774011496 1113
168b8521304126f8e660f3323d192d56db9ee10d34c374a2c2407c0f17167393 1640774030968 1640774032490 1522
d61a8d6e5aecde4b2cb50587ab8afbe09919b9081a287a694384bf28400db780 1640774051305 1640774052754 1449
567bf79c9f2e62f33f732fb29ae0c30ac257817ad8ba5b3f5a7963a1ddec7569 1640774071230 1640774072747 1517
e2aa4b453317cbf38e55e7ce4f6202aeb8762e789707286f9e9a2f9196210f02 1640774091465 1640774092984 1519
d345f40ef602eef3df4fc051914aed54c29d4ebf9d0b4bb133425f6abf2fd4ae 1640774111719 1640774113224 1505
be5bae60f97ffea66ab4d104bf4049cf01f11cef726de0107cfc5c3fa1141ed2 1640774131350 1640774133001 1651
4a7c6767a3649d5d7b708ac31cdb110051bdc5fef0f43cfd6716d0edc4c08c2d 1640774151798 1640774153296 1498
376f623562a8e40edccecffa470423b64b19c76c649e1e10293b7a66cfb57d72 1640774171668 1640774172659 991
7bf7520cd24fb1d36a0c90abbdf39491d62b951010fe8fabee71ce9fd51410a6 1640774191223 1640774192740 1517
d58590caeb056c513798a9f0c071010c0923a324b117a64c794f15e0bcf464f9 1640774211176 1640774212573 1397
72deb7c84f0a205efd8c652049263328cd7d7888dc664587b140661a82143f80 1640774230899 1640774231761 862
56bdcd72ea3d7d7d08ca5f2a5489c3a7dd867f035cad13e492602cc994774b41 1640774251080 1640774251953 873
228acc1fdb0dbae28197baa50533197d70b2d3d30e107dac1300d3e1792f4c42 1640774270766 1640774272328 1562
f697b0e1378237a3934341a9190ded636325b4338e24ad547aa82c8986a56860 1640774290424 1640774291284 860
5e9c23528bd01decc398e24ca40fca789717d4f4d8242a124fda2812b3ad1d50 1640774309943 1640774311062 1119
