daefabe6827d5df5554ba562c7b59fafa7d58e493b22a87d17ce944851bdb4d1 1640773327142 1640773328202 1060
d2e372893b071e6044f3e7bfa48a8a6b359419d829c9a63e7198fe411a1560b8 1640773346909 1640773348097 1188
6f45292a08e6d9e9c63195084c7a212f4e7ec18789f59115862c371eb250df99 1640773367241 1640773368775 1534
cce8d2e99ce863b11a372e6263325a88e1874b12ce0b92ecb6f595ced09ba9df 1640773387567 1640773389130 1563
f5c9109fe6b21064bd39270e05b374f58ebdf3e0890d96278642fd88137913af 1640773407896 1640773409398 1502
ace64b0a77be747084dea9908ed67e780ea9c82794c046873d173f1f1a697ea4 1640773428074 1640773429479 1405
e6e9bd0947a007ca2a2c4190260e29e4567ac4a22d3d9c11b98d94d8e0235364 1640773447720 1640773448838 1118
f675458e3772b28b437085cedee115edf8db2e279f99aba3df40e1cc46ced51e 1640773467469 1640773468713 1244
62f1dfab398b0b40913344fadc345dd2501f08259ad7e9addf46ebe06f1417ed 1640773487537 1640773489077 1540
24ed261ca94185292774141b0e2cb1e0acbb510f786a485801d967302388461a 1640773508117 1640773509479 1362
f4d5167b98fb9c28c11a010be31dccfb4beb29bbbbd1838ff1d3f48f93a29d5c 1640773527818 1640773529307 1489
3d6f90583b2c8a4c233dcfc1ad0bff398f591305b842358f54c9f8ca38be2b02 1640773548019 1640773549286 1267
d748423f7a6fa67f9b1dc08edbe0bf0af70c41d27a9d75f8dbad8f96b35bf841 1640773568446 1640773570095 1649
33f304747cd8c2dd5cf6b8102c3033e09dfba54a372d2312a2e31b12d80ef33f 1640773588236 1640773589251 1015
c1ab466e55c477cf32e07d2e1476ad0dab7ef7bb69ac6673eac8ca1e4132be72 1640773608570 1640773610221 1651
e2af4f7e063501e4ae037056d165cb7527f273c0edb07fa74790bf580fcebea6 1640773628377 1640773629800 1423
25c8e7ae4bb2a67af2b9e20186c8dc85f1a7b81628f3a7f64364f793d741ebda 1640773648320 1640773649934 1614
7f209e4719d5f8dd7ee0d171e70e656bff217dbfde64cb8b6c68884d58392dad 1640773668866 1640773670444 1578
ca49292a23c1abaee02e7c9ac6156b0ac4c6fc4e19ac973431cd36d9d3f7e3a5 1640773688764 1640773690289 1525
4de2c4e5b5f657b633480e6c4b26be49a92ca3fd0a5e46164b92defcc08ebe74 1640773708708 1640773710318 1610
21765c0d0f413ee73600ee66381696c00fbbccd888257f6f6de358a660afff60 1640773728561 1640773730012 1451
05ac06e8d3704311b9bec11a8378b38331958610e891268e34a7ee588ebf558c 1640773748017 1640773749411 1394
772e9edd5dc80bfe9fde706a02a8cdc681c1d0223fd7ebfb6de8bd6b1f54ab85 1640773767229 1640773768833 1604
7c2e92e4e1ae8009712a9d05d87e2e191466e447b60e22a35363b713c1f2d038 1640773787131 1640773788743 1612
9c85a05dd9769299f94d42d8d2d5ea400845b702f8adc5c6742e5375156428d1 1640773807217 1640773808551 1334
3560f2f9fbb693c0790c59f09b859904daccfc9284be3bcffd3e0d5127f8f95d 1640773826720 1640773828162 1442
39afd8c3a9e29309406a383bac6488cc0b5b8b21351203945dfd71aa86a52321 1640773847404 1640773849033 1629
b19d7cf05f36f01c31f871e0c319d59842432a52d4fa6ec2338d7db148b7c3b9 1640773867478 1640773868533 1055
1105c034c707940e20bebf2a653b4c4b40bd999f7d12a16a9dc99e6fd6eb20ed 1640773888292 1640773889705 1413
9fbf527d47f346632ff5e4df53d176ecd8ab231a620726418750edd00f496623 1640773908260 1640773909806 1546
042f8f5fa19d3e55aec09063ea7efb48a77907300577145589385faca6d6b51e 1640773928668 1640773930218 1550
69b3c3f4066506b8c45f608e4076db930d335ee3e0e888a56a1cc163618f4545 1640773948966 1640773950601 1635
0a731af9d0334354925e5b8897ab796b80303bdf312326864774a76d1f6e3075 1640773969361 1640773970901 1540
38de22c50c1469b70821ba5a423169fd6c1471684f9acefcac7f52e2432d3297 1640773990109 1640773991593 1484
335fc893af8c59d060da552f6006db05b0334357f0590a577ce0cf1cd28aa8a8 1640774010411 1640774011980 1569
7667beb5d75f125c5f1fa8654dbfebcad2b32b8f43291f213bbc8dda37ca5608 1640774031000 1640774032469 1469
f335d7c86141c9c8b2171f8a9cc5dfd235db8167332a44494b86ff354c350885 1640774051337 1640774052733 1396
05c96d9edd7e762549fd166705107e2c6ad14107a5dfe0ba89a08268f3f71de6 1640774071264 1640774072755 1491
a00b646788cddbd46923e3675ab7730eb65b4eb30a5d32b56f203f3a150b9fa2 1640774091494 1640774092989 1495
2f1fba6125170131392942183647540e42254f31d13b7dddb4afe14f77ececab 1640774111752 1640774113227 1475
e9e20eebd1365d9a422c85616705d5f45e66c50c7aaca177e517637aec625a5d 1640774131378 1640774132995 1617
31c0de38100d406f5f77593a9199088fe9abe9c87d84f01e79aac3ac2c873f67 1640774151830 1640774153032 1202
6ba386ae740cfbb0b0109e24e878141c4b90d689a991e042f2562062dc345cf7 1640774171703 1640774173057 1354
5569edaf097de073a464a10392a7d956bda14d88db8ec48753648402af732c74 1640774191257 1640774192752 1495
5ff31c56800e1319410cf93f535c466da6cfde7435043df3e758e1457a72f137 1640774211211 1640774212234 1023
dfb261a474ce162d5e99bd334ce70b14483a13468d9e1aa65c2034b55fbb8470 1640774230930 1640774232350 1420
87bfd2ff19f70870a3da131602da629a2efcddbb381d7faf5d6e19a42c453f98 1640774251116 1640774252451 1335
40e8c1cbd7d2bc8e33750ef56481f2aa5f325a50f9c4d7d72089c5efcfa65a29 1640774270801 1640774272332 1531
8778f72f6713e4ffcd7793d0471985a48600556d87d27906f996ec1ab21b9695 1640774290457 1640774291876 1419
2e99b67110beef88a54a5d33c7a0e399a1356562f03c96801d7c112688d18fb0 1640774309975 1640774311484 1509
