f34f108926642a7ee1c04e3fba6a1025648eef105105d617689bf3bd8cd1f595 1640773327153 1640773328673 1520
e99bed608ee85dd73fa6274ba6183059798488b19bd8baff9071656269fda62e 1640773346926 1640773348497 1571
3e5a5e89df2b214aea3e1920175d3c3029ecbdf8e98e3f9d8e09ee0a0bac1fe4 1640773367258 1640773368776 1518
0b5d284dd3f06d24296a01c79f470f222199dcc43ed5f7a6c1c9945118ed9394 1640773387583 1640773388465 882
d13a410fdd31d7ec1303a2c98516142d47a0e83743d3dcf25ab0ed9338eb207e 1640773407914 1640773409398 1484
f82e26299dee5abe0e60a0d2f52a0bf4415d2bcb39e8d8982709ad25061d6fca 1640773428092 1640773429477 1385
c06aa4c88073d86e70382f30680e8ec5d6eff69b3e1feb48f23b6dd46a1c2605 1640773447740 1640773448920 1180
b72a98085fc933406824f0859920cf784ef8f7466d9f94793748cf8e520186fd 1640773467488 1640773469087 1599
e64199d1c32837323fa835d5debbb0c569d642da41a9502161495523405db7cf 1640773487560 1640773489073 1513
4e13da23903f486b029b5170a46ca64568f293b040f33364a6d2938e5b410981 1640773508134 1640773509476 1342
0d3864fd6959ce2a247ac0c00be384375f5160418e23624545d6b9e55a972b31 1640773527838 1640773529340 1502
0b2de987213edcaf578069b7991a7939eddb0ac05d73256a0a13e92c43ee41a5 1640773548035 1640773549246 1211
2752bfefc36ba0879046138f2efe55922780ed917f72f75e9bb420987ca06dd4 1640773568466 1640773570121 1655
0503551e27e277d8c1b04adc53edb564c8ea871827e979d6945cf2171ecf4135 1640773588258 1640773589828 1570
f1963ad4651da01d1ea5bbaf814b212c22e5a659752c8b1f00e5754f2e58c4b0 1640773608594 1640773610221 1627
5ca9d5e8b9d82753eab3b015141945706b970c148025fc125c7ea612b19903c2 1640773628402 1640773629808 1406
04d4fd3a0506be497ba644c771e54b19f5344998c5bf4060d9ce908c8d9e807b 1640773648338 1640773649963 1625
8e0a71715e1fbc6bb09420ca7833b90bcd84dc457d2c9f9ec3751e059945d7c0 1640773668887 1640773670443 1556
9a7f2fb9332d056408d796e4035ae6619dac2b14b2c0ce93b246d99b4623f54f 1640773688783 1640773690292 1509
cee6ee11195aa1dedc83a32d12d25beb4c698e96471c2a10a70e3793d53bae4e 1640773708733 1640773710352 1619
81ba03c63f95762d7e58cf39dd451fa916e8144703d9ffbfb6b6a4c10d795ed7 1640773728581 1640773729993 1412
da2eb44bca7b3b5df5a9a4898cf75edfbe07aa86c03750bec7a8c95a1b0b1a6a 1640773748042 1640773749449 1407
427672472d9284b800015b9fb1cb33eccb91b31736d8c52448cf7dfc6af3e612 1640773767251 1640773768346 1095
99967bc569a2bcdad82292690da4af68e31c45b6139df4a7db94ac1a7480a090 1640773787153 1640773788701 1548
754d2662dc9c291ee75f870708103d98adb4c9cb019865eb88e0c12b5e3e8a17 1640773807243 1640773808551 1308
c59457ea9464041c9ffbed653ab3d32d2c8c535e6f84a5b1470e8abc104bdbf9 1640773826747 1640773828165 1418
0872f7229fe1cfd11df67a53801003e8d686c27eb3f6077c51ab5ce6e5eda5b6 1640773847425 1640773848699 1274
8f199d431c149f2013a85db4dca6fe8d4b7e063f7e079944ee891a895fb2f927 1640773867496 1640773868950 1454
37759cbfa51d16eeabc400fc6f82b1210b675971e867f3885620a93b5e4017ff 1640773888312 1640773889680 1368
f66addbd98853e3613920a925731cc60809ff25b9d9b7d4b4e6c665feae061ee 1640773908282 1640773909811 1529
68a40bdedc791d10c9d80a86b574b6aa2dccc043dc316d72b27a23700f699c0b 1640773928696 1640773930248 1552
758dfb3808de40b339001f9b15890945183f643049ec35950f53609feb4c314f 1640773948988 1640773950589 1601
ca512015e9daaadf42f22c5154e42a0f133b01570818f419f68e29a87cdbbe79 1640773969389 1640773970900 1511
ba2fc942d3f45f4bc00d1d548b6abc7abda98c0f7e1032df88ba1719d6f7a765 1640773990131 1640773991599 1468
00461ee08ae13c6abd7f5b0fd76cd2b3510a788d4151909d0dcd7a056e9f8ff2 1640774010436 1640774011981 1545
419b733418e489dd1f73541da2e292a0a833771bd12b3f8dabf791090445b8ab 1640774031026 1640774032472 1446
21e14501512e3a44dcde50e988cb2fed71a0131763d9ada0b31f7e60d7748ffb 1640774051364 1640774052749 1385
ab2c642425f4080898fbf61a188866b112268627449a6b759f3e022bf1836df2 1640774071291 1640774072741 1450
050dc32d5687161a4024acde28920a50d085ef49a46b1c3062dc3bc0431113aa 1640774091521 1640774092978 1457
e38f1075b2da0719dbc6201e859f7d1aa04cdf28c09844e100809eee2f9619ca 1640774111774 1640774112857 1083
2ff423b307d395026566f0af789dce6cea77b8586e8aa5346f5380637543aec1 1640774131406 1640774132986 1580
15b514c354abc4246ba2012201b91730fb83d7ee91a4013eb8cb7130b01cfcb7 1640774151855 1640774153318 1463
1f8cf3e454751c36dbb0808e096bb4f375f0853866e7cc5f6030dccc4e4e0eda 1640774171734 1640774173056 1322
8cc42444cc87443554ed037419a9d4701b03ebddbb0d9d0b5c3d83cbe69b946e 1640774191282 1640774192748 1466
ab859f075024fb70172430cd468934cbefaec0978086a928663876cd4e87be1f 1640774211235 1640774212574 1339
58d48cd18c8791c596f5c63dfa87a8abb4d7cb0582ad83b423ed333306b6b996 1640774230958 1640774232073 1115
623c692e59aecffc54c2d969049ca94b1d3c1441e6e1c7d2cac575b878650b53 1640774251139 1640774252436 1297
0fd3ad5c929ae13b9fb36e75f867d58022bf570a1da6928b49b7b1c61306aa18 1640774270829 1640774272296 1467
64094c661bcbd9e4d9b30883ac61d5fdd6462efe6ab3902a0fcae9f0129b6f95 1640774290493 1640774291854 1361
402f34e85a5cd38f708ce01489b8069a048ff51c5398a4fa8c09b456d2a1400e 1640774310004 1640774311126 1122
