35e0358e30904965b4dda93b9f49e10591492101a01264805c7ed969f2e1dd56 1640773327105 1640773328060 955
a72298bdc21795f81b2af1904a14b7b541d68f63937c7d64feaff565d79fca76 1640773346874 1640773347769 895
753c0b57ae698187ada05010f812618bc5cc9bd861d4c25d1cd7e0a374bf9db3 1640773367206 1640773368344 1138
59dd551cc84c119dd2f55555133d3f9b57f2d9b51ec35d4b2b5f1e323437d04c 1640773387530 1640773388419 889
99ba15234bc3a7aa512e6455c0709ac738cd8cb7974b66a88dd8406661e03480 1640773407854 1640773408768 914
0ace7e88f7dc14c9d73bf37ee9fcd8341c294b2f739d791073ed482470a44d51 1640773428030 1640773428906 876
b7496605422bbf7ef4de7317a2bd1f04580cf5b2a592ce5fbf959bd0ca1af887 1640773447680 1640773448174 494
4b69297743a62dadf5f71f3247187362a67e6f58c6f82cdeaf94bf2540d920f5 1640773467422 1640773468317 895
9b55217ec3d48169cac3f502f285367888a0fe5b5f5fa2ba9e2020100590d90d 1640773487493 1640773489075 1582
b82d5b13d2e72bb4addc4c027769814b8e9c4df4f9186d15f4f5490ea85280b4 1640773508066 1640773508940 874
3c94b3d52d78f0dd96c5bec79ab1b2c91b25d09e13dc9182313ad5bc3f6f0aba 1640773527773 1640773529344 1571
1f6c94ff862117805f981cf0d24aa2fa43d49ee983b746b77d40795730061c57 1640773547973 1640773548505 532
608eb648e9d98764ed362e365800504b2bbe22f55d7226650a059b6aa98487f9 1640773568394 1640773570106 1712
bc2e8e96a19098fd3e7c5ac6cb025a316dd304c24d8f716601dc348455396552 1640773588191 1640773589071 880
2e3fb57fe99d2685d4936511cb0e42a85b8dc75c6379193d184920d5dfe58ea4 1640773608522 1640773609402 880
245b1b2c573e3a51fac9330676394e90c7d601ef3b3e5b6aab0858369fcb9211 1640773628323 1640773628836 513
908aef3ffc698685d839bcbf6ee7260aed8ca6e64000570e330074cc3f96067e 1640773648274 1640773649208 934
5c120f54dc98f19a6a2361eab345628c54eb6432c9f5dcb20745b2ba6c3ce38e 1640773668816 1640773669291 475
2eba02fd3174dea39aad4b8ea48907e4c4053f15177ecfd7873c76cc8ebcea70 1640773688717 1640773689796 1079
322d7b93f9c784fec027ec6067c849a0196f7eb12273202d92584125be795bb2 1640773708651 1640773709211 560
167766caf9afa8d27ebbed9157e1881e61a709c62cf5a9e747489787f936070b 1640773728510 1640773729061 551
bc66bcd053ffe33718a986fab7ee58f4e02a73e978f09f088699ec874649fa17 1640773747969 1640773748872 903
ae2216b02cfbb1aa0238bdae5dbab0f9186bd40a5254fa83fb2979f87379de00 1640773767175 1640773767707 532
8ca1ca2c5f89335e985625f6a007eabeecd80d87ecc7ce0acd8a16646867e3a0 1640773787077 1640773788032 955
3beb4b7502508f7d2c64c63322cf6a66ee5dc26b738fbd8698aa849cdedacfa5 1640773807162 1640773807637 475
30a88b16fd5fd23c0d0f03bba7b3e4d15c147ef128e829ca2b8cf8381ed6c744 1640773826668 1640773827150 482
514b0784ab7836614fec322d94e3a95ea1d844c3f3a46cb32b04a9df5f04d153 1640773847345 1640773848229 884
e31f715ed1bcaa8eb4dabee5f499a7d34a1803a3476bedb86976df3ab9debf70 1640773867425 1640773867857 432
d1c89dc45b5a1520e3849ce62ac386b1ed3344bb189c9e92235c0065d33b0e06 1640773888238 1640773889126 888
b1384807e3302530937a08dacdfb00fa96f762e402e881786da69ecb152ece7a 1640773908205 1640773909813 1608
6d53e84a1f7126052ca9bd536edcdefa040b6515e7a92bf330d69fc60f2c9ecc 1640773928610 1640773929131 521
2577eb38ece1a2cd932477428bda5a8b4a63a57d7b755514b20d1aee999b52d1 1640773948908 1640773949768 860
b14df553c011ef54e013ab0fb23d99b15ecb61db96181555a9ea11f534ee1264 1640773969308 1640773969890 582
7676f3fcae3568fe138657bb49ae6531a90bef1b0aa891f836825a599c59fdee 1640773990054 1640773990932 878
bf9da9a8d7e8323aaf6a8ff5147e68805bf1b86f1e52f7957128412ab322c3cf 1640774010354 1640774011518 1164
0bce08d4eedf92bdd2df1819e216f25bf645cd8a4339d20ea3f17e47c5f014eb 1640774030940 1640774031564 624
4a70873793ccfb45c096052954a2249b1535b51c60d72ab25ca5f9752db18123 1640774051279 1640774052227 948
359dce5ff80f3c2f6bea980245610593a1bc280cfd5492dd644d6829b09f996b 1640774071207 1640774071660 453
12fcdedd46ff263c0135ee578007229a5c13704a6917a3bec6555802cd5d538d 1640774091436 1640774092519 1083
ffb4149f12401b21904c7fcb5e6e89fda6ddd9c44ab89df60024ea4cfee519d1 1640774111693 1640774112133 440
d86d4dab24c9706b0041fa3a0bc4ff6eccf12bfa328db8eefe0df6510ea541c4 1640774131323 1640774131835 512
cd876a2f68ff7b5a00486a9932bb3e37187961ab6a8eb09562ff2fd3d07d7f93 1640774151771 1640774152194 423
52260565cd77103a7c7beefd3ee89125fc42b31ff7f861b77dbf0a504502abf0 1640774171636 1640774172191 555
b75ecfef4cf40d190fcd7ef61e0feda0d5cbe607561265332771ea78ff7b0d34 1640774191197 1640774192077 880
411140ebd345338f960dc53a1dbdc34232db6015540fd25a3b9e3405a7407fb0 1640774211149 1640774211459 310
fe64b66bb0f8c0784c0d4eb605bbcff67a4fe28a57937186fef587edb2023830 1640774230870 1640774231155 285
987eded159c16991b6d6792acda888285b83a151a3a705b742bbd135f54fa771 1640774251055 1640774251953 898
48e661240ffd726c9e61a1a728aab6d448103eb024bb1bb02fa3b9239811aabc 1640774270733 1640774271176 443
77b879d71ff156cbce221e4716c567a55d8a3a9ab1d96e967b77a879588b8f57 1640774290395 1640774290790 395
903117da425a680075041297d9a9e3f4e5060a20f591e1c54d7abb0d7fd2cc37 1640774309915 1640774310802 887
