d6b2c5bbae267f64edeec55dc06b32aee5a31a47548703b1c0dacc7d51f620f8 1640773327120 1640773328678 1558
8eab6e899b898fe98613ede16e25ea28077e9f90029f02aa87d1af722c2fec93 1640773346888 1640773347771 883
553ebacb78ed3ef4a083212fdd1cb24cfc715575d7cc0600c3b1326240ee21f3 1640773367220 1640773368754 1534
68f711dcc5b595331cdbc687535bd8be8d52b41af67c33e4c2bde0a3a0f078fe 1640773387544 1640773389127 1583
a61d375c26c104a4fef9dac6a9db3388d18025dc28169717d5dedd15e95fc067 1640773407870 1640773409397 1527
bbd7b489fa783b1e517382da9c34317248e340ae260612b7acbd580340ab0584 1640773428046 1640773429492 1446
c4b695de8865819115ab2f2e43779cc936528e593fcb19ff13ef7e885a8d490c 1640773447695 1640773448222 527
580bcf57b6095fd56b6c5e3ad8e3c3f1ce311614fdccd537a3b684c2e0ab9df1 1640773467438 1640773468653 1215
f3daa0d8c19f15b27ad860e55e67acdaf15b4f50f8a56ccf015d363f69ed0d48 1640773487509 1640773488531 1022
5471897c7ea12ea9a330d7b6d8d00af750ae0dd8a17ac14aa6e79369fe4e96f1 1640773508084 1640773508989 905
0212f81be15d749da2d17b5ebb8dfe850a68229ab05a2deb5a94a940d1d6df44 1640773527791 1640773529344 1553
cde4517c062d14f16fc9be6e14ee19487850dc2a9a73cefe97a282c3a5c0a2b4 1640773547991 1640773548528 537
b1fcfb66f26d92860392460e6ed56c10dade3c913ec52fc18589fa4822eba6c4 1640773568411 1640773570125 1714
4d7f86b588be65b94e93820452d4b0f785298a50bf8ed3311d9642bb7eb11c10 1640773588209 1640773589835 1626
d2483773afc98287574d879ca690327f38e9f69fa7d64afa21ec2a1f9020d539 1640773608540 1640773610219 1679
78b312c103c98e4ed95950e2ab30f26e906fa533c9193d21badd3b6cb537e2fd 1640773628343 1640773629408 1065
a780038fe1c8935b1a3d0affee721ae404067b74265fb8e50b271b64a13256ce 1640773648292 1640773649966 1674
891e2abf08f32031ab88cd275cb274f743f7a424e7515d1ab456089320840c21 1640773668834 1640773670404 1570
8206494af448966a13326a958a5dd73acee15609b0593ffc955ff15abcfd2968 1640773688733 1640773690286 1553
874dc96e7df74f1c483b98ea66c5a9780dd91b0f176c59d6cf71c96d492dd3c4 1640773708670 1640773710321 1651
2bf554812ac16361c550825985cb19a3271fda7e0fdab3bc64ae01a5f149f190 1640773728530 1640773729632 1102
6a1f07fe9d77f01520d3fe1e1808c12f2445cd7ec5a7972f7cc10e5c100ec593 1640773747988 1640773748863 875
c2a1b84a7fcc49fd52318639921bcb63be79bf3f8316cca3269ccc4cbee340f2 1640773767195 1640773768834 1639
200e9cbc6c3907927038073f53159ecb4378fad026f129a4426698df5debea2f 1640773787095 1640773788294 1199
7d944812a223ec740ca407054fa2da3ff82834e01f051e830ec70b10a111aec7 1640773807182 1640773808061 879
ce2f6a39bcad16de171e8d14899c1e4530951d5a936822bd89fc732aa6d07412 1640773826688 1640773828163 1475
4fd205caf2d9b128b77fcb60a94631b5cb62194e5831dde2feeae805fb228a87 1640773847368 1640773848698 1330
0ee8837e7d30dffb82aa1a76a673682c230b29561443159d732251e93947b817 1640773867444 1640773868944 1500
39f630fa92e55bf334c0ad65616c9053faba721deb43d29391cb48b4ce99d985 1640773888258 1640773889138 880
279da58c81d27898536319e4e3cd929aaec0274ebc1a9ab258ef1e6aab2cdd6d 1640773908225 1640773909814 1589
6cbcddc0401093f6490be92a38a22649502b8a508d5e78537bd2bbbd3fbfc621 1640773928631 1640773930254 1623
360ff573cf8d68f8a2a95981f94993b46bf40e9e736afc62d2d0c3080e582ad5 1640773948930 1640773950572 1642
3cd7014fa46cf07112c179b321d6760d6b0b40a9289223745637cb0990ae1feb 1640773969327 1640773970899 1572
5afcad325567ae377bdabbcb32495fb94fa9b277a1958c8597448d0033fbcda2 1640773990078 1640773991594 1516
a74ed62cf86ecd6945b781c468b831567ee52effbbb2720b2139c2454bf8d4b9 1640774010377 1640774011586 1209
2f50099561cb196944244f36c786718558a028e4e04c6813e4a652a1b377da83 1640774030962 1640774031931 969
7317d2926868f3b24005dda638fa7eab6668462af4ab011f9ba32cb5a20cef9b 1640774051300 1640774052754 1454
7170502cccccc06bc54ade7f601a27efe47356b622d8a8cdf750679fa297e7a6 1640774071226 1640774072371 1145
66424898f678ceac9d17526d5823461454d2fa9fa3a607ab3484a26afc3dbea5 1640774091460 1640774092988 1528
09ac0716b499b42956e1be9c9a937b26dc176a72a46378038c1afe5e0c7e4a85 1640774111714 1640774112624 910
efd06b7a79fa0b48c97e4e917947db887980cfe9d62510fd456573062184ede4 1640774131343 1640774132986 1643
42ea68707e359d66a3afafd02b34f33572bb8af3df44a6eb71837091f6684845 1640774151793 1640774153323 1530
0e1937f384dbd2b495dc45acd2dc16602b46b3d7f28958d9599eb9834f526c17 1640774171660 1640774172512 852
ae8155cbe9de104e8a09b198c40b1ec17f1796df70d84048c3b3197636da7ae7 1640774191217 1640774192732 1515
768e43b493a937ece499bf896c3cdb862d7d6a2af3f0e62071fbf8d1eabcde01 1640774211171 1640774212179 1008
5f37009e1052c9ce554cef7655e31383a613e77f21c19c990768f09f68ca802e 1640774230893 1640774231777 884
350a47d79033a4f73add15870e4e9ae53e5710be1d07dd61ff68bb74d3c62f6b 1640774251075 1640774251954 879
50e8e0dcb8872c70ee1e309ccd1c19e7c341816f36974d6f3fd857413dac84e4 1640774270757 1640774272333 1576
deacc93a0d5b7fd8f5eb3b9f1f06782872cb35fe9ffef184a4ed7cc79c1e7a72 1640774290420 1640774291855 1435
fed5faa1002cf9e80b8ff48ccc190f212ed36eb2c647250abe53437d87a705d4 1640774309938 1640774311150 1212
