f1e75f3244ea610e68e8f7605e0a7d16f8840426b590934848e91110c51fb97b 1640773327132 1640773328656 1524
356043eab82dc2cec4b43774a742cb4210bb942061dbdce787f58076dc1045c6 1640773346899 1640773348071 1172
6b4cd6d41e588daba9c105e9f7552d96ae281dc478e2e5244c6623f99a3f6d05 1640773367231 1640773368318 1087
9c13ce39a95128607efae266aa97f5824cafc52928e52c054e595a808be69ca7 1640773387557 1640773389134 1577
5ca0e28f95af434ce729e74692aa152ea022515feb4db6209580030ddbd18e85 1640773407886 1640773409398 1512
75d3c8293595668f9f2ee436ccd72b71ed425f1378e17ba382a88d481e28c42a 1640773428060 1640773429491 1431
24824041bbe93cd1dd870ab346212ad4114b53325e9374e745a21ab9cbdea4cf 1640773447708 1640773449241 1533
75da1b0b327a94c94d1104283e7c9ca4370b7bbb5fd6dd49c40b161747f4ccc9 1640773467457 1640773469093 1636
6ad1e41685d01f26a6327c738717af6b879d6ef5ea3708d3bf5a6bcf28faac77 1640773487526 1640773488673 1147
31e49bf772a900375baa8a260f43eb1d2138185fb38df674fba9ef672b498fb4 1640773508103 1640773509473 1370
6397225028f75696f152b1c600cd89a931e63d13ffebe1d6a1df386a2c8c983c 1640773527805 1640773529342 1537
4bf6f40280988a533f876a945ffd7eeedededacdd54fff69ff1f5401224912e1 1640773548007 1640773549178 1171
66f6ae1f341994e11e5ef2956eca7a826286d1cff4c46c45eaa6a8c9d68d624c 1640773568426 1640773570124 1698
5c15f9b346684a640c16f724ebe43be97b12f527e1bf9d141f6966dc30e2d997 1640773588225 1640773589834 1609
cf68129c82986abc8be6752601e1dd4cfb566756b3cfb0edad86d80276f5f71c 1640773608555 1640773609698 1143
1cd6db0fa210c8bbecafd805a5327d1ea510d322a7631e1e19f47b7b5f6009a9 1640773628361 1640773629413 1052
c2fee1e80bde9497a2ab0615ef73ab488bc24e27a7e4896d3c276d2fb8dc034f 1640773648307 1640773649916 1609
d2b9fa62e771d43f68b157bdffa35d1c64b8e0302d1876811bbd674adfd61cac 1640773668853 1640773670078 1225
71851a655c70ff614b40df29d57494eb6f6549138df78bcf7fa802df25523f5b 1640773688752 1640773689772 1020
23e6bde9e74b2cc6f47f641e24ee196ac7b607c96d397354b32a07e46b178042 1640773708691 1640773709851 1160
76eaffbc4772853ad4ffd2694d4159ae22a52a025faa36337d58ebec5f57375e 1640773728547 1640773730006 1459
9c87b83d85ee90e0488aeae912867495977beb292e170b76cf38ac7debfcb861 1640773748004 1640773749420 1416
a309b1d0a5f71a0b169cfb1db20058395b3eb53115010f6e6eccc98d1747abfb 1640773767214 1640773768805 1591
d577398e4271c508480fa5f4950afedcb2858745416ddda268bfbfcc7521a9df 1640773787113 1640773788705 1592
ad3261d4f4f778e0a8090a37f1062d3391e0a6c7a7ed961b028c1418f9d84dbb 1640773807203 1640773808556 1353
62af51bf5d22a9c22b8bfc9d78275ee1865c1574796f827b4c7e3c7070fd86b8 1640773826707 1640773828162 1455
bfce0dfde333215f0714f4db74e22e745d76626ecb4c424e42c05fd4a52df5f0 1640773847388 1640773848519 1131
7e58ceec6d3b9e8cb9c0bf164958aeccaab80e24da36bcc2d0c03413249eaa23 1640773867462 1640773868944 1482
9426c71e4b27e4b5d6ad055de8e9afde15d094b6eadb3d75e1d4a965929f4f8a 1640773888278 1640773889406 1128
c6d2ab75e30ac54d95b667a8028ff898ce5653a53299c725020a46b68a728340 1640773908246 1640773909247 1001
4bfed0992c0886264ec4fd199eb6cd7051250b5d4579888ecfafae02fcdc22dc 1640773928652 1640773930253 1601
592286380cf96bc1e0e613ec1f28bc1edecb85cb1a8cff54e3978b69b0fd92c8 1640773948953 1640773950014 1061
0ffcceea24b2c69d0083ea80d86e4cc53842f8fdc16dacaded31e45912be0293 1640773969349 1640773970455 1106
a2aacdb6ad9ea61d5913e766eb2091937c5b8e209b0edaca94183dbf6d206934 1640773990092 1640773991566 1474
495a2f1fb50dd70d2ebfcc8934e13449b09e1b2eed48a4e53a75d5b39ca42ca9 1640774010396 1640774011983 1587
81780981ce7f5c94923dd65059e774cbc5042acfe9e628cbee856c3d286743a7 1640774030986 1640774032480 1494
a1a5c73728a53baac164b2172134ea30430c9aeec25d5d0b04421c1cfc9a6168 1640774051320 1640774052755 1435
766dacc5c390e0b4d2092724ba979ab9f9888b8888b696485f58a3f33d100331 1640774071247 1640774072750 1503
96ddc4867634ef75449b8feb74f3a41408a6951af1b4fc42963c581d143c3af7 1640774091481 1640774092582 1101
971608e09a7c5469a67e82e155189edb3e7937df7929f1bce7fbb7d3c5682173 1640774111733 1640774112929 1196
8f62c225c5266ff3db4a56dd9a2ef44b767e9a671f149adce5793b0683d4424d 1640774131362 1640774132493 1131
395bb2b32abbf1018fc263a6cf715171725624a62f054181c3a1a86deb4cf4ea 1640774151814 1640774153331 1517
8d967262f102fc59ef64ede37eef37d9ab72b384294c7610770d2f626bd8be29 1640774171685 1640774173061 1376
c9806ff267726d1834e772458ca1ae103f12baf4519454a286cff511438bf06c 1640774191240 1640774192753 1513
14f625d159b910cbff256f1613d37ad83947fca643bfe6dd782efc7e99b0a09b 1640774211192 1640774212571 1379
525a6cde5463dec033d142f29568904a14e90ecca7af3e1ceaf0e8997849f8b4 1640774230914 1640774232352 1438
4f0171d119224033360ab056d49ea3c75f425713f0b84ec804e7bc59f9f1315f 1640774251098 1640774252438 1340
cb811201482c8b5a38309e05d959d9667b7b9e4e9a70849b722b12f2f35d5ee7 1640774270782 1640774272330 1548
516b84d1b50490416d9989ca95d1e67a3d47d3d3be5dec82c88dd96dec27db51 1640774290441 1640774291872 1431
4febdcb62b93273c2185bcbe04efa835b7b2eff6d8978618687456a6464a6a60 1640774309958 1640774311472 1514
