ceb14ac55a541ff97cd7038162be1cd36280f2a94bd71b78fda5946c1918a64c 1640773327127 1640773328677 1550
9b58b3e394d068f58338da7eaef4b7ea63009b9cddc5bd0bb4034db49f1d22ed 1640773346893 1640773348499 1606
869387ec30f285b0c59f291ee45f541380b49261455819e87dc9a2731a6a7c1b 1640773367225 1640773368744 1519
00fafbe52f2fddbbd7ad418a33977700425dbecccde41233642c9e9139a8d64c 1640773387550 1640773389133 1583
5d4328cf572d178365b71af0019d7a652293460dc773aebcbe92018e5b4cc1ab 1640773407879 1640773409398 1519
d17dd1a6983f74c0342af46ebd6b952672cc2c4e114d4a755544a683f20c7f62 1640773428052 1640773429491 1439
791ea3f6fd07f0fa82495b62224792aeeecaefbae484b42dae398e5b5b97cafe 1640773447702 1640773449236 1534
1a1013c2786dfe23650b60757e558e7d9958b98b86d4211ef1e35b29737352cd 1640773467448 1640773469093 1645
3181d9df3bdd0fbc92ab5b07c70782f875c577abd7d99b11a140eae04b4a8f93 1640773487519 1640773489073 1554
2a665221b44560bba09525b75e9c03c5d31cff272bdd1d2b94c4d5b0db45967f 1640773508094 1640773509132 1038
fc3600d327620980cafb089729dcf6fef18690c4cd2c5b4af42061dd17d5f9b6 1640773527799 1640773529310 1511
6550b32615dea3796aee6f01bbcc52580743c7552c69b419e9a8c6b2a57a3268 1640773547998 1640773549195 1197
e23f9e0cca868e80c75a049552c5493df96b86086272b4ab6ab95e4e5d24d044 1640773568421 1640773570124 1703
8a2072fee4b4b40a4dbcbd5740a844d4d9642a8b32fe1b7da840defc16c3dcfc 1640773588216 1640773589830 1614
0a97b981cfa6ae182a97ae165b6376d080e21c90b82bacbb5e980504466c8f6c 1640773608548 1640773610216 1668
cb5259e7ca71a5aa9fe5df7603e82fb00df93fd13b7483e471af63596bef57d9 1640773628354 1640773629785 1431
7876a499cfbff0c1ac5ec53c9ebadbc0bb71a086ba89d065173d4a9d83e8f438 1640773648299 1640773649932 1633
4c3096e4bd351e3bba2556c102cae9e8b5d4f30a355fd813edf38147e1b328da 1640773668844 1640773670076 1232
0cba9c1cca91c146fbbfef475a37ce97425ea47045db302cc5d6ac25ba165bd0 1640773688746 1640773690289 1543
78857ace2548166a7e290fc6403f08ecad7030348c5732ffb84a241457fcd972 1640773708681 1640773710351 1670
200202c61eb38df30672c34b652aac14034eacf75e3e2996aba0e0bd416f12cc 1640773728538 1640773729613 1075
2625eca7b03c8ce8c0a7cec455fb0cd222ec6537f8e34deeb91d10c16f14858e 1640773747996 1640773749445 1449
44a0f4c6187af2cbe8a6230ee5019b51b97677d7f697394db7aebb64f1633384 1640773767207 1640773768839 1632
1b84ea1c75418e110ae52e04ab932fcbe4c7fa3c6cd0886585b9f905759e51a1 1640773787106 1640773788742 1636
14c8ffd507e23ef4ebfb490a5bbfa8339b334eea53d130201fe7d142db250aba 1640773807192 1640773808240 1048
43a7726587e708791d13a3d0888f8212213da38f90e369431a05bd33ceddb6d2 1640773826698 1640773828162 1464
f3f0c1666b112af5def94dd29b68e399673a2ce3935fc1b41f22c84f71ec1790 1640773847379 1640773848632 1253
f759a62f66a1690069407edc36bee219ed734ccffcd358dedcca998513c59e7b 1640773867454 1640773868953 1499
f69c7b93c8f86cda319184340777ed5ac294ad7dc3a9cadfc0e8ccc6a4589edc 1640773888269 1640773889705 1436
ac4d6ca8817920a02edf1fba282c73bfa65f106343b656845925e0e6016a9b59 1640773908236 1640773909787 1551
fa663fc8fb81517fcc4b81900c8d09e2eb9f7bc84bfaf9fcdac5c5c24e8c83e6 1640773928641 1640773930245 1604
d726c480e1dca9733e48b356021518e78288e453bff9900a48893d79c95ebd52 1640773948942 1640773950597 1655
8e9556b80ac9f09eaf766fa08df053f766ba2ceebb8680cafdb1aacbffdbfd71 1640773969338 1640773970361 1023
1208ce0e37d32bcc092d3cee14c7968d7d4b7d66c18264c894bf086819afab2c 1640773990083 1640773991215 1132
506edfc16f761b708abcadda715b23389fd281a90c9fbda7146fee52d5979788 1640774010388 1640774011984 1596
329e2e6e1000a25ae824103ed7792cbd75be30601745122adf2836804b350f1e 1640774030974 1640774032184 1210
036ad6b6d0c5d35bcc4386a5768207fca7d01671808d6b9fb84c37a175190a08 1640774051309 1640774052712 1403
e1fe165a2a973bde614da7a1b03583240afcc3dda0251fe220b123c0c2e94ef0 1640774071236 1640774072741 1505
ba4711ddac7a725dd9e9217255da3afe4001e954ab8f355ee253e2aee9b818b0 1640774091470 1640774092988 1518
a7a502a6986b27b9aea3e9efe92651d6d9c6c36dbd4a7f59a2d204a03f9425ed 1640774111724 1640774113225 1501
0a83c4290ad79d083ec5f8855a306f4a7bc83fe287481523353277dde285032c 1640774131354 1640774132992 1638
78bd1024befa4f3be491a017b2c34bee245998b5ad2b700bbaef39f43b25d794 1640774151804 1640774153324 1520
396f5600115e7a4b344490632772b890d10cf92cee1ec6f2d11fe3b47ce6cd66 1640774171675 1640774172605 930
611e611d87aaea082064aa8d79b27e2991b9c29485dad212d03775a7b0f3e4d6 1640774191230 1640774192760 1530
5964985fd5a4cf773c032baf51562701d4e027e63526973482db882c18834676 1640774211182 1640774212574 1392
9502f60178b31aebc6098ed96f5f1dc05086e035002a6bb54fb3d93f321d84fb 1640774230905 1640774232349 1444
0e4cea8288efb06d14b62c3bd15f3f1401a65bd1253d169033ef12c0a68a4396 1640774251086 1640774252438 1352
f161ac2a4034f711ae3eaa76f9d3536f9259b6d54a2d09e650b312c60e0a7212 1640774270771 1640774272333 1562
4534900df9ac18623873c4e63608735924b979bdfa1944968f62e57605a07191 1640774290429 1640774291853 1424
90a709da1b649fa93985cb8931dae5d092b0035647302044515d2c1d74ff351a 1640774309949 1640774311484 1535
