7861 16373 48.012
8475 16943 50.0207
7422 16429 45.1762
6765 16791 40.2894
7488 16167 46.3166
6444 15264 42.217
7612 16273 46.7769
8376 17426 48.0661
7451 16549 45.0239
6457 14719 43.8685
7514 16384 45.8618
7234 16921 42.7516
7906 18082 43.723
6994 17169 40.7362
7346 17721 41.4536
6503 15541 41.8442
7413 17688 41.9098
8170 16999 48.0617
7719 16426 46.9926
7233 17745 40.7608
6725 15643 42.9905
6654 15441 43.0931
7709 17385 44.3428
8106 17394 46.6023
6782 14597 46.4616
7280 15610 46.6368
7758 17732 43.7514
7926 15970 49.6306
6841 15331 44.622
7184 16802 42.7568
7970 17170 46.4182
7209 17717 40.6897
7590 16652 45.5801
7264 16164 44.9394
7851 17029 46.1037
6936 16267 42.6385
7154 15433 46.3552
7995 16163 49.4648
6860 16229 42.27
7149 16163 44.2307
8486 17553 48.345
7657 16336 46.8719
7012 14940 46.9344
7672 16371 46.8634
6742 15002 44.9407
6673 15509 43.0266
6069 14581 41.6227
8724 16738 52.1209
6762 15447 43.7755
7245 16482 43.957
