900062dd05dd3bbd71bfb9388c3b165e6bab1d9aada993532e8ba86564f22788 1640791241223 1640791247415 6192
57a77dec3a1723d6a9c3360b5dac10127fdd0bd7a103684def36a51925a31206 1640791284853 1640791290913 6060
4d092eff17a7e2d526a22fd89d8cca5f50d0ea1d0d3e710582d48049172fe705 1640791328505 1640791334150 5645
42d50d9a4ee583e2f4067da688423fbb2d9ada5b3316ff5469515c68588b516b 1640791372618 1640791377724 5106
fdf05bb9af1f8a2843ce674f5c6b405990fb15bcc095537f8fcecf5a0d6fc283 1640791416004 1640791420576 4572
22473d1f892787693435faf9c014e3ed2e1f973d1020fbe1d954e9f5beabd94e 1640791459863 1640791466327 6464
71d2bde0faabb9a5ac1180ff5e1f4b583fa9063e118600d09438e93f6c03639c 1640791504355 1640791510767 6412
a47b1edcf0e15e43f2fdf2b8bf7659fef992059de80ece3cad2a81452006b238 1640791548041 1640791554295 6254
53b32314215b7be3c0ac15d5e3e2e8d29fe40e3a52c1e5e38be7c36c616271ec 1640791591443 1640791597884 6441
4456ccaba401fd2185bf16e7dc8ec5435c9c287f4e859fa274e44459f6714d3f 1640791634926 1640791641452 6526
d6f28ea1808537570cca6e17f9964bf2b6e8f383fabf8bacc2088edc362534b4 1640791678535 1640791683949 5414
f70134c3d78395a5c4a8daf785fca19b42f53368e0eabf06188fa2a1bc059eed 1640791722495 1640791729184 6689
2e5dc65ef693a4ef0d579cfd9ab0a7e8c715a46598c2f2d45902aa1df03a5ed5 1640791766255 1640791771508 5253
408eedf730b03f159fb1bb7ee17840d8f99df7a4bfdb1e3fadfd2dd8bf4cd073 1640791810450 1640791816785 6335
b49b7b7edbe4bfd02d83c7204a72ba2c6f3c7a72d124a35b974f27085c2304a6 1640791853978 1640791860332 6354
4aed9090a4c056c3b725adfbdd55c8367ed4fda96c15a797b77a08c95fa17c18 1640791897830 1640791904115 6285
5f6df97ce7e2a754fc6b89c6cfa73ef725efd80860c048cf00e8f8cf9defb909 1640791941764 1640791948360 6596
3b6c38e627be88bf8ddb04af36ff3d43dc6010b258a18d153f822d2e4003febc 1640791985572 1640791991001 5429
bbbd47255abe69032097e2744465d55116772e4a52a78282fa82242f0f73f0e3 1640792029468 1640792035843 6375
ee203874656c37c1cd9dc182ce9fb112bdd98e296f780dbfca46bec09193a66b 1640792073144 1640792079350 6206
