c403be50f2ece094f1953d73d94c83986fc23f1f6aec9de04ddd6256c5c3e9f7 1640791241247 1640791247973 6726
5a66188357af9dc472620094c760d41a729ccbdc4e4071e84b4ba9bc94e5da59 1640791284879 1640791291412 6533
afa0775681751e21ca4bb3a2d22ffec4868a925762631e978253cdf72be6e57c 1640791328541 1640791333691 5150
efa7b36b3aff2f61bc0713d251ba7011ee351e5caf56301c343b32a4608e38d6 1640791372646 1640791379188 6542
bbd366695d1f595ba6012ba57b06ab00204513937e78fba011bc7740341c165c 1640791416037 1640791422352 6315
519934280af820c99476d7a9d5ae7604addde5b026483b21366268c8671f2c12 1640791459894 1640791466441 6547
33c79d49d5b665a8e494a5f7c26d6b96de43dd41926ba12f2c2b0018b9ebb864 1640791504386 1640791510038 5652
dc28958775a5a1237126692bb7c5334ee04cfd2c2f2bdfe530464da394acc5fb 1640791548072 1640791554572 6500
844728602ad8605caa5fd54a4bff7d6d1b6641a6d1f0829ad5521b9d2cc95173 1640791591469 1640791596709 5240
f84c61495939be717d33f93d110029c93e840873546f11859e50c302fc774123 1640791634956 1640791641620 6664
b797af2b1c93684c1606ef861563a07be201426348763c9ed5771c639ebd22de 1640791678568 1640791684183 5615
77cea20ebd82a3e4dec89ccd8e7be6bc7bdb8f54c0a3f0e59a7af00ce46a5707 1640791722527 1640791728184 5657
8e27ff0ee7278f28d33bf7ee6cfa5ec1e0358a2f205ef4a6d15cbab2ee685392 1640791766288 1640791773116 6828
f78663db378ab98cf72c89ff68574a6368d0706b2ed28a112fbc4876a170801b 1640791810490 1640791816717 6227
9fca6183b4b64f135e8efa313d82f6bb13967c28e507b0b608bfffed5e4849d9 1640791854012 1640791860195 6183
e4a29d424b1cad328716e2ee095494d8cf773b5bd89023a2c02cbd3f111f68a8 1640791897865 1640791904212 6347
21d9fb59311cc6e52c9f2b9b74b079e9670048f5ad3773c4c42d639c67a99552 1640791941797 1640791948268 6471
70d47ff792e71a9d52802d167d6e6da87e4b7f021bc6b15c95af9febfeac30d1 1640791985618 1640791992298 6680
e0c4f801c9c7d0a369cd6ffc7fa42d0460e76b5e795922324dfc2760f685c102 1640792029502 1640792035959 6457
f9dc8b1c17d14c817757151a3d4d9c02a2d4d0cabdac5e32ccd65a6043df33bf 1640792073179 1640792079231 6052
