0d532b3eb8ab5ac3b8d9b0b5db774da87a706d616bc57aab62b45d1ffbb39c4f 1640791241212 1640791247261 6049
0d58043338d566ea22293d9a490dfe5d0cc44ad41e741b001d9b0f1268431413 1640791284842 1640791289303 4461
374b6557028e6be86f7afa5994effea3e5dc67603a91ea190d47235b0421cfdb 1640791328493 1640791334152 5659
fa8b2da9b7cb8dfb1c4ab32d36869f7ac9247b1da0e3ac2ae7d0df86c3e68cdf 1640791372604 1640791378054 5450
38164ac10640684b7bd52ac7f79e6882f952a3b9a65af05444c8c41abc18517d 1640791415993 1640791422760 6767
ecaf7e7216b37835303c5e9e17af2c9b0f8f0ef544b278188bb00fb72f14f81a 1640791459849 1640791464280 4431
99c9bce23bc7f6cb51a1f02983243c0f4de2a72b725e9db7d1c107ca5fe42506 1640791504341 1640791508873 4532
de0166c24f5fb37b4a4bc7724f00d0aa110849d33742c5852eae77b1469c8ae4 1640791548027 1640791552559 4532
08afcbe22f29271b50d1eb2b2267a5dff9a8ccec3342c3903e0a4980c3c2a179 1640791591429 1640791597923 6494
8c09bbc8259903f5a81568586704397b7d7b33e322f9e703f400c0ca41159344 1640791634911 1640791640385 5474
c7a5195e78ca60ffac912ec6816d82e854117add0db2846c16985b37ee9a483b 1640791678520 1640791685024 6504
18b9d27751d8124d13c636b810f9729518608bd8038ba91708f49e197b8345cb 1640791722479 1640791727944 5465
543d53958801e6719fc8c80cb2401d03462b8829763a4bab8c6f7c8fd8c97c41 1640791766239 1640791771759 5520
2be4af849236286757ef14871ce24c91caddc4aa9739dc8ec2d4feec1f841a2d 1640791810435 1640791814937 4502
ffbbce888da589c0a74b901cdd60922d6872a40beca70de2588d8efc4c4e521a 1640791853963 1640791860561 6598
11b7207883d6906fe95641208761c6d6cfa7b6e473bddd6767ca8ffae4445aeb 1640791897817 1640791904653 6836
0194e060f3c42ac28dae998153d0d3f87bae09396615a058bb63c103728e4eaf 1640791941750 1640791946243 4493
20ee18b48193f07abdb868f72cbfcce9113bfe7f8db3e716d2bbd7a88f1bb153 1640791985557 1640791990082 4525
7e36bcc2d03e02b3f9271edecd38f7d188844c39dfe58e96530186d2ddf5bcb9 1640792029450 1640792034881 5431
8c675930255b56c2e7110dce39eb42a56d1f679c2f19c9e6640839a088bb3f36 1640792073129 1640792079420 6291
