8eeb7a87d763c1576989e3fe5ba09764b94dfbe10790b2ba4ba8b232b084a5d0 1640791241232 1640791246876 5644
df34a32fc4969aeee5eb0a67791552828b8824181a633308d241b77b922b2c02 1640791284860 1640791290120 5260
cbbd15d09abb4ca4718c7e6825564791b8def06a8f5eb84b888b2b925b37dba1 1640791328515 1640791335483 6968
62d699808029b7cc4b9bc97d75db46454ecf71808738753823d4a28b1c4b6005 1640791372628 1640791377327 4699
7fb9f71dfec364b009c6a42645c73077cc78ce9d8393f50e31463cc115908a62 1640791416016 1640791421983 5967
b13c97ddb7615bbeadc53642ac7a18079e727183483e5a55407d855475dfface 1640791459871 1640791466435 6564
7194a53753b4217bbbef80b818021214f653e1090e2c2218058a5d4bf11cc100 1640791504363 1640791510451 6088
f8cc7909f7299f084f3eab0bfd237c9c511e4cb1561a6e22f59b6eeeec2c07e9 1640791548051 1640791554583 6532
5cc1b6663c0a2d36f66f83dafc959acfb6ba909c2669f70d57af5fe10206708b 1640791591452 1640791596777 5325
cab479e12847fa74ce19a3b566c426a7266e3661bb8f9ad2222ed5f8dd320005 1640791634937 1640791641597 6660
a98b1fe0d8d0f1684fd9bee964e7b8d84bd55ef09a74c2a29b136a4138fe78c8 1640791678544 1640791683939 5395
8a76cff70a28ca54873cedab45f71f1824f384225dc021d8c03a1ac8d246cece 1640791722507 1640791728535 6028
396678c5baf9755b0f4345ca21d60eba395b357fa078cc557d51d35790d68f14 1640791766266 1640791773116 6850
cd419e75773f81f62d34108507561b62e25fa8878d69ac74da17cff7afd71566 1640791810458 1640791816877 6419
3f5a66776ea9380c0e4a56576896902a2ff4d5d99e51a79999c47adecdc5344e 1640791853989 1640791860590 6601
66033ee9701af4b5cdf0bda4b85c0ff23bd63561e2d956db50b760aef6a1b3d9 1640791897840 1640791904669 6829
cc49cd8140d9c05633ea1e8dba167b99e3986933cc6abf810cdae75b650aca7b 1640791941775 1640791948365 6590
a1ebb055222f53f71cd97319448d50e2a6d6ce9e0016002ca3648621d83c361c 1640791985581 1640791990674 5093
fa15e174ea2ad5f899b7a35add2d78e4e672b1fbf8fb5ffecca3e9b8ae84993b 1640792029478 1640792036158 6680
6f8542674a6b905aba426983851b3defddb656da62f4395b217fd5cd794307cf 1640792073157 1640792078929 5772
