8522a38fe8d77a70143e8c305ac9a0191939179853b683327c289ab56a1bcd21 1640791241239 1640791247840 6601
07078d98ab9581ddc95bf51d6723b8731aa9887f94df820a802c34375810241f 1640791284867 1640791291493 6626
e5c605461ad8d994b4e17b732d3f77d798c320f571bbf61f1ab8983c8253be20 1640791328523 1640791335579 7056
3f3215acd225e34791aac79a6ad21bad24759227ccaa665bcaf3fa6bb6b3102f 1640791372635 1640791377681 5046
ed48fd1dd9adbdb1722de674446fa3ac263795f106fe7589f84011d91d6e27dd 1640791416023 1640791421632 5609
7b13aba70b18a44a8aa8df8e1e763964eab0116bf05a7fe3450223623032c349 1640791459878 1640791466529 6651
59ce9a18b4a0c7a01afe448e5d924d0ee4125590a5fd88955d38addab2339347 1640791504372 1640791509312 4940
4ab7744b4c03b9f1ab7336e8d9360055996225e77a4fd9b2e62e526b8fc2d858 1640791548057 1640791554267 6210
714d8b71ca950ab983e8144db4c1a54791489be0db14ef697a0b7bab9d58e8e4 1640791591458 1640791597422 5964
38bd652c5dbb77a6d9ba165eb5b4260d01069d1565c89c1bf65962bbfd353a51 1640791634942 1640791641631 6689
e65879b4d635ca49298575a376c7fb928dc0eba78396d1263965ed04a5c7bac5 1640791678555 1640791684974 6419
f2afaab7a5751bb5712cf50a12dfeab657b6472fcdd21f8f5ff591dfd91cde7f 1640791722511 1640791727955 5444
52a3582faee2ea0f347e0ea9e4ba30258fba63d3a356ac2063d92e19d675c850 1640791766273 1640791773060 6787
ac32ed460dabf207073be978c83434b3059ce6a3612f67bf14dde0e11109c118 1640791810479 1640791815688 5209
b9e8c4a424520aea7898ece7078571b5d6852d9ace83e36b9b337afafcabdb71 1640791853999 1640791860203 6204
c8cb452d88b458eb5d49b07ec9425802922a827c53d7ce5f0c1500a78433ec10 1640791897850 1640791904103 6253
38861cff351d4151bbf6f1e8b62708a7c1babcbaa1d3d9a36ac329814e4503b5 1640791941782 1640791947563 5781
685918ef3375c9bd7527a97f513a241abe0e3c45d69c37f3394a10baf182d7b2 1640791985588 1640791992205 6617
f6dfe318122220b6ef654b07fa043e823cd69ed4b61296b6b284011f3ac88a0b 1640792029485 1640792035421 5936
c603b38b45fe23c74c2e064c72b6267d5e953172e1c388aee1c72c03b2328e2b 1640792073161 1640792078684 5523
