eb5d37766a56bd08c934d1883e251533c2cba4849a2b578a8c7068bf5c8aa627 1640791241277 1640791247932 6655
b6b0d4eae10daaefc6c56d3c321f156881112e429506a053c1764edffa35de65 1640791284896 1640791290676 5780
594e4f9f6008deb58d9fc68f1e7b74d858fcd545761ff2e8764daebbca0d4638 1640791328571 1640791333639 5068
57b49d9abb48982683b8da9e88144ef2df99e2fb2529df1e35951d53ad06a0f4 1640791372667 1640791379341 6674
22e69088e848f75c24e1b4a6fdca88066b783ea6c2bedfd3620fac299496e78a 1640791416056 1640791422034 5978
8d941db7d2e35122475120dcbf753dec0986f4d81469547233ec4ac17f7001e3 1640791459914 1640791466262 6348
82030d67dac5b5b57765a27301329a95830141b647322f5827b069a2f03e7bf3 1640791504412 1640791509953 5541
105b35e5fc32f21105225505c3c5e8883461ed9f592f9a9ad4202b8a3524224b 1640791548097 1640791554579 6482
3ae246300e6a4f7604f2d5a600eb47f5e067617ca053e27df4eaebd593f59255 1640791591497 1640791597925 6428
3fe5fd612b38825070b978d41b5ce06c537d2e92fd20bb3e5570ceb846882701 1640791635009 1640791641515 6506
1bf30856758361de0adc797a0e13ece30131b49c608a5f3b2fa4344b36ed88ca 1640791678593 1640791683850 5257
65f9f97bf0bedda005c37b816a50fb0fbbdaaec4be5ddf43a9c2adaecc3d8b40 1640791722554 1640791727929 5375
d947318bafde84e29a1f6de41a02369dc48944104dda19a0a185150586d56531 1640791766310 1640791772729 6419
8397eb4a7b64fd744131cb1a72f66f1c668a3497dfceb00f5776cb9bda3357f9 1640791810528 1640791815467 4939
1b54a9208da8e392f8b4df1060a9b2acb84753350524057960a0fd483ad0a3b9 1640791854042 1640791859727 5685
1156e8b8769cf5d219841a46892c1796fe60f4a67e4439cea9523aca8d691b5e 1640791897890 1640791904066 6176
aaf7de6003e8b143c7d582ca584f273694aa3d52e134f7002a9db9f90ed29549 1640791941825 1640791948377 6552
131c01084305429f20168d3677615b8a32a016b134a6872d203a1b6d7a8986cf 1640791985638 1640791992303 6665
a366c353d696a63f2a3ce309787f60745a39a897f84408caa069402403909974 1640792029525 1640792035934 6409
af808d35aae4eab411070fa55a4871bc7b2a531575e26be5e54ff0e7c46c7ce0 1640792073202 1640792079168 5966
