0064af65da784b01490b5709cb38bdb7e2e6137e94854bd2a369b07dcc813418 1640791241213 1640791246739 5526
a2f6fa08a70a0bf5763338663634161fb6178189b1f689a8a6c4bddfae122487 1640791284843 1640791291165 6322
b4ae858a4ff200868f43258528cb4337db037b73a0e63c81dc1e4d07106ee987 1640791328494 1640791333672 5178
5885289bbe5cbb4590465c3821427a89d7f646498bfe613e1207b19f09702316 1640791372606 1640791378113 5507
2902649d8cc0786e1693ac9efce1c4c9471764158b83e2127a295a756fcbcc2d 1640791415994 1640791422460 6466
b5abe477e5707b9cb390694012cf95893317c98838bd24810ee876a9c4dcaa0c 1640791459851 1640791464312 4461
3149d7cfb129af8d4ffe755b23b73c7eee7a3118504b01ca93e4b6719878ee39 1640791504343 1640791508846 4503
05dd9a0540875fcb6bd14fabbf6783ba10fa38310d3007d424fbceef8550eb60 1640791548030 1640791552480 4450
9255ffbbcb3e5d49796cfa27d16baec5ff63e54258ed6c5983e1b829c35ba413 1640791591431 1640791597562 6131
7a9dc1afffdc90c9a59c3bf29d9c0ccb5e249bd91709ca8be8dddc84e91b8a15 1640791634913 1640791641262 6349
e2c4825d49ea20b13242c643cf12e6d90b85c31978df53965865887783c3936e 1640791678521 1640791685112 6591
7e0cac2299bc3dce1d8daae86b794d44e705399968f3f49485b93003929a62db 1640791722481 1640791729285 6804
0fb48cef455310327b11fc9c2d1048719b125fa560ff445278e01db1be9fb7cf 1640791766240 1640791771410 5170
39788b5bbfc5d4f80ca6f4cada2d7f8c56ff14d2df683ccf4a8d3a2ec5e6038b 1640791810437 1640791814928 4491
2053e154222c8e7fcf7a3af30e31064ec55894272c0a58a20968eef988563d28 1640791853965 1640791859744 5779
b4ba6d519c19fd528b0e10bee8d12fbeab89770267434069693b608b5bf3e0bc 1640791897818 1640791904206 6388
c4df201c427726ee368fd9d80ced5b0a96e4a3d8389ed952aa4799317d1912bb 1640791941752 1640791946243 4491
afdf06579c82bd0161153e446f1fb88a6c7e7ab5a4347830cca0698da28986bf 1640791985559 1640791990081 4522
8327e9e59d9484f4e52f8fd9bd3e14dbfcc1cacbbf74867a885479f67898fc52 1640792029452 1640792033910 4458
09f32c0efea754f41bcff51c5e4a4d7f84a01a4adc0329d7f7531f0f35ed4b5b 1640792073131 1640792079470 6339
