8c05e1be160ce4e8d90fcaa6c9f4ff91bf93f26401647f136add0c17e37bab70 1640791241212 1640791247458 6246
4aa7c4cdb3f5b1a658ec3f339113d042dbfc006146cfa43986077fe4629a4f5b 1640791284841 1640791289352 4511
9345a20c18b97b57086bf4d472f241c2926c226a20204e89dc8534d6448f4403 1640791328492 1640791335610 7118
36944ea8126a4b6cd7b87e1d7fdef0f9d0dd15e9f3e664e8a7ed157b98aa04cb 1640791372603 1640791377604 5001
0ec2d67cce574c151b43d7d3beb7e6f4c0db8d9cf486ad385aedef1dc86b0445 1640791415992 1640791422267 6275
6aaf2b482cf65509e1285435dbd6682e81590d384a16fb96e2d8d35d82521399 1640791459848 1640791464291 4443
df733e26e08d99608237b1e664097e4a155ba5190ce74f846cb28c09faf3c4b6 1640791504341 1640791508853 4512
4a63df03cd4913b01e65ad492c04fe4019b1ffac7b94497bccaff0cbb2ff820b 1640791548027 1640791551699 3672
269aa97af26a4028ea1df1bf49c9e5e2fe001810ce8b462c16f69e326331bd6a 1640791591429 1640791597532 6103
b5ccff40ed67f1b575b1707d85372b0dbc58e1e3175282303c6558f37310dc8b 1640791634911 1640791640480 5569
1ac9b0a757309f3e13600d93413f19b0fff6e7b47a61cddf688ac80ec7ada9ba 1640791678519 1640791685273 6754
38af6f1eaa54526b9427169f0944adf1abb18098f6948f61eb93efa28a21a4bc 1640791722479 1640791727992 5513
28769143ecd59ea86a8203c5144e92cab19423a089de47907f2ad72ba5819d51 1640791766238 1640791772240 6002
0cbc1395db01b11c718b772ecb7bf18d49384bc565a9bd25ef9080bf0e0e515b 1640791810435 1640791814936 4501
18222b49f15ea4fa5646158e955b71c7df308694572f93422734ca6e519ca534 1640791853963 1640791860782 6819
f596a425523ed0920c77ebbd648328fd184b7fa51cd10ce836fa5e23885af6ac 1640791897816 1640791902883 5067
dcab98724079a986c32349f19e488269508dcedd91708ff20ccddb0e5d1ade63 1640791941750 1640791946219 4469
7194c34bc1b9c94c6314470c4f93bc32b242d9f854e6a49eb108e2f010a951ba 1640791985556 1640791990082 4526
8d64f0ff242a54208d35f4359bc92a0186b0d4417d28fa15f72bd67a0e78d87c 1640792029450 1640792033915 4465
3044daf7c3717b240cfe241baa10a81a1ef37fbd376c85aa2ad29a210eebda4a 1640792073128 1640792078467 5339
