851cfa07122949b0d937320047b8c5f3c9225015a366c889e642a089b93fead3 1640791241258 1640791247349 6091
bfc3b14d712688efb990f3dac8ae79fc9c1b29dec23b74c71e3b2059692ce010 1640791284879 1640791290548 5669
7d8f8a92cbdd15a3b299f0d43337b18e40efdfff598ba7067291cc32ca5baca3 1640791328533 1640791333900 5367
ea598c8caf7416462ba7ee098701327b79d1d0ccb8599de84f039ff3f0ae4b21 1640791372646 1640791379356 6710
fdb5250b07023e7279e2ea88996e81400ea329c594a64815c6a940ca6115b2d3 1640791416038 1640791422268 6230
fec6848ff431001d54934645372b5e48d493c3f07031a85b49b3bc5cc0582168 1640791459894 1640791465867 5973
ec4e11cd1226d1f26b7f341c0068138f53bef441789bc4f4a9008e576b7cc52c 1640791504387 1640791509775 5388
a99ef9eafd5c90c85f3b7b57e53558a321f84abb35cb6ce474b1d45d6ceff1ca 1640791548074 1640791554120 6046
cb7843f6aabf63e54229c7123ca494e505b5f18235549b7e867a92b2c1cc3694 1640791591470 1640791597430 5960
95c33e72b20cebcb60307f38841fa703d0572c772ec8f36d4427fd2eada601c6 1640791634956 1640791641471 6515
6d92006a79bb99924837df27be8c0af990a73e1999c08b04805574c40f500b48 1640791678567 1640791683946 5379
cfac09c224599c76808814c5bdb368249237f1ff1427f4133833948a4aada72c 1640791722528 1640791727897 5369
7bae1b02fc86fb6e443ae60304b8167f7a818d96c9fde25da60b6051479fefb4 1640791766290 1640791771363 5073
da6b63c37e6282ad98ede4949f1c9aed7b978c7f451da186044c7ddbda0d310d 1640791810487 1640791816804 6317
7a95848c3f704ec50bf3187bb38a7290aa440b0733fae7ae28e5be569e5dc84a 1640791854013 1640791858966 4953
72653cb517f009ac9011df52ae459923902eb0421891189ab8a2d39478f93d18 1640791897865 1640791904394 6529
8ebe34c68051f3a53ef9c6492d611956d0d053248ce918567fe0c138446825f2 1640791941798 1640791947100 5302
4d9c848996c78069e3ae4faeba46edef2d6b4df5871ed0f11e5ecfef0498ba2c 1640791985617 1640791991191 5574
9bf0277760e002fe386deebd31afaff889bc207b38ac0c6d60117efef696f30d 1640792029502 1640792036081 6579
2866241c8e2f7397fbff97b7f7de21e4ca8d9f58306be600ecc4567858b842e2 1640792073180 1640792078654 5474
