5796919b25bc2bb8f7784da8a99381d8a2fc9a756983c69c6b63c538b741da5e 1640791241215 1640791246912 5697
5bd54f8ad2d5c430cd9524af91f8e44d12e7a2e91d6e5c1444fa01c2ae1f29fc 1640791284845 1640791291211 6366
4a840accce2ef7ff8f79b1c000c097fa0984f3f53b9934cdae12ab2525f656d2 1640791328496 1640791334055 5559
0ccebe0ac1f0840a456043b2daf334446397caa638396ace6c2a5df03cba7fa0 1640791372608 1640791379218 6610
cdf148005f101140367f4bce53e64f83e196f63d2a7c6a2377786e5ed30fab2f 1640791415997 1640791421231 5234
d8ea1004d606e8e98401610d0f66210d3ac0949aaa7962b02be34edc81da417c 1640791459853 1640791465085 5232
7cf8053a0d3f2c8cc63ab3b12653e34ca0b7ed367a1ab875cee0e49ad4edf8e1 1640791504345 1640791509713 5368
36782c712eb3a4b07b9cd349c5dd4932ece3d65e36aab4ba59883b8e028e2417 1640791548031 1640791553096 5065
c9032a119b04fdb6f4a716be83af0a664cef9f57841e9fd0355e2aca947aa6e5 1640791591433 1640791596886 5453
49d6ab170eed7d33626ebfa56ce0f6f84679594afbe8ac359f03c490cd275675 1640791634916 1640791641011 6095
da7e090b72e5bb3c8f5747fa621347d73612b1d931e379f4adf6d32fa4a2eda2 1640791678523 1640791684406 5883
b888fe6d4245ad1832292b9766ccb79fae43f2a5b4734926b4bb01ad6aec8784 1640791722483 1640791728773 6290
09209312dd4e72d21d7eb4f9fabf4a52a2c2e781d059b38a830b0e49d20997a8 1640791766243 1640791772049 5806
a7e5aa0fb3963a6dff63621c5b8460d12df9b65bdf6e09043d769dc54c31427c 1640791810439 1640791816805 6366
48f152217f54b89f3e156b78cfd1f52e25600bd56f98a9e9ea11b60d78db4cdc 1640791853968 1640791858852 4884
eb44746500d93bdd6811783803a579e2b8bc32992f900999cfbb86a101b930ca 1640791897820 1640791903276 5456
ba97dee58ef9e4321a0673bebb6a4e5bd8cde839effc0ed83e95d6347dc16752 1640791941754 1640791948244 6490
21aaa13cba8748a7dfb51fd55570036d0541cdee4f0d9a7a23bf9443fb62604c 1640791985561 1640791992201 6640
b6699a2cecd4ddce21d06983fbedc4df8a38e6be2bf0f13b65f0576c93e32811 1640792029454 1640792034562 5108
b9d15369a95ff10cf95b0d787bf8762997f81b0ba3a5e8de9d7a692175b94002 1640792073133 1640792079378 6245
