3283c607a6fdd02dee53d8175550168ab3be70e5174125ff5fe219b88cb96273 1640791241253 1640791247339 6086
caff32eddd9ef3beaa6690464acee0cc0b2dcf655b6a67ef41fb907690f449f2 1640791284888 1640791289842 4954
7764dd9dde97e42f21fa4e973afa4856907f146928c854151b01e898b6ed8423 1640791328555 1640791335484 6929
f9c4c1604afd6d83964873152691004cf19efd18545965b4704988b9b5848304 1640791372652 1640791378796 6144
ccd9ad2c591443048dfffdfc4c9d4b82eec36e6268532a0a402472636e5c1b29 1640791416039 1640791422512 6473
64dc9ed4ac3f5f5ecae4a6937b8fbb06c64b76fa8f47fd5be18999b923a69cd2 1640791459901 1640791466146 6245
fbe85362f663b68601322e55f6956740e7ee79b0b7c38e5475309c6bccf8dc35 1640791504396 1640791509358 4962
f9d3653f47a767d012d1ea1605c4cb924334d2a9a8cf979275da88b049b33988 1640791548083 1640791553329 5246
2cd1cb2d7e492f8f771d06c005932b4286dd45638b5b203a0164bdf6f753a4e5 1640791591475 1640791597693 6218
97160e37137a6fe9fce1caefc41a48a1107e6bd856727f12737d869c07ed4883 1640791634973 1640791640833 5860
2ab192a345f55c17ada952b13530cdd00a2dadfb94825caa7473ee16a18c2ec1 1640791678579 1640791684895 6316
e01985582ef0129e2ac02ccfc52482469b1c6930c402a9a264621a047b9b5d40 1640791722533 1640791727529 4996
8ed76de72b00da85b18f3e9e1a2a97ee8842975bcff592a4efdc53d916c1dfed 1640791766293 1640791772322 6029
dd1ac4aef933d839948961130acddbd43d913dd93f46d3bae0443aa01a8627e6 1640791810494 1640791816927 6433
5daf148f994f200f51e712c4f18ca9a2a66e85c9bc69866060722c5876377621 1640791854024 1640791860854 6830
1a74303894d97b74ce02a0eb753fb16427494039870d9556d2b608bd92497dc8 1640791897871 1640791903799 5928
42d9dadfa94bc002dc2750ff3f31e407aac278a3121a8a347f6779f329248e28 1640791941808 1640791947790 5982
1fb69a32283f33eb248d6183692f917fe7988ec9db4aac898743793786b805a5 1640791985616 1640791992260 6644
127b66bef89d45ac46c63f7f70ac5ebfbb74a627e3d17f210fc2196399032197 1640792029505 1640792036002 6497
fbdca3508e9d1d1b4272e79b5d6c445c6e4d87d724c1ed4cbc314a910fc03521 1640792073181 1640792079583 6402
