17c1e11628be89ec11b5ad1fa72fece896a6e8d505dc5a330c226e6c6277ec42 1640791241259 1640791247985 6726
0be31e5f32c9f57d3e38d1d3b9decbd537e8a94448b1b5f753994d8de4d62737 1640791284893 1640791291494 6601
e0effc518da978e90876e3430a3bbf5d58a423de278aed89f6bccc6a80f5f29e 1640791328560 1640791335530 6970
19dc4a8264912c2249f3c7ce08ec4af6f25edc30c26c5b2b00305f1db3e9630b 1640791372660 1640791379013 6353
b7fbb24563f05205b1bd6bc2c7c1454cbe77ab32fe90d839ecc435f0e860e73f 1640791416052 1640791422623 6571
64b6db4edfcca6acf677f432d68edbfd8823e3cc5f2803c45c390cf19f56a704 1640791459912 1640791466479 6567
cca960e8247fc91e388ee042356d80bc2592a91810d00998ba26d24e7ddb3877 1640791504402 1640791510766 6364
ff39521d6ebac9b91d631f586ad098484604cdd489d9d2b27d1a99841a0c4566 1640791548088 1640791552998 4910
fbb01d29fe53ecd2050f1ea01eaabf21d635c6f5b67e6717a7fcfc84c9dfa7ff 1640791591486 1640791597322 5836
f3e54aa8e95d7f85631631785781eb9fd59f350b58c720f9040bde71e9126186 1640791634992 1640791640283 5291
4e03b2625907fe46571768244edc366fe7955e4822e9afd0bba01cfab8b06eef 1640791678582 1640791685334 6752
97530b38f5b4ceeea61f44b8bf5334ebec4a27152861121f85814225c027d259 1640791722544 1640791729254 6710
009560c6ceaeed6397b6d2b4afffeecc9288c90f6305cb9e8ab6b2c983254959 1640791766304 1640791772359 6055
f659847aaf3577acf82b2c8e33d3126a59e531c484d4109e3d326e7f3252528a 1640791810516 1640791816521 6005
8cadeaadd779b1ace34ca49ac10fef82aaa39824d28e4c53d30bd9334858d311 1640791854027 1640791858894 4867
a92c37e081f54ed8681a256201a91bcd4a4f5e0bbb0bcd2eea19f51d6b3c0907 1640791897881 1640791904738 6857
68982bc2329b6513f3112454b59f44074eaf5cbde192a129cbc74fc5712d44f0 1640791941812 1640791947289 5477
867325adf1432bcefdaa2ce7b6aa01ebfc6928508f0f48f0ab5e223164b5d7c1 1640791985629 1640791992177 6548
aa7f2a13ef2320e1842424409dbf024ae13c3769567bea632b28cdd278ace1c7 1640792029514 1640792035892 6378
430df16e5eaffaa1722ce487fe5e81c680a0b65b3dcdc4a72955e10eeff95124 1640792073194 1640792079775 6581
