3f70017340fa252a82c93e3334620a5ccff43f9c97c57acf38985daafd6cfb7d 1640791241224 1640791246885 5661
e845eac8a2ed5cdebb07643ace51e0685e4a3978fa61815e2f4f28e7298df126 1640791284853 1640791291493 6640
b4582f70facaf7b50ae3d7c41f705422a939b295601f95ee0d45f9e7e9e77dac 1640791328506 1640791335427 6921
4e2a000a5116c06d6a51c0d6eff2980afbe88fc0fbe91ff66edc1706d918b167 1640791372619 1640791378574 5955
4bfaf282111c5b5ac30e0759fa85df6b9fbdca75bbc92b42a3cf40a4c69bde4c 1640791416005 1640791421927 5922
e662953e04548dcf8f9df2e8dce2cbd45c933942a6be128b4b35e21158ee404b 1640791459864 1640791465750 5886
f6fe0a5199fea1e36904307cb1d14fc32f24804046d79e3be2ba7cde94af5938 1640791504356 1640791510828 6472
ab900c764c7a9d9ce9ff36333d8e3a8d2379dedf21d2ee4104b741399723b9ae 1640791548041 1640791554534 6493
2dd277223d431807ff9f465f7561b34f5f365ddaba207c650a76c3dd316eaba2 1640791591444 1640791597021 5577
bcd61e48b167e1519049907fccf8eca422bd7e2a566cb9f7ec1e6f890140205d 1640791634927 1640791639940 5013
bb762bde8000c632a1c874c7189902ed217c237deca646539a6a8f28acb187b3 1640791678536 1640791685135 6599
1997966ff27af674142ef0f738fce5cc2cb58c24a6479e1e3890d7a117ae9ba3 1640791722496 1640791728155 5659
4fe77a42ce83440cdfba7d45e75035829a8501611b9cf19035db8dd1b14275a0 1640791766256 1640791772419 6163
26531b5d11b957bf1605393bc620e96815083e85bf624ffbc298bb0c0383965b 1640791810450 1640791816813 6363
2f9647b969ec6372911f0d95d58d61c0ccc32570325d3cd9846051e1070f5ee2 1640791853979 1640791860424 6445
a3c8f76190ad2e02317cb4d9f3d34fd556188641b081daa68732f8b4c526a398 1640791897831 1640791903087 5256
2de61351b26a6f98f825255679d62e325e3894b232745b2fad11fa104dd4da42 1640791941766 1640791948455 6689
0d5e82b96f9a38cfe9bc120cdbd32c1d5f35f4bb07a209e277db00dae59e0d9b 1640791985573 1640791992180 6607
ede11ec33a161f15f16bc6786192b41e53884c93982d7d12192e9ea56938f112 1640792029468 1640792036099 6631
1f7196ff65b23c21b81567eda68465c5c105de4f36653a80452b73a3ab5649f3 1640792073146 1640792079225 6079
