1724dd0c6e4d6b0d70be9a067e6d67740c789b4b7b5cec892fc4e8768338a46a 1640791241234 1640791247713 6479
836b2a04189c027448b5c81a439c70951e2be383b7e78536940d4cd565c41f6f 1640791284863 1640791291276 6413
b0735954282d8b6f84926a0cf8cde54a8d82656af9047856b3f027fe584dea80 1640791328519 1640791335259 6740
db8c2c9fea00f0752592ee8bf6f8893e6696f10d7e5e3d46a6b613eb1133e43a 1640791372631 1640791377369 4738
ac1cd3b6d9999e20b7b0e846f5d41d22fc43b66dac68f0fd4191cdc997d07055 1640791416018 1640791422071 6053
b4430fda771f5321bb77601c6c47ef6d2b536ff4b6349e7030ec2a87183960d9 1640791459879 1640791465059 5180
f152308070fc786298feab0e2ff3ac72e999d1d4b9fb81769f00fa592488a781 1640791504368 1640791510548 6180
e84a697027d201d61e58ec2550a2fcbcbbf218eefea2dd684117df3a3ffcfa67 1640791548057 1640791553389 5332
edf19145ab0756501e25278014086cde21007ba94083bd57a16fe101dbf33811 1640791591454 1640791597695 6241
42cc1084c24707f576a5e5bc892d5715806832fdb2e23c2200e92002fe59a7cc 1640791634937 1640791640918 5981
9669c1a6434a5b646d274d3cd6597da83c30f31a98a6ea59fe9bd7ce40754c15 1640791678547 1640791685226 6679
ff9485ca31812a0962cb9805b1405de693393bf55d2e8296873670e70baa8984 1640791722508 1640791727621 5113
383c91f533ace289ec41c2ae00e8288d7ff6ce2962269def1b7a69d471d1168d 1640791766270 1640791772405 6135
6457b53f5c0422b237b2cd61d077d0bb8ec80b97eed35184cbd9c305fb594d3a 1640791810479 1640791816829 6350
1b417a68761f0cf930293c29596d386872814dd0389820429fb83303ea1e789a 1640791853998 1640791860888 6890
50492172c46228a6d48329d7d86bd10dbdba614ecf04a229ad26521a73e06edb 1640791897844 1640791902895 5051
eeaf5634b62491b12e7e639b4d0988b54a130ee528e7e7fe33e42e4c40ba0f3b 1640791941780 1640791946754 4974
5d1ad8941507adc0e3d3c2569e1ae5d5ad6c8cac8f5c74629425d1455a5fddfa 1640791985585 1640791992233 6648
90841a7c7e79738606f7dc50ab3fe27fe24d36420354508d48888bb928d19ea0 1640792029481 1640792035384 5903
c4017c98d8dcd359832f00046e88443bea09ece773d5e64645fa9bc8223f22d0 1640792073158 1640792078874 5716
