c703e01e10afc38e0de1df2790d11c74ca81f924ac9337673e7081b00fc31af2 1640791241244 1640791246192 4948
781978c62581f21bbf2ce33da1437e9646a01af8dd3901f89315708ad0b076ca 1640791284874 1640791291494 6620
1e02ababbabdf03d4756c778bb4484e7bf1422d163dd580f0a894502ee1a3204 1640791328530 1640791334143 5613
dbcbb3f78e1b2fdeb51092b8564832afc14a14930b30decb467f5b4bb54fe1b5 1640791372644 1640791379302 6658
f5a6e1e6802effb78f4fb4c830c7fa2a08889626cc9bb6921308b16504a36106 1640791416029 1640791422302 6273
b005aaa2d8239b7bb88cd4b34761064de930e011c7ec6d718fb36e3724ce8f0c 1640791459887 1640791466479 6592
4204ebe633ed401d48df19d8985116b0b4d00ab1294e0cb5554f29a1b7abf686 1640791504379 1640791509748 5369
6e109f11152b49847b64000c2dfcb2339989d4a06b4101bc3a033c63e3f47cdb 1640791548071 1640791553584 5513
cd553930916dbe556501e4542bcdad19fd13c6a79373678681a23cc2e40f0340 1640791591468 1640791596835 5367
fc7d6c18b9b8ca5860daf1916c103267faf5d483df0f682154862016a25e8ebf 1640791634955 1640791641552 6597
90f73e9ab2053e32111f29bd661e6c28ef0e6cc1412108dd9127c0ff9cd22135 1640791678566 1640791684694 6128
b3a6f549b280aeebb2dae8471202e486e9dcc95599df98b5895721cf3b727679 1640791722522 1640791729253 6731
0754dea2a1d95c699cd8741c8ebb138ed2ea2c70ddbdb577db0795a97dce2d8e 1640791766282 1640791772923 6641
e2d34192cdaaf50ab41b031a650edb5720584db720fb62ed06bf8e6e4c60dcd4 1640791810483 1640791816787 6304
bd64388d21ba2a8f65d93116c16869b3fd1d430435f928b752af2b0b7a87317f 1640791854011 1640791859753 5742
a22653c4be652ee48a2374983662bab2294f202ad8737028a831d65bf865827c 1640791897860 1640791904190 6330
2cbad5e18029d4bde29803c6ac1a03298c73c2db3531d86110811eba9fb1108e 1640791941791 1640791947338 5547
d1131c7bcfaa541ebdf4c37a61887ffd54c9ce464dfc0c0c23d9bc701b9ea5dc 1640791985599 1640791992230 6631
b90a12f81e16523f6047c8b9fa2f887c39c1fa3fa74295ac65b9ea723bc0a7b4 1640792029495 1640792035731 6236
54a465a7ce584fb0d402f1b4d37caff87997a9df4cbe9f225ead2edd18d7f46f 1640792073171 1640792078619 5448
