0855ce39be3aea50ab67557594a5c5dc426a7aa3abf8b46906cbb7c6d92d5e95 1640691874619 1640691874978 359
7576451eb61d021ce4078496cae4c8394eaae83c2d051ffa80ab5845bfc43949 1640691876448 1640691876800 352
6e52edf03181bdef0027d4156d6bd343260fb9f18aa02c763fcba11d03a79aef 1640691878289 1640691878644 355
7b45422f2b3926dbb807bdb18f396a99b82cea700d176374a2c7de34cd103fbf 1640691880109 1640691880468 359
74d15e179a2b832369c46e1e1f85eeb54ca5b1343d0fbb0431335d0df2153b4b 1640691882002 1640691882357 355
6859efddd56ca5dc72a437c04ab6691cd99024f1d32acc6d909f2d47ee8ee699 1640691883857 1640691884213 356
b58c97261dc2c39c563c988d1b8fd7a8f955d8577a9f4578ca49547ff7aa2ac5 1640691885684 1640691886074 390
b26ff60822d3d59516480e4855634f663a6e9724c3dc2172bfe51ad7d992084d 1640691887569 1640691887930 361
aa4099bd32db1392fe4420124d4e650903b8703cc460724f9e7d86337d920462 1640691889438 1640691889796 358
df12aebe3712c2657b2fec6e1215357613b6a6bbf2157f27eb8e17117e28f7b0 1640691891274 1640691891615 341
d98242cc444cc2fdd70862a11252be20ed546813eb0e66d08aec924ba0534d8b 1640691893084 1640691893424 340
77a341598cc2c64bb334d040ecd349e73a302c81bfcb8c18a5dd64d1b01fa635 1640691894936 1640691895293 357
fa91c2e8e0be5549625ab1433158611605791087d41b42ac40c81a471dfd85d1 1640691896796 1640691897146 350
3f7e74a495a2609b3cede2e898955424b2ddedc1719595c95cb5f379184db77d 1640691898638 1640691898984 346
5f79399123d1fdcc03309b92e96dd2a8731873e3a8231aed79c7419352eff47f 1640691900486 1640691900839 353
db7f4df32efd531c545c53670797eeab8b76655ae9e60b6c0a4b8bbc75536f88 1640691902651 1640691902996 345
ffb7d4f3ce8e5c378c9cad364ea3a1f7cd1cba7e3383da2f3559777b4c66f27f 1640691904407 1640691904763 356
8dcc67f95660359a5271c0859d504d1f0121ecf736dee1a02a952066ac52c453 1640691906213 1640691906565 352
813f40fa645a8f9f5d0d33c03500d55c80b12ab330232b12476791ab8a3270fb 1640691907984 1640691908331 347
2cfc35b6ada1ea2b2813a8d178149974fce66337e468d05c62e137fc22b1fa9b 1640691909781 1640691910144 363
