b09dee3edc49e9395a6385af5ed7048c972bad0f96205328f38f7cac5e5a0822 1640339866883 1640339869363 2480
33fa8146014eedbccf5c6e3821cb3ffa1c3b97cfe413b0bfb2ff7cf2a54d70ae 1640339910258 1640339920441 10183
cf2c8991cbb46720ccf2f95ec22f6471f1714258b51fe3f33f51e66544e6cf89 1640339958048 1640339959360 1312
9309b5ca8da7e1aeb460d87992c944b5ca0ea12329867d0ccef7a9b3f8233e8d 1640340009623 1640340013040 3417
6f909a01c2c226fd86159050481d5de63f4c1a60e6dd3ded8bec89e052b2ea14 1640340060054 1640340064442 4388
0c1aa80c33b54185ce0acaff1649118c2943f821681e8bd350812f687324f80e 1640340111497 1640340115607 4110
5ef8668c3b34f453456c201ab0f4bdbb654a4d8bdb28c70a312dcd3c2e052f38 1640340163097 1640340165792 2695
549adc23df23957cb78350279119d9fd4e4616ab352306202345d26502f38422 1640340213936 1640340215310 1374
e4976706a40353cf44bbd8786de8b3c1966ed5468b507aef01d315ece3010ce1 1640340264537 1640340268767 4230
19db970045f884b26596d7f114d045dc5a23614f51e8cf7211855070f72bdc4e 1640340315283 1640340317921 2638
3280b15eddc52b3647a5d7d98778d20d3fd817965858b28d7ab2439f3dfb94c9 1640340365798 1640340366796 998
06c76bdb52450030366587b1c10be4ba6afec05fdd9d630a8e99429ed094e820 1640340417015 1640340417692 677
2bfd53defca4902ad1f39bfe5915e56d4566173c31ae950e434f138812332a9d 1640340467773 1640340471186 3413
61df3bde3407ae2acb5b4500aa95c7fd2cf8abc1a1eb03e0234f6c8b5b48598b 1640340518890 1640340522233 3343
4558422a475420a8221eedc23b3838ea42ad7dc2d32cd7e35566bee628faed1b 1640340569963 1640340574113 4150
8558899d50e5eb158b01dc155cb44b434cb905993d2e13bd9d20ab3728e69dcd 1640340621442 1640340626834 5392
91f345727d7d7e477b8fa7d89290dd43f40a8d7442cae111969f79059afd0f79 1640340673281 1640340674268 987
b11f6a41134e8c1dc546a13a9b2f0e4e100094c6406ff4e0d2e50b86a66f18bc 1640340724126 1640340727809 3683
4b6b5e9ebd5d8219b169e623adc397d64dd28f37669d66305c3dfd9ed3104706 1640340775681 1640340777017 1336
c6f33450a1c1ae28263baa3221ac1bdddffc158b42ecc30b7c39ee1ab77a3613 1640340826532 1640340828941 2409
