32a86b1130e920c375a983a377777ab4e3209d123195980f1e82f9dd174d3129 1640339866889 1640339884443 17554
54040a1a040b3dbe9f031b1a2a479c973b7ea1a4221843cfde85a22ca1c2a12b 1640339910263 1640339929714 19451
00a27a0982ea227856d1cc04de431201cdf2bc2e143642ae6083ca16495b8355 1640339958054 1640339971305 13251
14f69f5600d6265281008680fae7b677f7b842635676cad84aa47b20077f408a 1640340009629 1640340025813 16184
25aa3bf9291df542c498b6efcf62f246506579773345efead19dc4e390c3655c 1640340060060 1640340072829 12769
53f385a0e9a81dfccd65122b3806d797e671725f822271b4d1530fba8101d880 1640340111503 1640340124718 13215
91b6647f30043bcb9a1a2a786a9301829d95b8162547bde08611f446e65142c9 1640340163102 1640340180051 16949
2cdf05f82f02e2b5eb4dae58f1492208f97dd5bf6b50f526f73377a1e78de7c3 1640340213943 1640340227539 13596
a16ad4ba6ab5119ba3228c7248b7060804d96c6dc54632deac4ee44999569d89 1640340264543 1640340283004 18461
abf3166175b10e9023e789c9e76c0f088c24c23bd1b74c677c0fec96b4ecd5dc 1640340315289 1640340325253 9964
a385c3cdae9f5c69b4d4421264c94085204e54c09358cb9813e8473a45b59347 1640340365804 1640340377104 11300
a752d3fb4fd61c713e5f6bf84247fce969a984337a42d750f09436bd50f2dbc4 1640340417022 1640340426680 9658
ed6926ab37b81e41a5ff9a6207d82d2681c2903386edff7e7687df2a153157af 1640340467778 1640340480068 12290
ec947e5ec48bf885f7b8b5d6b266fa4eef05d1635a4e5e60267046021e4ea152 1640340518897 1640340533511 14614
821761e0ceeaf10aa81f6751edefcfc0853c42b87083facc280abb4becd0fc96 1640340569969 1640340578655 8686
dff631a0abf973456fd4b4d0d124a5db49d813c0d4d5ecab1e2b7928474360ab 1640340621450 1640340636064 14614
d595344fe210ebb3cfd76d1408ab1f0b1b772c5414396bd1c2b025e7ed55dd9c 1640340673289 1640340686260 12971
7faf5994844af1f7fc8db323cc2efdbca2eef785f50a6b400c8830cb7ed9896e 1640340724132 1640340734596 10464
1d58deaf8c383b74fc34b9b71d670664d61822ec719b37f2fafad6255445dd8c 1640340775687 1640340786424 10737
a6c683fc14a43e2e7c2239da1adf81eda20fbbcfdd2d038ca52c813dea6bdcf6 1640340826538 1640340839962 13424
