45a1d33abc5965523795fae8965d39e65409e80addd23d3777e0b3423b162631 1640688644924 1640688645403 479
080fb88f834be859680360432fa55eaba6840e804667e25f5619584ca9e08ddd 1640688659424 1640688659962 538
2d9db502098f8d138d7b84a1bd226229038cd3c7a0fb7ccd0680bc741db5e858 1640688674090 1640688674668 578
1dfece6256beebdba133f08a7f7479a6e669bd30b9b438b60029d25304680463 1640688688463 1640688688897 434
493ab67ce746f14b3ce7e740674eaf2394292b804798a693ee78fd86ce930257 1640688702694 1640688703199 505
575befa972501fbb77779e734aad839168608f55db5c4267139083cf274b3271 1640688717147 1640688717568 421
c7585290604af63621e85c8484bccead6f753b33c5752dbfa81a7d00295fc8b9 1640688731414 1640688731908 494
2c7ada03f92479630c2bb05b40ff32f06a96ce1de1a8c40c21ac418f1b3f877e 1640688745861 1640688746346 485
7baaaaf15c7082c1adec4fb2e0b20227b1636fd81942047367e87baca5a36cab 1640688759890 1640688760410 520
e2fd6194eccc60290784d9008055fe351b985c669ed32298b960932f9fa3cd04 1640688773967 1640688774417 450
c7f9bb95f4be0db2dfe3758d1764c55cf75464fed2287795a9e07b3788804879 1640688788831 1640688789383 552
f79e3490d860806aaab40448e54bdc035d407186accdf560a5b1a0e0cac6b20d 1640688803830 1640688804264 434
e78705b51a6ab89562629a9b7c728db2eae19269811da8441d82ebed20e53c8a 1640688818348 1640688818885 537
ec977eb8c84a5ca3e48c740cca91c7572c8cc2ad491a0d6ae34b2e7c4037f740 1640688833007 1640688833434 427
c7d68ce3156966f5c1c6029113f0a70b17f034279f52e15d042846c527fc9f9b 1640688847627 1640688848163 536
f07a0aef5c8f782ff2b73b593b8cbd693f4671ffce60c9ef4235d9ea3baea4da 1640688861964 1640688862384 420
b127318a8da2932e35d6cec01da801424f3963141bafb7716bce0141b251f5d8 1640688876285 1640688876891 606
213c9b5dc5b88ac39292624376ae129f7434bc8556b5df35673ccdb692bb617b 1640688891055 1640688891498 443
2804f49b0c2aade6689fe745c2a5cabfca1d58af62c31ae419b16b8779ad3206 1640688905821 1640688906353 532
c8a89be074d5de61ff68df51f37fec118500232955a712e862a3b6758f89ae4d 1640688920596 1640688921029 433
