c0ec000f55d96815cf800e31c5a1d14fdc96aaa45b64674c001cd57e450b5625 1640688644931 1640688645686 755
3f4fe59c92d8d4071a2bf2b8b3140f3b0a592ace1686df0190752a25b8fb012a 1640688659431 1640688660287 856
a44c7fb24ce967633ef7663f6e3dd6db048de89900655f8e6e8853a0ae5d6d53 1640688674098 1640688674751 653
08bbf35dfa4dbaf526bb8f19e9f0b45303a833e47b2439b6751c9cd3b09e9fd9 1640688688471 1640688689335 864
1b2e299b67a41276e05fa982f4f61c75618fa639a4eb642486465474705148da 1640688702704 1640688703278 574
f882162871a29241718f25bfc772ebf626d105eac5d7f87dd95cd3c610d139e5 1640688717158 1640688717809 651
e0864506839f006223ba852af24f1247cbf43aec609b341de23e4e65ae4eac28 1640688731422 1640688732034 612
f760dcde20a9f364b328d0a72d43484da83cbf3e111452e3c2187ce68daf1d46 1640688745869 1640688746532 663
55c8d1207f7937f10981e6cafd276b25f93e67308338b55dbe0b9c4d02445822 1640688759898 1640688760667 769
88426fab26449465614ff3b135f3920396aadbd4d69f8a8472ff221dbd94842c 1640688773975 1640688774677 702
6ff1ed04ceef9f973c01371d67bc739c25afa871507dce64441c3c0afe56e81d 1640688788839 1640688789642 803
eb64feea49c230cc3df5bab0fec2021caba5e42fa04071a28084e2bd467d6321 1640688803838 1640688804467 629
7f80c4c3127bb0f737243637e826a4ea6d84e53c5fab02dbf9b017d0aed44cc1 1640688818356 1640688819075 719
f6a6342f69176dcc24a507897f8e52b615ffae5c856b023e80b133b17b15a9c8 1640688833016 1640688833762 746
3d43ea4f8a60eceb43442fe2b4dee2b56d98cca22395b3b15314925e923f3e69 1640688847637 1640688848454 817
0429b4a34cc73f1952097f2f9e1194f72f4e934de126d5e765847d60cfceb711 1640688861972 1640688862594 622
2c7e152b39992134f4704e806b4f44ce2b82663beb5bffc7e782c7e8118bb118 1640688876293 1640688877072 779
f8a2231ab26c4b67b5156ee7353780b27aaa3cfa6b3301bb4cece331c38b958d 1640688891063 1640688891797 734
356b339531fa14fbe80499b574036166f91947ce119f4a0415e3c43758b8ca2c 1640688905831 1640688906690 859
c0045b5cfe0716448dd327e72447379f10f6b4bd85f77f04c15a09f5938b6bb3 1640688920605 1640688921253 648
