fb525a87f5f760e31894265a248acd62f584a0ea48824a81645f23d96ffd97df 1640688644924 1640688645451 527
149686b268083423fe938b82c127f7bfb218551739bec845b8d141fc66d9dc63 1640688659424 1640688660053 629
b16d5fb2b6399390b83e3c977e0c187393c8a541d3df56eb1f706fe2e41fa6b4 1640688674090 1640688674647 557
e271a716ca2c393b2279af24f49eb804d1716ec857fb2aadae5844bd20f88ccb 1640688688463 1640688688950 487
4cfdf2616d7d543dc7bb9219275c302565d81a35efdacf022ff7f6d7690a13dd 1640688702694 1640688703188 494
9b0596f169e07e7426099576d36bc8b6ae2702329bcc37b550fd51be35626027 1640688717147 1640688717544 397
7e639db9e847a06e02f42cca94504b44f67a5ca57a60ffa4d0d0737f72b42cc9 1640688731414 1640688731844 430
a5500c6ed74da476c4884717444196d1052bd32bf21d46de3cb30399cbfe1657 1640688745861 1640688746283 422
5a36ba5546eab079c837fe162efa930086bf5ca254e18b453a0184af281a970e 1640688759890 1640688760409 519
1e616a170558696f15f387fecefc61666f8432c80b27f502886b99e26fc4389f 1640688773967 1640688774415 448
f56a70b1988000965fc9a19161b11fe94aaf7f9016f337693bce547034a30cea 1640688788831 1640688789345 514
f0a19150a817fedaf6f8a7599dca92fd2a0b6a2e24b7cd18b05d0f3b4a70c862 1640688803830 1640688804306 476
d68ee5091b5634a7a2354b1dfb34bf65a9afddd018628b8c56459b83e2f44557 1640688818348 1640688818889 541
a9e2e7312cfcc59bbeef076e2ea13ce7e1167ff0ddde9a6e46eb8fc9907866e5 1640688833007 1640688833429 422
8e9fdbd0688554f227204020b89693edbc9fd3ea320fd4f22041785f30dc7855 1640688847627 1640688848259 632
f0b538c1b2e2c7078d76a801dc912d16618b5b0cc50d80372e09ea26691ae935 1640688861964 1640688862354 390
77cc729dfbba84b220e8b96748ec2c4aea00aa65243b7abfa5c5a38270fb325a 1640688876285 1640688876721 436
8d088445b1ed620f4a8802707171c9e2787f66e6da0291931e935df6ec7c8d19 1640688891055 1640688891501 446
6722daf4e520ac6b12ffff7ba296a9bb3e6792af8f2671f908f1fe02b24e0575 1640688905822 1640688906469 647
a702f68558fd76792d6eb5648409b49f9864aed318b0d58e1253c8c921cc89a5 1640688920596 1640688921058 462
