a9cf12edd3a460d0e26273b5c72f206f1eeee1a6491494f98fc6649b071f49d4 1640688644932 1640688645495 563
396cecc4079cfcb3e180cf09234f7c0dbe35749dce5f12872deb5fbab35e07ca 1640688659432 1640688660300 868
9a0ccf6d9cb8cc25438efb0c0dbeb25ee12a3d63d865b3535e02a4f7860f0c55 1640688674099 1640688674760 661
2ccedb9c26ad249e908b5f902659bd69a9f79da288cefc1978d24a15dae51d92 1640688688472 1640688689184 712
f3fe3765a64a7edf00c9ccea876121c043a4ae656e3fbabf58117cc84fbf98f5 1640688702705 1640688703389 684
86b8f50d62a9ee91bad1361edf56771676921da5835d0ffca593500a60b63259 1640688717159 1640688717803 644
262521df189f7b9f97ebfd75d08513ddf310435ab3c0a20213b1a407fc8760fe 1640688731423 1640688732236 813
1141ec2cf1e8d795d3edb34107d5fa4bc1fc1216bf51972d2a9395a637cf2a2b 1640688745870 1640688746502 632
300f4a181fe21b97e51f9c396c554b6a182911485744410f90c2d0a294ae393a 1640688759900 1640688760484 584
b87a7044fb6a0419afeb2c218aa5cb46979115d506da4ff5453bfbdf64a5c8b0 1640688773976 1640688774747 771
3d6fd13d7c45904e81cc76a2b5687799d34d0a777ea986ee9ef9abe753d3f9b6 1640688788840 1640688789673 833
9cb202feb27fe2cc1febe0a7be9a25342fd9d766005ac111a48550082a450967 1640688803840 1640688804540 700
f3e5730e0eb77ed6c54ca508db5912a20296d1ae6b951ed51bbe2b8307ab7e66 1640688818357 1640688819060 703
d2d0a977afa41c175198c8c9fced77cabba784baf3461a1c61734f42ae0ec21a 1640688833017 1640688833692 675
eb3b85ac041ac7e02dcc409b8c9f58bffc65693e0fde298ef3d9bea6ebdfb3e9 1640688847638 1640688848436 798
04b25d4aa816bf2f33930978b4e3961e5a0d071a4bd432437928619fba71c52d 1640688861973 1640688862672 699
c0c8aaa3237c83ca84b1e5a86d3f8e61ed9478bbb18fe89d3233512f23da9188 1640688876295 1640688877179 884
bc8c9f35b8246f1e366d264191807774db072277c9ee7f443c3f873ee0037283 1640688891064 1640688891748 684
f75590236536668df115466f5b820946feffb4254dbcd54c644c25a1919302bf 1640688905833 1640688906641 808
74c169c0a8eba3a0ba811a6fd6847e749fa3c1d6d5619528f3cffa9e33c83a99 1640688920606 1640688921253 647
