8aa4685b2904dc272a4da9dd0bc59a5e9b59c82e2844c4adad4896bcbfd06a64 1640416957646 1640416962008 4362
09aa6471ee8f38ef276687419086b4cc08b6c932e2eab8fcdf19a27fc0513578 1640416979775 1640416990575 10800
5af358c1d4875f11b50a4ec2191075046c2ab5e42aa5ab8e8403228b4b327fcd 1640417002390 1640417017300 14910
fddd3670729af6b842db2b4e4c2a76594a674ddc83ef2bc61221f7f808456fc1 1640417025193 1640417036251 11058
e19f5be747a98713c1798339db683b2545073a5f3dfb3b67d8a638c7bb45be6e 1640417048157 1640417054623 6466
89046017c9c4ff61092bc9d33949ce961d94288e4b4c993bc2648144c818a2c0 1640417070916 1640417077447 6531
505d9ca13c4cfe25ff4c4723e421bcf4bab9c27efde805184b22a714b5dcde74 1640417093823 1640417102800 8977
d61a87eebf36eaa0866a4058f9b94988dd843640aba0fce77e6cf8f39e7770bf 1640417116922 1640417132270 15348
ba1dd1e332b200bc018a8f16e1030aa7c54ee1ae4275199c8abde3aa36731f89 1640417139946 1640417157064 17118
67b088422929c936fa7a2933aadbbcad338d3c530d77c11ae915b72fbe82ab75 1640417162975 1640417184405 21430
571e3462630997ee7c4786aa15e90ebe5db1070f518f84f6e57859a4564ad54a 1640417185840 1640417196311 10471
ead37fe1bb9460aed3af1a3624ad9dbff72774cc398ebc9f8c3142a7e0049401 1640417208669 1640417219351 10682
7c3115eb1a793ea4c1cabec464176b13712d39a02f2240d1f3cb5efc1f25755c 1640417231815 1640417253329 21514
72e8596885ac824f9e53ece08ab09f5a07c1ec50ae55b42266595f947076d01e 1640417254758 1640417271846 17088
52e90be494cfac568cd8ab1e42774c655a2535dfbd63661e8d4f150badd7ec08 1640417277645 1640417299090 21445
ba95c9524ade22807c9f28b382ab65631862072578c638b5e99d3d790039f69f 1640417300419 1640417309038 8619
51e334de9244cad279c5503a9e1ff5ed9cb6d3adca9004d1bd5d13e3ad5e0f63 1640417323328 1640417342657 19329
e2ab2fd366aa553d64446a1b18e786246ca7843d98223ff0ff2ebe6b0d024f76 1640417346327 1640417365553 19226
6b8605017a720026c11170ab3532bad33e2f3cb38711b278d8b6eb05bd0906e6 1640417369266 1640417373683 4417
10553ca7fc9cffffd63b1d881e5f77b954dc10e03a25b69447400839af3eb0b4 1640417392090 1640417400663 8573
