1d98686309af74ee36afa60a6dea31cdf422004567b91a4280343d72d2e6872f 1640416957647 1640416978850 21203
c273bb6c3e16fb439d8790304be5778fa5b30496e3032fe713a40b507ed7e365 1640416979775 1640416998753 18978
12078df5bb4b1f8cb812faf3aa3f4f32fe0f5678c8fb9a38da70482a04212798 1640417002391 1640417023868 21477
8db789ea8804444c5c49adca72ec2bd6a8f5326c89f6a78e6eb55ffaa5d502f1 1640417025194 1640417029592 4398
4611aa518ac6a5be98955eb8a115c27625a94180e04d6fa99bfab75f5bfa1b5b 1640417048158 1640417069498 21340
cabe4ecbc2ada68530a4f389bb04e36e3038d9a065869b2dfb5c4f40fe4ef185 1640417070916 1640417081715 10799
e8d71c11dffb246fe00ce384dd92774d364e152de189f38f248ac06ae1f89030 1640417093824 1640417106826 13002
200c7bc5983c2f2d9af92ea8d1daa96004b26feacace850975e07fb8125316e2 1640417116923 1640417138660 21737
294cf4eab93109589bfab225493464a24032c09507839344080bf6ce59a7081f 1640417139947 1640417146686 6739
9d41f4cb35c609748f23aa51d712da3c89365ea68c4dcef9bd4467fd6a45e800 1640417162976 1640417177863 14887
26c26f805d13e2cc1f8e89f161f21a71e2420d29fed9417605b90126a6ed1bdc 1640417185840 1640417204871 19031
5790be62842a28d7bd4e0810672172c8c022e8cddf7fc0a4be7051d11e3e77a1 1640417208670 1640417225769 17099
f5ee568bd63b65543fddb2ae4819e13bee3925d5d095433b6d8f02ad21298fd4 1640417231816 1640417242456 10640
b1582a5f9825da4b54a32de2deb9094864b5acb72618745a72fbc18f0c680369 1640417254758 1640417276132 21374
031e3d23f3db96340efc6afd4823e83690bfb86e294a3688cd0370b143f2917e 1640417277645 1640417292487 14842
1f7390a998907bb29feac5410d771761a4f7bcc071fec5ee71c7a1ec50a2d9a7 1640417300419 1640417315459 15040
3c31ff82274794469e529b775351318f5aa76612d2c1eba380dae07e49d1b5d5 1640417323329 1640417344743 21414
8e045ba18549333d3f887b876cec53e391190f4a6df3fcf74af21aa3e3744121 1640417346327 1640417365843 19516
a56ffff70533c294a8e45f6475a1626044d2d502d97b9d95b735de21fea931dc 1640417369266 1640417377912 8646
715be80e99fbe1ad1195705dddbe7c42aff5bc4fb354a7dfda7910ff64df3f7d 1640417392090 1640417413738 21648
