5839caa553c0d4fb0b65954c717f57b92ca163ea530bab1eaeab3573ef0f835d 1640347294525 1640347295406 881
c43ba5ed979daf3ee06188e1c27ab253a61e2afea4da59cf328c0c4ce16d07a6 1640347295784 1640347296659 875
b3163824a738a9df9ca5604bd9e6240fc75faa90bfce9c6a61b479e22ff9bf20 1640347297021 1640347297924 903
b8f190bf53e0e77e0a885ab354003d3a67bbaefe76ba1d6a421207c18302c71b 1640347298277 1640347299156 879
d55d6230fbe1e260812788c969889b227bc3912e882d0be5caf8f07f6782e83a 1640347299545 1640347300427 882
54ea5b29fe0e4df283c683b28d2d71b57fa2909e7f8230647db47a5472dd2c5f 1640347300813 1640347301706 893
d30e64e3dadf885144343118d3a4ec2e3592e96277be7698cb8fc6a3f6a2e7f8 1640347302100 1640347302988 888
be2e098339cb83658a92abab92e4f32fb4dc80b1c2b80f08101b063554313d31 1640347303349 1640347304266 917
d97589e4e21d33b64627e1a88913f7eadd5ae9dc51cad328c7a9eceb78d3d0c7 1640347304611 1640347305500 889
303256df7d2f05232db51e96c13d9f942a00e773d3f70384932d1fb591d0c083 1640347305888 1640347306765 877
f92d7abbb7bb3eb8ef95e2f8250e4c97fadd6f2a653d94b944d1929cb0add3a8 1640347307151 1640347308029 878
6a2e5341feb5843ce6150bb8621084daacff7b011fafe8720c50077ca7146319 1640347308469 1640347309345 876
ef89631b04682c423db85893fc782f393e373287ddd1cb49758f1a4c586c3c5a 1640347309685 1640347310578 893
f36187e139ef32f44e56751f8aea6a9f51ef79971f7680852ff540cd9741e2f7 1640347310953 1640347311849 896
24ae5425d3fa97d48161e3d1639402031d8220b8697c93be8b014d71a47c681c 1640347312246 1640347313124 878
9b349acfab01ceee36aa3e9879677d0d3aa3693ca6f893fb21eb30ce6a4342e2 1640347313496 1640347314371 875
dee6ff673a7779a3a77064994fa5ea2018ea9762e6c872cd4d7030404554886d 1640347314724 1640347315615 891
ab2ee182d16e5227672fa5b0c4305a524e5f01126239c99f3104c7b15183a140 1640347315999 1640347316876 877
335e1b002d028ef5f69724f8f315d0e14c4741b394a58f8eab3ed696210a4010 1640347317267 1640347318148 881
81b215485aaf82dc5685218239a6e1c49f34092f4cefeb993569693f0d956b48 1640347318508 1640347319393 885
