f8df0fb7c33fb9206703cd819eab47414a02f5bb61537d5e910acb6b2ec854b2 1640664426674 1640664428356 1682
59a01686efc0ab974997e187dd678dad0126704e867589d0e4bb6b3dea17a3e1 1640664467432 1640664469731 2299
dea7d18f17f975b2f8f60a4b83a7b4f19e27afa56a3b272002d24d2014fba72a 1640664508272 1640664510564 2292
d1de8fcd7a67ee055920edcae4a502ef0803c242bf553ff84aa02b6953cf7249 1640664549054 1640664551026 1972
58a835315596ab95bf4e7838427c81343d035a52d5c0b3adfe2176f4ff6c26a5 1640664589384 1640664591814 2430
5e50d07f6a39585b946885f464e1e5e1c32a95cad55f1fdd9e883daf2cb179b3 1640664630114 1640664632522 2408
227d9a2e22ecc10f7f485aac003f2ed3fe7417daa7475816c22ff3b596f3a428 1640664670414 1640664671845 1431
4ddf4793edb44d22c2b040c0a111c58d529e3cf5ba8a276c18549ffda20d42f9 1640664710481 1640664712919 2438
a7ed66369b3fcfb2795108c96fea39fe6881f6a608a1c4d16de328af44f4b9fe 1640664751613 1640664753547 1934
d6b8725fb2cae029ea3bb834050ad80e719e14105d821fed99a17cdb54b49dd3 1640664792105 1640664794315 2210
fb8152336184fea79db3d42a89234dcdc261ee3029364848a26d3093a120cf88 1640664832993 1640664835417 2424
4000d4c0b7b1ffa09298b8d396ab099361ea3094b5294bfb25e537342af44d7b 1640664873581 1640664875357 1776
0c8b7780cdeb727488ee561f5fa8dae7c2798666490987f46fbb246855847d55 1640664914386 1640664917694 3308
dd3c56bbb51651050330a7bc2a789c9effb04c2bfad1ec8ad9500af1ba2a8981 1640664955408 1640664957960 2552
e65794b6df6fd28c0c00d00ce63fdc9a3855d41322c9031b6bb9cf1a01677f42 1640664996340 1640664999559 3219
8b38f9fc6a291f43135a6bdd8dd6ed38b2068b237b0b4bd8d964fb5b3d827fb4 1640665037077 1640665040423 3346
51cf5953ef4c77e7c4171671bd37005ab070dee733ce598bc4c01c2bbfb9d47b 1640665078300 1640665080394 2094
cf237e1c8548a204dd67ff744315df781d480e3eed0e2277e06202e4706722cd 1640665119155 1640665122108 2953
f59d7b7de80b89a4d1c669569ed5532a1152c71c32e87bef687842dfc4b8ed7c 1640665160162 1640665162176 2014
ea7a0fe48442a2828906a02e2036e7d0457b74dc411bf070d2cceba67dfd794f 1640665201036 1640665203131 2095
