a3be899c5715ed910c5cacd6be05265022e8f3cce9492cdafb55174b1f4ec216 1640664426685 1640664433886 7201
a8ee2507e72c36f4bcb0712555d97e9ba4ef8c012b497058ab703d5ed0761fb9 1640664467443 1640664473061 5618
5d2829f73a175cceecec10f068bb84a7ef07729d04e121de5a8f6b0679db5169 1640664508281 1640664511157 2876
70291459822a60c90c49408e1d7670e26c63d1788ea22241a494a2cb2d3169ca 1640664549065 1640664552846 3781
bfd317b41ac1f6eac8a79dd778ddbbc06bebc84d8d0ceee08190753e0d1cd57c 1640664589398 1640664595161 5763
c53a22d23ad23ce83b832eb1cf28a1cb27c5219305dc926533dc3ddfd2fbf354 1640664630127 1640664634490 4363
b5c111b98a5ad118191de7069d1e8eac6a441bff67f1d9aa8e4d2453be38354f 1640664670427 1640664677880 7453
4b50146ffc62d128d66dcd7e6995a868380f389b0352083ebddb54e30f650538 1640664710492 1640664714497 4005
ee801c6239df690e23806654299cafffa47e81d7eec4cd25bd676816cd6fe424 1640664751627 1640664755488 3861
c330442ee5fbb53a914dbe809c0d05d21ce70b7ddafe09c64d3507517b9f8b97 1640664792118 1640664797989 5871
a95fb35be4c514d81d169a9c910b1a329a3cdae959221dd9941369f14daca650 1640664833007 1640664839481 6474
636416acb98e43a69a186632e132e9ccbd6946a382a6d93a48e13d8b7b82879a 1640664873595 1640664877569 3974
75cf6dd79b8afdd10a0fe727c0e29295b10a880b0a0c7e0165ad5865de06c2fb 1640664914399 1640664917959 3560
db742dac771db97541880ecff7032ed89e62f2463cc0364592afd5907d7bf6e7 1640664955421 1640664960636 5215
10141407aff2c8ce7bcc6cbe96acebcfd003e6a79b57073bd307287667fd0e1d 1640664996353 1640665003178 6825
496ce46ed2b19dfd612be18de5e65015dd0a78a2d0d78d275d7d80235d687a61 1640665037090 1640665040836 3746
1f255cdf43363f0c4c2444126d7cafbab60ccec678feb2661ea8dcfee0ff8cf2 1640665078314 1640665083156 4842
ee9c3eed90e91dbab9794e415c9989fd9f33a9842304a7163000214c3801c1a1 1640665119170 1640665123477 4307
609b6440630f0ee246b23d6107dff8083302b9fb55cb00f69d840d90919378de 1640665160175 1640665163564 3389
0e5a3f815522fefef158ebebb3efc5c7d965aa9bf61f33dcadbd0de5fde8153c 1640665201053 1640665205755 4702
