49d817167a658b478d6d3de3d60eda5034bc3fb9115f7a8cf3de71a55cc1b054 1640664426701 1640664429342 2641
d931b5e673902c53b6d68fb8fdb07d807824eb8058743163fd0aa1bea694e675 1640664467460 1640664473036 5576
23dfd451ae2ff2c2069c48a336e7952dc5247479726e3a0b56c0e7a074cd50f5 1640664508300 1640664515468 7168
ef1ddf0ba4e4007c589b2bdab6d7cda0299e3d65ffb67ffda584c73808a75b32 1640664549084 1640664554485 5401
ac333bc477bb48abe4b6f03e917ca63fa432f324d49f74fb4b78fbc809f70a0f 1640664589413 1640664595099 5686
cd7d767b90faa7fed0f18519eccb0d1e4daacb988d1a8e00922a8c4fa42e8fbd 1640664630146 1640664637833 7687
535809c29fb91ce5b237c0d5a5ac1fafe6ab3883e47187dc2e8b262e69c11a7f 1640664670445 1640664676690 6245
4dd27354dcb6986f4be2ffae734539700a24ede1e387130be00ff78ad58abcd7 1640664710509 1640664718401 7892
768caf9a370d41fbe922d29ccc6930c2467dad4b7cfefac7126bf7566bab3d7b 1640664751646 1640664757658 6012
4ce641abc6fcdaa71298c27ca5aafd193e60196c5e61a2c732c2f14ce3773991 1640664792137 1640664798680 6543
8f0191c916457cf5ef03c1ea23eb247eaa6d52b860f301dcbdc9ab856d318ed3 1640664833025 1640664839480 6455
655d579ec4cb6f0e9a0ebd510257ad7dd5386e5f9756b2600f66a11dedd7ee68 1640664873613 1640664879186 5573
34d39c61a9d9954bb6d7d921ed04fd9ff6f78f062dcddbfdc51b954230ec414c 1640664914417 1640664922069 7652
d8cf9095fb02305ba23db20c3c03cc1f969f6b003efa17947b7ad49df0b8af83 1640664955441 1640664962509 7068
59e4595702a284375a12130ee6e1c76e56250bfdea610eb7c0b6602a4c096772 1640664996373 1640665000765 4392
90ddc3c20b8411563e6348c447ab76167fd6f20fcd23912f382de40db550948c 1640665037111 1640665044945 7834
e6ed9d029e356627aba7446356b27bd862f14b705def1facabfbaa6aef2fdad7 1640665078333 1640665082143 3810
e04dc22dff9905f12c1cf6856ef23d68f8d38f01a8bc745accbd5870317d10fc 1640665119189 1640665126942 7753
bcda6e971b928d6df7e0a7c7a6a02812d242ee60be5ca763feaa80dc0a328fb4 1640665160196 1640665167924 7728
bcad982bc5a0ac72ea948154b22ddb083f50373f7e1a0c1d047f2dda4382fe46 1640665201074 1640665208265 7191
