e69d99693f63f8e3293a7315454ead6e8370ba568630141e52c48fcaf1b30051 1640664426705 1640664433884 7179
59d2fa210ccf4b26338692364de3680867d715d68267f458167b6a6157b2b51c 1640664467468 1640664474409 6941
98ae840bf45bd543605b5f1f5a57b5e599dbdf3d752672811bf1292ff0cdefcc 1640664508304 1640664515310 7006
0236c51d3a5cb7d4cf792fa6a8c566db255fc469b6f40eb842141b4a404cddc7 1640664549089 1640664556521 7432
d05dd887aca29a595e4a2c92c1af83539492cdee97e5cdf41c168d7ed2d1476c 1640664589417 1640664595700 6283
8931f7976a5005264953202e7d7d5ed73c804022494f201f292019fb6aa57650 1640664630152 1640664636368 6216
2784dc9c84021e55db333b0ed2523187ea5d70437291bd62cedbc33c40a0475a 1640664670450 1640664676690 6240
e21edd37c57eb8051123d018cd4e59ed21ff568e66aa798effb86fa7370b7c84 1640664710516 1640664718437 7921
e6e8d222c11cb8916ebbcf75db6c6f1892a7dc00d7433ba2693dda1fec6630c6 1640664751650 1640664757563 5913
de1f8ef060fc0b1e41de9f91d50482609ff50352f4f8234fe0ecdc28097149ce 1640664792144 1640664798672 6528
cd96766fb6bf70a4599aea757f088b81fd7659baf6b42dc7be1271f093c775e9 1640664833029 1640664840551 7522
4059d6d0463f5bc166b9349e9f7c86570e717e4806718fb6227a41eefd2899b3 1640664873619 1640664881028 7409
df4f12f2cc13cc4cfd009c0b9edd31890234fcd33277ab5835f2db22311b46da 1640664914425 1640664921588 7163
806cd45ae17bab138ba70ecd50c3a9e4ea750d40db87fc5105f9ead7c1855ddf 1640664955447 1640664962943 7496
9572b92fa30ef290a7e0a749e337fe2bf24d7e88fbe791e6e62722d5444d5f74 1640664996380 1640665003958 7578
7aed0fba9fe2065f0055775ff0b006581949739b7e63e505515a54f703045218 1640665037117 1640665044946 7829
d00c6b4174c1af36fe32d184f2876882a4c3480f2731b6b0055173b06e7f812f 1640665078339 1640665085161 6822
1594ad599b6d10d25ddacb6833baa8bb161b78f40a2c2dc127382eecdb5c374a 1640665119199 1640665126303 7104
8969daf85f2e29415c56cdf97221690cd00abb5201089fbed9292a32db07b560 1640665160204 1640665166018 5814
75e0a83bb7b35a346a3c0d53bc891071fead74e1ae53fe3fd4ce8b6531c4f3bd 1640665201080 1640665208138 7058
