4ce0a87650db68af939e10c529d5de725ac1c4c0977afdf0cb63d97e52a97971 1640664426698 1640664429479 2781
5fba444f850853d82c40a89b679bb7ec6802ac75a78b14dced82f43ac6f929a2 1640664467456 1640664475018 7562
3a362716ea9c70e020f2eced64af6976f24a8849abb1a132848b80985b3820ed 1640664508297 1640664512007 3710
393e11afaf46505b9481b261798812e24b077bf103a7fbd24f9c302cbf5070b6 1640664549080 1640664556528 7448
51cce7ca19421004ce33aa90e60f85ea5b94b3fa756d831466ca5a8a895c3a38 1640664589411 1640664593368 3957
99152e6c6b16de3b4021946afc8ac6bc06a38f0b224ec9f8eb49c654b786fcfa 1640664630143 1640664637332 7189
d901c3156cb11e7761a7adaf014cd649488f7448b4db64cd79601d2d9ca6e4bd 1640664670443 1640664674362 3919
57673d45c444c311981b8f8ac511c320d3dcc6223758f7a0506815e4d612495d 1640664710510 1640664716702 6192
453b3dd30f92eea91b696ff7c38fc1c41f33d670328c41f5e77443b9b25d2af9 1640664751644 1640664757563 5919
cbd1e9eac9487438d5243592020194fb49afbbb2d3a2c9b14a05bd62081f553e 1640664792135 1640664799705 7570
3b33710d3bb963479f78c0a327aabd98c7d4179ab578697d9dd3be1ecd6841c6 1640664833024 1640664840370 7346
a3ff1cf2f09d10ad05ada8a0aaebde761144f1c2905d23679849bef2a1835251 1640664873611 1640664879157 5546
e14ad3590040116e74544c2aa4311c15b08e35da19307259c6b61163da17df62 1640664914415 1640664921582 7167
00f0fef2475fd6445f1e8bd337ed660e5906c4987c4b8c6a44c2f7e3879083b9 1640664955438 1640664963230 7792
970a20186f6231c482079743ef5644c8dd3aa2be7c9d252bd753b44dece5d58c 1640664996371 1640665003289 6918
0eba3ec97fe97960a55e9c0c2107c631cc66825e28a848c0c3a9277095116ff9 1640665037108 1640665044784 7676
106032256ccfe3a1eceee1aad73ececbb9e2f1068b9ae32905c3092e281e4e2b 1640665078330 1640665085998 7668
b15a0485fc883c1843d22e35c2a3d908e29079e99acaecdd79fe76e3078d5ff7 1640665119187 1640665124773 5586
087ab9cacec64803f3e244247691017076068ac37aebd4f640c6e3fbe5aecae5 1640665160194 1640665164649 4455
acf174af224fecc9654dc6a2c50b57523402237041b835118088b124852994fb 1640665201071 1640665208126 7055
