35bc3b6fbface742aebec363a84ee2927abbc54b62f0da370b205235553c1523 1640664426704 1640664430415 3711
76a913c92c755a7dc81fd522571c8d20a721e7ea42782ff3d0498aecac951964 1640664467464 1640664474576 7112
d6965f652cb0dd476463aaa0f2141bba31a85e2b3e42f2ac2f6fbbb8c9fcf7bd 1640664508306 1640664513932 5626
2f86e93fad4b9a2b2ca46575d0348728d93d105d144576d559d25d88d6a2d44d 1640664549089 1640664555405 6316
fb433b0fb5cd897fd8225f303879bf423d09947196071786d3b2234288f3c2f2 1640664589420 1640664595750 6330
642d0e2e4df8921270488d566512b9d770f9db35084cf07c4b88a3b5951886c8 1640664630155 1640664635758 5603
9ffdea2e11d7bcdf77b2847a6fdfd4a450df8f4043cf8559d0eb275f3901c2f3 1640664670453 1640664676672 6219
cbcd441f06fb3ba74d31494a21d162b7522b674b67370f4bf2124a3ad73dbf1e 1640664710516 1640664714511 3995
6948d839dcf6ada7a1c9a1d0251ceaf0c78220eb23101ea1b1c5ffd43736fede 1640664751652 1640664757666 6014
eb32297847327ff85123a02165925dcaca5ff1543980059d27b8e9b427eff513 1640664792146 1640664797928 5782
1181a03dffd9329e3b516b8ed839acd20effa6b8eca57ba414bb7ecb69b263cf 1640664833031 1640664837647 4616
32ac692fecb8486220ce1f8f301a46acaf1f4e05bc27843ffdc45a6f0c0c78ef 1640664873620 1640664880339 6719
1218c6454d6201aa98461d59af4991ef96933642fcbabf8ac732a190424ebbf9 1640664914426 1640664920195 5769
6bba21b4727e99a1fc21cf5451bde432c1fd4f1db89b40fe90562f03d3cd7183 1640664955449 1640664963285 7836
b7e6bb617a32f1dd21f99a316b05dc1c604c77f5712bce17688fa971cbd15e19 1640664996381 1640665003999 7618
58cc1c78f5aa7dccc6f513576ce4074a6122adbd5fa69d464b6adb1dfd1516ec 1640665037119 1640665045050 7931
91b8a0edb4cb65d38203f2eeccd6fb1bc37ee8e4f67d8cf05a37d99205ffeb24 1640665078339 1640665082144 3805
9e95ae362783789e3e2fe3497f97b501680b4573f24346edacc9f62586476dc0 1640665119197 1640665126929 7732
c168e9833ac6df6dbc99d5ab0a95dfc9c72ff414c711aec0fba2d01c2d20e516 1640665160206 1640665165904 5698
11a32b572d858caaf835c35ed998d4648e6b6941ba396a28bf2f49d2520e75e9 1640665201082 1640665207269 6187
