bb86f340c860a7467ada9b841f6193dfee258a98aa5b09c92ef43287fbc263d2 1640664426681 1640664430315 3634
733a0e340877c1c3660f3b277146855e10571f4c9e26e06321e1b632ad8844d3 1640664467440 1640664473102 5662
a4e938d1f3ba0e23c3ed8f334851cb8777b3afd70fe4cf83bd1549d905fdccd3 1640664508277 1640664510565 2288
96b25b65b56171caa841a786a97eeaba173d933b8c079af65729c3f0f3020f9b 1640664549061 1640664551983 2922
4fe97f6b4101618a0d6804a6e2ba60068154bc02996798c3989f45e1c1e2071f 1640664589392 1640664591748 2356
811e863a74e002f4deea9b6908dbb59171559e048a5d1fdeb8a5066d73199785 1640664630120 1640664636291 6171
0048c69cb8e81192a8bb705b6fdc8806a406a6ecedb854015ac36bf5317df75f 1640664670422 1640664672757 2335
a5aa719e4fbae2d7dfaded899c4744c8aec98d7cc26636f12c48da6266a298b9 1640664710488 1640664711744 1256
e450bc96af517e6e6b9d4eaa9ad5c6ad1466ccb79d613be059f77f4306083cc7 1640664751621 1640664754259 2638
b6661317444f59b7b27fb5af829c1a3f39c5275bdae567c4565b5f21e5e4942c 1640664792113 1640664794359 2246
89f0ea61ac05acb4a75516c231e1bea8441bd161def444227c5c8b3299b14ca8 1640664833002 1640664839336 6334
a76d12bd9cb39b06501ea76e727b47ebb646bd487e56c5953a6e54e09310c82c 1640664873589 1640664877312 3723
41a96aa3c245f5ca6cee0200aaa1006f6d7027274d1750e3274e2ec4772ac9c9 1640664914395 1640664916843 2448
1da1447579566e94166cde743c8b3599cf02830e37062490865b204251fbdbf0 1640664955417 1640664958554 3137
1954101f1dac507ba48c512a474739cca1a33591e979f6bc46f1cf1bf4a3ea99 1640664996348 1640664999692 3344
76d69ed11d647c18f38e9f63565c2605a7776b8a3e07ac49fce79635f696520c 1640665037085 1640665040604 3519
7d89603152038dc8f2cc060de7a11ba6352a29645a3eaedfaa522c66505cd880 1640665078309 1640665082117 3808
139a427f0e6e423359f546a3ec7b9656de9e7d5fbcfb01ba5cb05efb01ad2274 1640665119166 1640665123481 4315
e2354566121b9765552439974eaa3bbcc4bcbc092c6de36ad9846c9387eec22c 1640665160170 1640665163507 3337
828c30d4ed9a2e605a2410dabbfb053c1181215961ebddc40470fb4e908ce298 1640665201047 1640665205755 4708
