8f826f174b667bba6001e9f92126d188dc769b630a184a8be6fd50501419098f 1640782871160 1640782871285 125
bdc9c582662713ddab7ba7db937fde55aede511e0b36903f58cebc470541dc8a 1640782877979 1640782878189 210
2738cf820884469fd2072c43912d050f631ffdef6aae30b6829d7c218e4e37c2 1640782885133 1640782885301 168
dea6fa2a082abccdf51ecd1e1b17a206e0e96de2a4b677e7c849614882fbf98d 1640782892007 1640782892325 318
3ab7a6ba5f967eb116938da31b55c038992ee7f54d2dcc3970ab9ac1b5b8cbcf 1640782898870 1640782899398 528
228cc45fb8922cf5e758c5784126376870ac0f173f72cf02edde4a8a93ed3f51 1640782906072 1640782906404 332
df64bc8667a4ea265087cac0b0ae0a2213c77e902b24128a165240d43c8ce880 1640782912995 1640782913187 192
3966d0aaa584e2567ca12232014be0e5b1cc20a94da983e4e9d197473c32eaad 1640782919955 1640782920096 141
76e38a64c3d3b54018f4f545d85c6c39e79c137e8c0665f892d9420c6e38232b 1640782927052 1640782927214 162
b771f71cec6d1d6ba70e7d94227197968e89b39409b2a7ca4271bdbd045a8aba 1640782933917 1640782934030 113
74cd0469c95dfb80225f86b601e85382067d18ada7114cfee26a245dade3a911 1640782940802 1640782940954 152
7220c223a485e55462c996d845b1f0f0c54919d796b3d1a8fa485fdfc652453d 1640782947658 1640782947802 144
b7f09e5b45831a150f2a0db1afd50114705ecaae1232fd6a22fc25366edee7a6 1640782954524 1640782955085 561
b58e49475cd1c936aed6dcb69ed12c03e6e580aecc0793b97c0364057c8ce9b4 1640782961582 1640782961712 130
529c1c282d4fe55b914e391a02b06c28d994fa279c0ea830672d7434cd54f953 1640782968640 1640782968805 165
7716257de7f09648cbe4f8ba229726a9acb7e8730268df8328625d593f0fcde6 1640782975344 1640782975517 173
c549e9b16a8861557b74a29d148d6404944234a0ccfa34dfafe1efd92573bb47 1640782982169 1640782982305 136
78c6dd204952cbdb8aa84ca992e3b0db6f1bda8810bf6782f88347733c8f536d 1640782989181 1640782989371 190
9e29507532beb402339db1ec34933543a1d3313b12c18de5dd9143afab678da3 1640782996013 1640782996201 188
7021388ff455c3abd9a16779e893cb5754c35ddc0c92e8165700e3f109818c1d 1640783002915 1640783003030 115
