11e397c7b95b170a2562cd88e4ae00bf38579344f06fe8b23615c2211f386314 1640782871164 1640782871549 385
1cd2e3f4764bd8deb1923611fc9004870939a1e325c8c8df16c8de812a1d5409 1640782877983 1640782878533 550
2f9186cdcbe30006b1700e02ed492df37d46762f9325a975184a77c04fb6a0f3 1640782885137 1640782885624 487
7df99570f3eb3e5d10d2fd3712d5b1b807cd1d4db59e63dd4f983ab58b8976e1 1640782892012 1640782892485 473
1e0830b95555625858b9f5182007f6773c47bcaf45c1fee509f7f8e48f5129d3 1640782898874 1640782899386 512
b122e087c63f531d045638fc5fff52136f721de71e77b182a3414e22241e6c50 1640782906077 1640782906613 536
9b1fa9ee2a506722dcb183d7333cd91722c39f840b09b18f1280a47909169cbe 1640782912999 1640782913502 503
aa16a9bcb0def06c4dda1eb00bdd7e44eab7636a468fc592a860335fe3358fc9 1640782919960 1640782920479 519
03bb892de89f56a43d1f222156c95affe3ed8363bdc819100b625362b97f9530 1640782927057 1640782927604 547
acf3bdd522f41f049e54d585d4cd9ec98e900a6f9c6b8867541c3b5f19afe4e6 1640782933923 1640782934388 465
4baec600da9f0083be6205ecbe5154549611390c20ba407d9485c011c69fcf29 1640782940807 1640782941336 529
e96950db289f223236bc39537cb7aa25100f6ed3da98390d92029e9f8aada8b0 1640782947664 1640782948197 533
982237fb61d51961adb2f5c91890f64c073389b9701c12853192f165e04c2d1d 1640782954529 1640782955040 511
3b713a520f9188461e2da8e85b4c750d69af86df9078dc529b48f8ac1e85f58f 1640782961587 1640782962110 523
4a379781d835d498443e7bee68a33fbec746550d02257a738fb652aa7b9db27c 1640782968645 1640782969186 541
5ff99d9655acacfac2bb08485f3579eff188acdbe9ce65b906b7d1919483cb4c 1640782975349 1640782975829 480
21685ae1bf7585ddd0e4cc37e008e3d58404d0bba29c17bd7b3bd739a8a57623 1640782982174 1640782982724 550
e2f72ff6f571b8b307182e4cdd3d3aa3ffd0b0ec46e18486e93ba6eda813e6a8 1640782989186 1640782989673 487
787c980c02997e0ec7586dc382db4f87fe75fb82f7e24ad6b8efe2df3098c641 1640782996019 1640782996541 522
dbcf16184a289c70ca1ba89e70cef5bcee9a337e86ea18cef5174ae7795031e6 1640783002920 1640783003234 314
