489def6f59273b9b0f683b0c69da8e1d773539233dcf3a90e6142dff1ecb515c 1640782871164 1640782871594 430
976c63d79ba07de19989124adf3246cb37abe8d158efc1e5ba739f4978ae38d8 1640782877983 1640782878514 531
f87f26431a9d8cdfc2578baca2b5d5ab8526848de7b2499924b3f2039e191a45 1640782885137 1640782885643 506
419d01e90ddbbcd5bbba7491f4de929015de1e175c43db7c024a8dd99f9a23bd 1640782892012 1640782892488 476
87d332481d198be4a84e403d576e74c867e82a1cb5b42454802894b672d36245 1640782898874 1640782899399 525
7edcbd21cca58887a03e1d35a22566d53c2d4cb1a37aed55131289389c996848 1640782906076 1640782906593 517
e7e99fbfe4586b3acce5aa863ebf3dbfcb26fd0f64e6a797489ce678f731c7cd 1640782912999 1640782913521 522
1f0795d0aef666ce4d0454829dfae1d4cbbbdf575f7d5b6e7c77949affaeaae7 1640782919959 1640782920450 491
0efe887c7faaccdc8185d161d728e4c2ac4f8b741ea357ecb4e51d5af5fa1b61 1640782927056 1640782927545 489
09ebc1895d1ebed5b0babccbfd8afbd312eda1b613085fbd022cd405edd31f28 1640782933922 1640782934408 486
2e4cd3d72a524ce41101333f4ed5af2b1085dd3d90a338d45fa26e1a0388919c 1640782940807 1640782941376 569
b780718a4d704a606f7912d026d385a98b6097ca563f47bc671f66710470bb5e 1640782947663 1640782948213 550
4cfb01df02e7393e4658d22bf145cf79df82291bdce1705e94c18fdc39b61be8 1640782954528 1640782955039 511
f644e3447bea75dbdec197573d8837b90d8bc281014d5f0f000715e72e73c230 1640782961586 1640782962098 512
a12c5567fc3cf446d72833fef9a6322daeb6e84f587c78b6e50d6b677729ea84 1640782968645 1640782969185 540
4541cdc214707c26c90083ff206e776ffd39e906b1364d91afafc0f3abf98598 1640782975349 1640782975848 499
e5ed02c9fbe3b22c49078d83fa90e1d00c5dd1d904ae777b362b802b87684b6b 1640782982174 1640782982673 499
0d857b36d30b51d54978203370dbaa15b39bab7f03b46bb5518c6ee80e4aeece 1640782989186 1640782989687 501
d7d373cc1f690c374b149465ddb3f5ab0ca3e24e1b5411b9fe7701a2f0a7ea8f 1640782996018 1640782996536 518
cddd09ab2bc6a656fdf760f875c0bf2db93f403dfcf9db962b2339a1da5dcd93 1640783002920 1640783003261 341
