3abb2c27c3627f922058dc3f898fb2076ae8d0855cb2cca8b6c24494d44a6d95 1652085468226 1652085468344 118
127f3cf541ce6db6b60ea480e1ba68fd044a0ce6327724345909fe49bd479575 1652085469106 1652085469211 105
d2a5313fe6ca682624c8d6724edf5c9d2c55ae1689924ec77c5677ff6ace4df1 1652085469870 1652085469977 107
dd7dd48d0afd25a706704549c8bcd60ee0b9485995d034d88baef7956783c347 1652085470662 1652085470768 106
61526993a29a8094cd4b0c492fa95587fc670a464e7127439c3e17a439e54429 1652085471392 1652085471512 120
76e62c635272900bbf2dba21b5d12643161e6a8c8eb40db75e7b154bec794a89 1652085472180 1652085472295 115
82a957afbc08b7e4113fe38a374b9608e0cf6c004cb7dfbb89232d8f31d1d389 1652085473007 1652085473114 107
fa3826b708142a2c10c43acbd0a493ba68969f55563bd2b86b4f9b43f7f68fe6 1652085473929 1652085474033 104
34d0872ba1676e0715fce6f17073d0d4c981504bf407fef3d0ca6b20b7304f25 1652085474690 1652085474797 107
2654fa9d1824785e2ac83fcf4ee95417164feaf53c691962613d77d701ca44b9 1652085475476 1652085475583 107
