bbe5cca080975ad6f12d620b8470ae3e728cb6e17719b9f2fb1659384e457e2e 1640720325676 1640720334312 8636
44c3be7695d67d6f4a41a3748c02ce68349621a90c65065e5273a3d9211709db 1640720525941 1640720535601 9660
b2303018d3d415c1d0ad774c6a047aaf987a82455e36d961bfa75f45d8201c7e 1640720725924 1640720735460 9536
1dd7915e1d8f687c3f755198e20e86c5b5a9482afeb0d213de7e9321422bf3f7 1640720924794 1640720932852 8058
d0213ea87e743289c5575ed73d541b4557a3ba6a17ff27ba365db26b7d645390 1640721123611 1640721133038 9427
26faa25b2bf7685c1a33971bb1c6132b6d9f47eeb35b7a26980e5d7c3a9fc193 1640721322448 1640721329394 6946
14648c03802934d9c5f26e376b722280db1b01dfa61d1cad9f67789726041ed7 1640721521250 1640721529938 8688
6afc344ca3514c845f78fd201bac75a29db0b5513cbe6cd53f0aadfbadb87af6 1640721721581 1640721729378 7797
3b3bf993092088cf10629118b53dfa5b868719ff9f0f63058362c70d4c51e026 1640721921009 1640721930039 9030
f2381beafa2416ac4ea84c73cb023c0085ed9cdb1ecbc63565d33f3176f6a8b4 1640722120829 1640722130867 10038
14b82d1986db754ea0d7696b1123b9107e2f9c866e60f486f781405b05b8e543 1640722321047 1640722332687 11640
a99f9b1c43b1e61bad3fdbaff21ba4d85e45be21dc5459f7e3edd2eefd6eca09 1640722519279 1640722526101 6822
a4d47f909a26d2a1e1cc43d92393030ae5a507e347536b802b8c396b0a728bc2 1640722717883 1640722724628 6745
3f6ec4f9f4c4e6a3cfd8bb1aedf229a6b5000a1a5e8de885975b140286409b6c 1640722915709 1640722925738 10029
4cfd94639dd26ba0899ab72ecc10e7400ad39fb28a47a4dbe2f8a3d7d9774bbb 1640723114363 1640723126525 12162
12f93f4da48b0c7a12e2a4856e74eaee8c4f13b8ccd4ee089f8167551112be05 1640723313078 1640723321773 8695
3ea80b216012319107876b1b989a42f96d6d8418e1753577354e1d906fb78ee3 1640723512257 1640723521307 9050
8bc926782ad97b035b7260d894ffdd526273e889d98fc1be6e25080eaf37b58c 1640723711418 1640723721686 10268
de197c0ff366d352e7ef7338c199c5ad7db60ce47ee94d8a811eb2170a98b9c5 1640723908675 1640723916989 8314
f1d3ddb2a6d4d098614b77b31d89f30ba7a39c00ecc8ed7232043fefc610154c 1640724107652 1640724116616 8964
