e52ed5b3b6df4837f139719465946b356ad54533efcd640b2d4ef49b843829d0 1640720325679 1640720332025 6346
d166f60520baae410641f706a82df93d003c45a727fea543032c8ef8ffe28a74 1640720525945 1640720540893 14948
734de0b3b9ca807be73879ef829b0f0ee936713f9fb41e11d62d79947a77da7e 1640720725927 1640720734568 8641
e8284fb208400e14dfc26d5c467c5696d0eabe3e708699b376738fe5307b4bc2 1640720924798 1640720933429 8631
3cec5f1d70898eba1b79677256d895f5958ad705c490c22ced0b90d3eb952bda 1640721123616 1640721137124 13508
1baad155326094e2072922cf2b2b38d432419f8d9c6048b04728da46e626e6c0 1640721322452 1640721331643 9191
6cb05c0eb0bfdc300a9f3865d05603ff49d2b212514f515d49fde8e6579b137c 1640721521254 1640721526528 5274
4998c61de1f13850b5fa33ff8fd132e55fc19c09ececd89ecdf732bde0f14b01 1640721721583 1640721732561 10978
b4c674b1c5febf821e9b0e1c9f8cf8b902933253ead5f029ca2235d614cd1df5 1640721921012 1640721930262 9250
2b4473cf12a7f29bfed85788f1eb9ab6d50d5bd0f059232f9e05d1273831e2a0 1640722120841 1640722129272 8431
9755a16adb8818fc34a8a556c0433cb05628ac257bee85a6133609142af37a94 1640722321050 1640722328842 7792
1187ed52776728d79219f5a3fd5c97d6f0764f87f65cc515fb44aa10630f6150 1640722519282 1640722527558 8276
417567cb467be042e71297a50cecf4bfd46cd0c8a3d3e0c1907202fc975987cf 1640722717887 1640722727350 9463
4759dd4bd11c266764b97689bc2c7e8f87e3eb7bf5594dfa60e387439567615a 1640722915716 1640722925294 9578
9a98879ac58149f181dbd7f6ccc013cd99f9c0fb6ae3c000119c6b08e2847c66 1640723114367 1640723126092 11725
1d4f03a66a66a2d45836df3a87a771a1e0f61abb7321b7cb4b37b8e9ae045a3f 1640723313082 1640723323037 9955
7f5dae825d0cc74de6a68cce188fcbbd7ae91f207e384086a8973d363b2417c6 1640723512264 1640723524007 11743
c7a8a10c6f461e6affa1de0908f7896bc219a64828543255027a4f181289b914 1640723711428 1640723723070 11642
32223185e2d2ebba576f7c8a1e677c3428cfb8498c20e440af77bb0f4c6402c8 1640723908679 1640723915016 6337
30c75ef95c8d89a07b4ca31141ff898675dae65ffc1b0cf290f5ade58ed47adf 1640724107658 1640724118337 10679
