3cd1b6faa456d465cf7b1420318237591419c218d6758b8232bbeece7e33cbfd 1640720325666 1640720334234 8568
d29fe9698408443b14a9e4c61a95c4b1f7d0bacda4bf159aca311254119f1094 1640720525934 1640720535579 9645
ab44b626b058f69b639b76e4d7c2eed1650040b6d6bdbf65591e765d09bb299d 1640720725913 1640720734103 8190
71780fb8d98cce1f2b3721c68e6e693e4d0629accdf8211cb4c17b732ea15e15 1640720924782 1640720929705 4923
1dedace4743156b54bb83ce4cfe44bb6a2efe3411d4e482c3d792f4e38b94dd3 1640721123597 1640721130560 6963
b473a6d14e483ad88cb299abcd74809a488c9ed7dfad25ce83270660f2fe8392 1640721322435 1640721330666 8231
0f68d24394dace36fdf2d04c57a42373edfa429b60b16c74f944436059aae94e 1640721521238 1640721528458 7220
7eb02cf41f0579d66cf8b168183fb969612f30a075ed1785001f2197f628d821 1640721721569 1640721728847 7278
ed4f3607ca322602cf2272655cd133087829af8a8bdaee24c8c6fe12fbb5e239 1640721920995 1640721928808 7813
834df66820c1f0b70917f6a8da45e4d4ff83f0e909664577b90cc3c3efaef5c5 1640722120818 1640722126271 5453
d27714ca5d39580d57ff392b2a9b422fbf65f5e70a53ed6dffd70844a2f2b5f0 1640722321036 1640722327848 6812
081f2d8424e96e475e96f719db990bf04b55985036b0e5b69109cb35534d3174 1640722519268 1640722526495 7227
4e6630bd53bb02449eda856146ecdb15ada0bd5e672a5ee39ed507b0a7828ec2 1640722717866 1640722722761 4895
e7c9eeaf427cf179ae768f5a0276902366a5c0d3774f12c56113b3864a4084ac 1640722915696 1640722922094 6398
464e482dbf498d1ab6f068e5ddd43b9d2b6aa7f2e43274bec3df034e573b684e 1640723114349 1640723122080 7731
da5a396a0a0a23dfc5c7d6eb43e1998a8d9771f8fa19e4548a18cc9f9f4ace97 1640723313063 1640723320587 7524
062392a8386f6752a6d0de44b9c8c10e42750f9a8690ac64e64f1c763393eef9 1640723512237 1640723520046 7809
91e9102e50af0336ef374e81810ada05148923d0b149ddb60a69fae046a6b6da 1640723711404 1640723718336 6932
042ebd3c7933132f28e369888174d910671cb12562f87b7c940eb8364bbd88e9 1640723908656 1640723913886 5230
5bd8703117d863d34f139eac80ccf21b6c98ae0a882e3ede1d85d25e9d6bb13a 1640724107636 1640724115344 7708
