d36a9a2550104c1fdaf727a3ba0486941e3fa99456ee92536b4a7d1d60503016 1640720325697 1640720336152 10455
12427716daf8a642d1f915282dc3f1ebbefd9201582c60861c3460154ec53780 1640720525961 1640720539244 13283
587569f8d64bd147e2c567f1aca599bacb7f8db7a0006ed9c62a8ca4a23f1509 1640720725938 1640720740234 14296
e6795fbef3a726b66828704ca992da19784ab6721d88a9c31a8d43c6aadefe67 1640720924816 1640720934785 9969
7c8d21298d771052023d3c1107b29ac78a92dd25bf0a724e6749944cd5e70303 1640721123630 1640721133255 9625
ed91084e6b9d0c5175678a27b1456562f4d38461ca04cc52f17518d124b6ae8c 1640721322473 1640721333136 10663
59ea9a2040b6c7dac5db0e098b8acceca618d50f2b742a2768682c9ad60262c0 1640721521273 1640721530564 9291
e3d532dafa2e7446ea8f637f0ba83c4dfa841b523dafdccb41f0ae77a4d60514 1640721721606 1640721735287 13681
eaec705a7cc05133f26c40786ea7c1bb7d3cef62a53626911cb8fa3fd31091c2 1640721921027 1640721935427 14400
d083b54224bb4634ed3c4ceb6d9c14a1145bba0c3e031ce3b9243a0ad70a50fe 1640722120857 1640722135592 14735
431c958786deb4f6bee87b3892120a3744328544f6594a0bfce6e8b30542122a 1640722321071 1640722330791 9720
7aa05d57f4ef6dc7446294a7e6bcf9263a975702962668e6053fabce2a472c2d 1640722519304 1640722529328 10024
0ef515bde9b2552fbe85f72315656fdc327cb3b12247a34df8dba97e259933c3 1640722717916 1640722730327 12411
2e5753b26d92e0c2a0ed19253eb3539bf6215396a2bd12bf56f181ef3fd1df6b 1640722915741 1640722929183 13442
bfbbf7687365ea34600c5d328586beb66fbba7674f8fe959e984fbfe30dcf133 1640723114400 1640723127167 12767
bd0e7376b9ff027d30943d591d46485acfb1629a3e7c1116347c7696ac3d1ca4 1640723313125 1640723323284 10159
89d17fcd9229d7fe029796b045c96ccfc9c54f04bdeecbba8cf70f24868d4270 1640723512290 1640723523014 10724
6c343a546ecb0198144616609e565159c18a3032f19e987dfe60b8acae3e01c7 1640723711454 1640723723716 12262
bb193c7066578aaa28aab2f8d5d6a0616fd2b00713d9e74b75582ac4a2c3c7e4 1640723908710 1640723919797 11087
d91589888ded1ecf00ff4df2b1abdd83e5647d83d2b827e24a5b3a2e6f0f2b9f 1640724107686 1640724117884 10198
