afe5d7c84d0d1d5b58af350a84ee5dbbfd4708d02f4c950603dcfa17150f48a6 1640720325667 1640720333688 8021
06750800dbd34e0fafa55b09d974c687935b5b6687bd483c50284785015a5389 1640720525937 1640720534306 8369
77c2134c24b70526bcebe30fdff1ab396541741e7c2e0feec0f3d25cb1b3a2e1 1640720725918 1640720734157 8239
c1631f3aa9ae2eeb1926b6c3022948cc0f3a5ef65cc7222d23b691eaad0bd764 1640720924786 1640720930028 5242
3e2c56e2b350beddf61fa7d6ab963e5916b3787b459baaa726b30e885f03d9bc 1640721123601 1640721130311 6710
9dcb19b9cb1aa0f8784a1d12ea8f52eb73fad41fbb010945bb73f2fc563aee07 1640721322439 1640721331232 8793
617b055effa414e839e27f58ef7c8f86181367a9bdf77e4d9521dec1f314304d 1640721521242 1640721529468 8226
ffe1d3841e055320d222700afeb46fba97406156ad57e0862bda219a50dc3db2 1640721721575 1640721729604 8029
f1835d1188508f1b24cb56556df4ef85b7634979bba4f16369327966c5779b9a 1640721920993 1640721928401 7408
78ca2b068b235dabd16ba3619e9422ebdad6bdc3e2af7618450cc88ca69bc7d6 1640722120820 1640722127574 6754
3b1c569a575fb5afd9aa81d7247e8c776a0055a49176f04f2e868c9fa879ccc9 1640722321039 1640722329907 8868
f1d169272ec3eb297f8886e794557e80a79fa894569fc803a9324267975def1d 1640722519275 1640722528808 9533
3f1b17e5449ef5efa2287b91a31f313fd7813d125b37a666ec5ed53923600cd0 1640722717871 1640722722811 4940
83040888f15f3a3c1243fecef1d47f0cbd0e15b10fce24e366b63b31750c0a9c 1640722915701 1640722923033 7332
8a7377f865b47b02bc87bb225d8321a9f3a8585ef061e3fba0e8d6470acb9276 1640723114354 1640723122379 8025
9d725ca54a0914f98f0405f35f64f6879cf3a2f73ae9f9fa79fab92ee4aa666f 1640723313067 1640723319721 6654
86fa07d19b6770fe8d3e2ebea095c5203ecfd9246742e98c853a70364125022f 1640723512242 1640723515721 3479
c639f0f585a6b2c69494a9169923dd6f2ffc65b0c34c72c403b4634adefa48f4 1640723711408 1640723719821 8413
473fde52c6288892d2c8eb1e1948c1b16e660efaac58618f6829181abfe9b6ad 1640723908662 1640723915658 6996
5c84b21ed31a432c270f66725247bad27d9e0a961bd898fa466cf5876fca79f4 1640724107641 1640724115718 8077
