7b37aab8d5d94dcbdba64c8cfd554b0826a73d905b26b58d22b6f7a0e99b67aa 1640720325733 1640720340290 14557
15c570168c9ed322f56416f1e2c5c30a59c3b08683a7ec92f14456580eb8387c 1640720526006 1640720540998 14992
f7ec746784d9f12ef2a949b6c09f7a2011b26da0e4c5574c32e2a240ff1eedf1 1640720725978 1640720738021 12043
2161ce66af0e78fabaac45d41855b7a4cb0d78748beca915811847f26c8bfbe7 1640720924863 1640720937264 12401
1f995823acd8295064225acc7281b9b1dffdb4b4c2d645a87a10778bf06ca198 1640721123692 1640721133876 10184
72ef51d5d088c6fc5312488a86756934ffef3db826d5a3d4a55b929c1245a1df 1640721322512 1640721336242 13730
fb8f6b20b14506850543d964429b8e64076b3350677dd88816b928646e8b930c 1640721521383 1640721535497 14114
6004337ac3bf27df1e63da49b1f8e5d6fb623f4359df5b694ee24d7160c2d8ae 1640721721749 1640721733934 12185
5b1ce4aee389f2175685180615eebf7d712df937d41c8cf96a0dcc713950b633 1640721921196 1640721935146 13950
05225982a71eadbc4ef0210bd14cc680546e98a3a25754353c399116d7fc439b 1640722121023 1640722135566 14543
7824a1222957f5b50cc876dc5c6d39a6b9daf2ae0c6c50af4af1cb996838ddfa 1640722321257 1640722334172 12915
7e4ea251b07a89709183420fb85e2b9aa0c0eb28fef411350c6b16693c07d092 1640722519390 1640722532607 13217
d699143bca46d5302edfc193bce1009c2f2ae51c3a326b90e45191c67e42c8f9 1640722719127 1640722729921 10794
ad8ad5faef360be6e4140a7d430b39b9d6da9af505dfdb129032318e375133bd 1640722916173 1640722928552 12379
94aabf3052a3f8e8b1240870c4e408992d1f852777afbfc05f04cf31bea375a3 1640723114977 1640723127383 12406
187d054602f495a7852020e158fa1970af57db6e044e2e1c12cdf16a07fedf08 1640723313651 1640723326327 12676
efea02c8a2885d35d4a47affa9630a1c8c68e0f7508c328e9b958ac6f5ef8a67 1640723515647 1640723524371 8724
7e53df385197a4db318f1ad6d6a50b315f0e85c4c3d01b7dd66955d0abe00d97 1640723712965 1640723723089 10124
5fcf5ef0c11c16213a1d391ae0cc1aaf5a61b851269faccbb8ff5290d704dc85 1640723909614 1640723922159 12545
124af75d91a25554ea05f5f796b8acf0585537fc9c7b730b24878fc0e44ee6f1 1640724108268 1640724119550 11282
