20674f564967042aa3d848b2c383475caf9a37aeeef39309976b2bd510289b98 1640720325675 1640720334244 8569
ee4f29950fc7edac6fedca9d15b6cd852404ea0e6948e61f99c4c21592616b4b 1640720525942 1640720536001 10059
daae776bc22d9d266700e483dc748031e9c6f21d786208a54a269409f45ef102 1640720725924 1640720735727 9803
4616e08b6326bf54dfd82f843a03a118d233590ae11cb3ef3ebbd9aee55a4a69 1640720924795 1640720928876 4081
09b527da2420b2c4305f8f6db42b9fa8e7fd8851f7f4efb2bd7e0eee25403a81 1640721123610 1640721132323 8713
fd00d38477d2db73d27c21591555b7f9c4412f2408b1f6d8a3008e63a7601487 1640721322449 1640721332363 9914
95f6ede8895b569b22bbdb354059644a364b2331805afb82a4069162d1264ccb 1640721521250 1640721529781 8531
3e26bde2c5cddfc0d6bcaaa8a68d3c9d87337695b1e9b39af7eaeb6eb6147f71 1640721721581 1640721729906 8325
7dbe84c2c34b8331c4456ecb6b184e496740a0a6b4c290455a222dfd07522112 1640721921007 1640721930508 9501
2a6eba0b095d380d54445918c6d9a76275e4e830bc5794246822f3a566e604d7 1640722120830 1640722128939 8109
eb18361a61aec74e99b6a4e27e42a2b88445b1d2b19a2468fcd15cee0d6a0739 1640722321047 1640722332735 11688
03f94e86b7bf5aa11a6b735914a37900c7d93a9fa99aa6908df0aaa3feeefb68 1640722519279 1640722527005 7726
3b51a49654bddd1bf5e9df88f29e77435395ea1d955babbdd21b61621b707ca9 1640722717883 1640722723872 5989
745ab39304995b5425b401878c33fe6727948c626957a57bf897b736483db3bb 1640722915710 1640722925331 9621
1738869b758b928f5ea678072630b80a92b4a52bd12a684e1bbb1a1a6ecba850 1640723114372 1640723127312 12940
1336dae08a756755c2829fa67c750f3d67e42fc8963ec2e6208509077e2e12de 1640723313080 1640723320588 7508
ddea5805581f39ba0975486d49c14f6bfa5635c3923dcb24c2d2e8145c4ea1fb 1640723512259 1640723521710 9451
39771a6082d2a917696bf536a20d7a2f9fbf7091a66e8476d35e92b68143c361 1640723711419 1640723720900 9481
b20adc31669820085a9eb568d8a4465c29e99e40f70f5c7b4525924f3e83a2cd 1640723908676 1640723916643 7967
34467627617b2b743735bfce8e9cd134c3a4fc5fb589869fba172c4d46541dad 1640724107654 1640724118717 11063
