aec1812498fff27549e0d4a622ac7b5c6c2a48b88c4dcedf6545c589946b8f03 1640720325688 1640720338793 13105
d55db0c9baaaaf343fd7e57c4706efc86e94e5fa4de8c22fdf67a12500197c7c 1640720525962 1640720538936 12974
903e34a071d32186511d5994900ea8d14b69016f2c8f18fe1a1411f5ec570912 1640720725937 1640720739856 13919
318383e111154a3d83af978d8cb6dc30351bf16af62ed720906dc570f193271a 1640720924812 1640720934962 10150
18baf5e4ea3295e46995363eb5fa64e7d8a654c2ffa1e126979e271a9b97c48e 1640721123626 1640721135954 12328
e8d413e1c2ea68c11460677e96cf38af27d371f56162063ed4e52a5e37e53023 1640721322467 1640721333789 11322
8e75c88f78438eaa93afea6dc8ad3caadb18b030ffbf687e9b8c6954c9efa100 1640721521271 1640721532272 11001
ae7409de51d8d88c83700c2e5c80bb8702cc1a0e5ffd2bdd62880200e7edda96 1640721721597 1640721732046 10449
06673a15a25935839fda54281d8240d2b5f2857350e932aa2135ec79f49ad907 1640721921022 1640721931848 10826
384634fd871d018bf57171f1b4b0b77f2e67206cb25e683b8da6d017fe0121e5 1640722120853 1640722132565 11712
6a419488c3dab57fd84744a78fc2e2dd63b3249c2f35b0b9425a54b51f707603 1640722321067 1640722329456 8389
dcaa25869e6b3396dbb7608abaec92159cf2492d91d193b067f90f16710a9f85 1640722519299 1640722531758 12459
ccc1948f7ea6c75c3be38633916f0fc93f06e220c3dc3ddf25047708e446adc6 1640722717900 1640722724730 6830
2523e3102893f8470577f7e1617d7b2b591faf731bbbc579d0edaa6ebedd4fa8 1640722915737 1640722929145 13408
404620502df4a9935bb61edba30e239858479e7f30a9a7497314de142dca6db6 1640723114391 1640723127395 13004
ec157d2394001b84aed7638721e7ba6d0e4360bd0e459e54b6907548c4ff939f 1640723313113 1640723325910 12797
31706a9fae213d72996650c79c5171216b9e62f60bab292e2cb80582cacaba1c 1640723512285 1640723523809 11524
fff65879e8d6aac4ca87bb277de5fb13da76fa7b8eabbceee74ccc0d1483698d 1640723711448 1640723720929 9481
74bb4b64c32fc51ef00ff0eb88e2980a6cea4c0bba5455c73e91505803429c21 1640723908703 1640723919777 11074
d4252952275e336ba66948ae27d2183132e5aad1208f1b9ee46f25ac4042442c 1640724107680 1640724119510 11830
