03fd0485316b8338a8cfd0f6edf760f2763dc1fe345b805d205f2238853d8f7f 1640720325734 1640720337184 11450
cb3e68050f3a24434a314b1570112815b05992df34d09b407038d0fd9093319c 1640720526006 1640720541001 14995
f004a03b2882c1edf4ab9367884fd365d148cc9d4ea62c78617572837cb80572 1640720725982 1640720739892 13910
a1e2a2da29f26dc577d38be82065cbb0f708f8139397c42b7e36cb677cf89ec5 1640720924866 1640720938228 13362
201f4cda1b303873bc4f0a51769085a8191f9fc39e5f25c73a3628641466f342 1640721123690 1640721136938 13248
18741d5498970120b059c3177d78f89282a9aba51f8cf14f1f318ca099d0b304 1640721322514 1640721335252 12738
5a614aca685b6b0257269142ac0ce218e11fdcd3aaa7c6c48cf3c006c1029a33 1640721521441 1640721532102 10661
3029cb949033dc892ba78fe6d12e8f71a508d7227e88b8adfc20124dbed833fe 1640721721757 1640721734195 12438
4796caa61fbe978faf8606aa18470f46c0dfa407c4507c433555011a2f2b73d1 1640721921258 1640721935400 14142
f74a15a17f21577b90b9d977f5f63f8b2d21e03a3af4e8689823b551aa4dc52c 1640722121028 1640722135270 14242
1089dc67f81e3b3ac405bfb2fd7a79fd792fdab75bbf2fe19237aa051b2b216f 1640722321276 1640722334052 12776
b8f2ab7da122f8304b9ef17318216f7c17a55430ebc324a670879b8ad84faa30 1640722519400 1640722532375 12975
bd4f1efa6e6f141f7e260c7a2a6c4d4bef36e260f785b41b1d916c4b78ccea07 1640722719402 1640722730708 11306
05cdca4ac0b7a7abcbdc86394a212ccb955e87e6526f73f780bfae50b5252eb4 1640722916346 1640722928989 12643
6355718afc2b7d9597e26e32127f066558e7d86ffa8fc1f82a8814dda22224b3 1640723115167 1640723127721 12554
8e6d3299bbbc6696f0e80d5683f6a24c306c48b6c9a26d757a9aafaefa701a18 1640723313849 1640723325063 11214
08f9edf68b8d852ab1b47c5d19a21db3bda0b0fe79fe8d9a3696f03cb7f06a62 1640723515835 1640723524734 8899
7f613c7b5f919ea32f7fafa1d21864020dedf967af2079f8f155d0c213242b66 1640723713228 1640723722578 9350
1d55ce2bff3efb640e9c9fce74af77a1f33cc1ed729c0a0ae381f019d8eaf145 1640723909836 1640723921564 11728
6b3562752fc89b2e01f1f279cc156df544e37d3585bba579597400e76bda7695 1640724108528 1640724118973 10445
