c5ad8d140e3d49c2c753307c5e274c1a864280040c9e25502dca41c9d229e72c 1640720325720 1640720340183 14463
cce31ac18c16a2a4fa00e338d5dbf8ad941ca1e2b4bdaa7934aafb6178690c75 1640720525990 1640720541089 15099
f678bdafa08aaf4e624cc1609d239e3e5ec0bc7dfa26553cd1cef2a4ca6bf3b2 1640720725961 1640720737509 11548
121a8fccf5fcbaa219ef81b141799e480003152b8710fa1cc24dcf6261d884b3 1640720924848 1640720936928 12080
296205e7e33e607754945e8ecb3ec314526d73d5a2bc08f8f3d72c71a000a2ca 1640721123671 1640721134108 10437
70a91abf8f84d8382d7c207872e3c7f9c321467c5d13ea4aef41b5abe2ae832e 1640721322498 1640721333800 11302
7fbf849984108958353bc234e75fdd37cc836f9c6b8f5f89f5ac8440f7d464b2 1640721521299 1640721536260 14961
fdea0c2870a47321a34cb7518a8b67bdacf6b2018d8a28609660179fbc949182 1640721721643 1640721735157 13514
5a9947b3e5e94b5ab2ed1aa60f1ebd74e5355b07c6542289d9eeb5832d0a1549 1640721921059 1640721934646 13587
4bef3d889f4c1831db68d7976ca38e7ccb4a8889b6e75eec21d0c870c3035b4e 1640722120949 1640722133642 12693
033e7a4a5d9c51717b365896d0977526db825887eb3f6affa9bd70380ce904c0 1640722321104 1640722332438 11334
1b7ecddb3917957049c5cfe969662ed5011e579d3959e5999cff0d7423013182 1640722519353 1640722532417 13064
648ab99d06ec3f68b96dac960bc6f429fa848d5932d43aa46c6617efb760252e 1640722718044 1640722729881 11837
369d44720af64ec0cf21df71cc2f6b99b275bf80236c43d433c60b4db12a4e54 1640722915829 1640722928797 12968
aafc5c1fbfe576e159247b22ba2b9b8a36952bb695fde78c747fe4896e4e8d81 1640723114554 1640723127528 12974
06483b06fe0d0000595c7236ab36c745f56a99510769aef03c8cb41195cac89c 1640723313234 1640723324737 11503
44161d4bcfebb3cae00c846297a7ee54e778ca18ef597ff855c8679809636ea4 1640723513661 1640723525152 11491
ab1599564a7b2c62795ac57d6b01355a5bc8b3845f4885ce656fd986b2cebce3 1640723711708 1640723722810 11102
ba2f508b87e102b9150902115e2ca78ee44dda63790cb896315c569380330a8d 1640723908902 1640723922133 13231
b3a763576185af7a8d20b51adc5835b5733b34518d9e8698cfdd25a3de94817d 1640724107810 1640724118565 10755
