a356b867e0df0e0d5f4bf887da43cd985f7cf7de7e05505b1dfddfc4c77a58ce 1640720325660 1640720332473 6813
e1b77c8b97f7030f0996b9070b673c1ecc4e16911e69c570a0aaca97d13d5e53 1640720525929 1640720531032 5103
6a1dc0ce617b4554558e67ef27eaac61803ba16678f2ee7fcb3a42f2d04a6d0d 1640720725909 1640720732058 6149
e0f053501f844efc306f43db97fa5e8fedef9ad3497b12140c5c2d675b66bc9a 1640720924778 1640720928466 3688
dd9a614f64eae069d8782a0b576db01b3faed36f8046bce72b3b457b2dbfe2e6 1640721123591 1640721128393 4802
6b07634532a5bbbc10fcb1ba00ece924d448eb1f84d2febbf51cd05e745f5574 1640721322429 1640721329660 7231
7e1ba12d634c426c540355aa8cfb37c8f2ecdde8bf2083daf27905bb31b04ed9 1640721521233 1640721527010 5777
73c9cbcedbe7a11b660f83c72b433d453409a940c0b3792a97bcdc4c6bef280c 1640721721564 1640721725803 4239
ece02e8060052ed3c1bd0a5062b32d2ab5cc99732bee1170e2c39791d55ecc90 1640721920985 1640721927909 6924
f3ec293b0b1383c9c9ce3751519550bd28fa33ce4262106f8a1909c14a62654b 1640722120791 1640722123746 2955
7222cc4bfcefe9bb2e35c48369ea4a2b0059192cda0ef9eb522a46cb0f9c410e 1640722321029 1640722326825 5796
0d8847d6c1c0be631e1175e87d6ff624cc0aaff725d88ec3b1e92eaa742b20cd 1640722519264 1640722524284 5020
3a52951f75db1ee4e683d324e9e9433d038cbc05eb700ff7655bde1784a22cdd 1640722717860 1640722720823 2963
0e8ceda2dfe336e8dc84b85761fa8e7c147a66a394d141b711703f39799eecd6 1640722915691 1640722922531 6840
285502b8e37a7bf0f063e90220fc1119c48f29363bd41458249dc6266bf2c5a9 1640723114341 1640723122354 8013
c3794b6f12299802bfed344b548c96f9170946fa6cdef416761b6c1165257db5 1640723313057 1640723319065 6008
ead20424dfa6ee37df31a742c0d0add03de9250529056f5fc7fac0bd01dc9c55 1640723512232 1640723520065 7833
15f5616a4190c1dea2a046927bf9beba2d653847e0ba8d908a5badf3191bc5c0 1640723711398 1640723717125 5727
b522c8aa17b6434af972649043f021c2bf4aef4086d7bf5e7c71e238b793cd40 1640723908650 1640723916863 8213
12c411ee11356baeb4dffcbfd1d7738ee88571e00ac27756324a888cc1ac1b2b 1640724107628 1640724114884 7256
