20da73f9d69ed945c17f0b846c3ab7129c0c1f17b4c1763920b50af55fe8439a 1640720325648 1640720327039 1391
330b29c676e65107e81621c4c888bcac7d4a78f91a6196897375c7cdc340c259 1640720525916 1640720528124 2208
2da8d3afab81513979dbf320164cf7878eb3541ce63d9b7e6fa597a51028585c 1640720725895 1640720729695 3800
1cb5343daf12c36e079be9d874bde8ddf757a3e81fc63d3fe7e5dc0d0ae3fffa 1640720924764 1640720927040 2276
c1e26776f8d3e265db0053ec7712a149491b57d83ac86d4b24b5583d26c76df0 1640721123577 1640721125310 1733
f0c19cc0d674b123e9ac5b7a985f8f384bff048a3641612f1b277a8b75d60ef2 1640721322416 1640721326032 3616
f795d3f042349ea55765374a240ced50b2a2f335765aba6937e8c6d9f247d12a 1640721521219 1640721523348 2129
30c51a2c3e8743d1876af1ab8fe7ce3c7722de75c41db34cbc69e4beace6b76c 1640721721549 1640721722483 934
282ffdb2ca3727d37e8cb61261cee1459c511d2069c12957a80894bddbd4df9a 1640721920968 1640721923134 2166
69b296def97466de9df3ce71c06de6ff93daf9dd7e48228b043b778a30cc811c 1640722120773 1640722122689 1916
c3417e834014829a8f7951db12e995c62d8b55187d3e35963a2e270358fb146e 1640722321016 1640722323258 2242
db78702bc4211a65dee69a536be4d72ee7caed252adeb9b2a8f721571dd0ffe6 1640722519245 1640722520726 1481
64a519df086785cc2d15b233b347eef10e4065f325c076105d7802bf25f2f48f 1640722717842 1640722719413 1571
5bfb3897d4309626f86872351cc5ee03809f073c3a318ac7a99b23d15aef35fe 1640722915673 1640722917359 1686
bc74f4c96e902d4342d0c50c8f2f21fcb8da51466e8d0cc878db39632e00ace2 1640723114321 1640723116447 2126
fde685121ab738f91bc609f7bf77f50019607e21857d13ec55dd0883bb0fd752 1640723313038 1640723314625 1587
01881d2f14918e8dfe0c45dfced5a8f96d7658db6e91ee88013e00302ca7d1ae 1640723512213 1640723514361 2148
09426821fa100d44c920a32fb9e53b4a260a61cb5974302f55de98456c768dc3 1640723711381 1640723714002 2621
2a30a8b5e96bb9ea60b17e119d1a768e3b8e52cec4575179eb54d266219a89f0 1640723908629 1640723909949 1320
1e1fa00215758e1d3e1f8bd33e24829200b9897e311d00f0d4d35ca41016461d 1640724107610 1640724109730 2120
