45e2c5f0c31ee17dc409af56cc16fd148e01ab10f838a1bddc05a2c7dcb8a6cd 1640692907170 1640692910302 3132
d2be334e159d6eccd296b5462a6de29c030067f41103b94d92536466f6414e94 1640692960754 1640692963455 2701
2318d9652949a2b7bf733ae2bb6522d2a413b53e17fcee96c179ca171eb1624a 1640693013017 1640693016324 3307
9999616ed36a82abc8a754285faeba3d8c9d18eb99889aa4e2639f576a75add9 1640693065527 1640693068455 2928
bee1fbe75b5571cfc1a6a9f73900977ed4ee2d9e67e6bbb71ebaba478bd80f7d 1640693118106 1640693121155 3049
3b27ce6673bc8b8ee8899efda53b68b7344cbf490507eef801cf230e533b9cdb 1640693170607 1640693173670 3063
40ec0f480891d83a54b4759a8c6a5c442d85c2b1dad076dbc106b6361b620cfa 1640693223714 1640693226992 3278
abfb41f62532391b0a6f73b622dc2d6314f12d64d79442fbc0911de337ef0c90 1640693276876 1640693279836 2960
2b889ecf060b446109d9aca8fb3ed63bcee96b4a17ba56e19ccab46be77ecbde 1640693329294 1640693330605 1311
f9d5da136a6ea11fce572b3524a0ee3d8c054f6ab588e0543b34d6a0fb89b5d1 1640693382138 1640693385213 3075
bf3045953c78eeaed2fc3683266975ba369b1b0f76412feb792fe32c21f5a3b5 1640693435579 1640693437649 2070
2e9f81af1eeebe9d1068b054f4b3870e1a52076d7f56d726e94a3baecf7fa401 1640693488571 1640693491558 2987
0fd4d4424cb485430546546a257e68f54ea7b74fcda529da6170d2af72c53265 1640693541945 1640693544192 2247
678e22f884c535dc58dcbfe8aa8d113a095cd286d4954cc11d5aa327f28c8bc8 1640693595004 1640693598353 3349
2e5b8ee40dc808b6c36f430910023a9feefe8f8515171452e38b11aa36b743e7 1640693648011 1640693650870 2859
6ba731e11db195b52f3f23d4003f09601bb6a9e70fd8a2af8e71dc3b0a289c92 1640693700113 1640693703285 3172
ec7541b563dee0f9e196cbdc1b36043e0fe9fe66c5da17b92fe3bec6810460a1 1640693753215 1640693756125 2910
0e1583b6d3a54b34f5a58ee9a0fccde3cc9860e752f3d99a7cb23588e89b8141 1640693805873 1640693808435 2562
4202085f200b95feaed72d76f371955a6a922211df70d135ec532aa33d0906bf 1640693858764 1640693861495 2731
a037b22ef7edf25790bdd677e7c50857b4370dc219577209265e1553e45c1374 1640693911134 1640693914383 3249
