fbf1786d43236a2bfdc651c453e4009e3ac831fa3bb2f028ecd732445d354ae6 1640692907127 1640692908075 948
6d24a2a3f43312cbdea279c110117380596fc46a972324b7fdd95617ce35952b 1640692960695 1640692962252 1557
c015c5ea46d7360d845d02473309890673d9e45eacaaae9b6615f4ad7be26d5b 1640693012966 1640693013950 984
71a43b2606118decc3d2c1e58e91b9ef5f51500b8cd23c90a905642b906be683 1640693065470 1640693066577 1107
abf329eac683a7dc64489435652b16e7f5fcb99cef99146e73d77a7f0e837834 1640693118048 1640693119096 1048
0a62ac14885bbc0b651d883349d20b4c02c0f19403b6e7189051cf88a102c075 1640693170540 1640693171618 1078
4c6e81bba2e28bfa710f27944dd3bcd723ed35bf401d06f0a59e9263c69c6b7f 1640693223648 1640693224722 1074
ae349d8b8df40a5688e83a88cf56158eeeeb29c027b928113a2122dbc5151ee2 1640693276817 1640693277896 1079
0c03280f64e268741b4dc0974a8fc7de22e449e563a96b6529695c2946b95f27 1640693329237 1640693330242 1005
6153b7d84a2777379206f8d5420ffba8ac4251dfe3b963f03d29938bec35d595 1640693382070 1640693383086 1016
69a3289c22a7450c21a855030dabb8dc05d536ba4729aa2452015443f9f0a189 1640693435518 1640693436282 764
bc61438dd685ede17f3717c016e82fba253d752a5311b6d20e7f657298344c3d 1640693488501 1640693490521 2020
cce3b93ca1395312ab9b7272f9037d45105b62f310105ba0135bbdfe6097cd5b 1640693541878 1640693542977 1099
67a7e8e75327f3087461a1ba60766cacfc78d0750a7ba882dca13699ed7d9efd 1640693594940 1640693595956 1016
6d3382e28d136ffbfaba001acfcf85dc853dae8379ac78e985c328b2e8d35cd5 1640693647947 1640693649030 1083
925ff5efed1bb5720e97c7b58f73e1218d65d033a6f45e1a4893ee2d6a9fc740 1640693700044 1640693700872 828
fabd70d6881a92ded2837c39ebe4cb7a35efdbc9fe24ec906b1061db311ccc5e 1640693753142 1640693754092 950
e19d400821c3e234c00f27975f42b442b22807de40555fd61447b1f9f616e41c 1640693805805 1640693806630 825
f49aaf127805c93ec72592204587d91adcc63e857f006f63644c744da29cdc28 1640693858677 1640693859856 1179
027d4cab87643e065633f4b625a9182fc28995c9e87544245dc4751465b8cd70 1640693911058 1640693912044 986
