3da09fa3deb32da61e0da78f019b71027aa83817131ee9af2ad28fd4036927dd 1640692907138 1640692908811 1673
431cbb7309c6f2af8d833c91e6e08a3f585fda3b1651151799e77b62f86b8569 1640692960711 1640692962415 1704
df8fa95f8793d07a0c417499447df02879a857d2ee6a541d019ea29a03ca6f2e 1640693012980 1640693014325 1345
3da0dc2f2c6bdc9db8b0882260ef09c0e2bc527307b8285cc49b3b3320033b3d 1640693065484 1640693066737 1253
5754e19936dfd2cb48cf00c0913e699834ff9d4633318bd0c759695ab06c55ce 1640693118061 1640693121160 3099
6b72935abb721e88c0a76fb2b389d6131b82d333e690335fab83a52a0c62e8b8 1640693170556 1640693171857 1301
05dd0bae3e4a3dde95985f66111817a08acded6a1efd9951cf2f215ddf0c0edf 1640693223665 1640693225126 1461
6e0d1202c37fcc7bbd1bfd73a6363825a4adbfaa8ddec98e6cf428139129c3da 1640693276831 1640693278173 1342
3bc112c72a9401846fb8e008591e1cd3877cc0556256b99f5400ab6476f73bdf 1640693329251 1640693332050 2799
ccf8fcf4ca7282e11baba6f2788054af987c8f6885bbdfb142659e3a6aa48048 1640693382087 1640693383954 1867
30e2676634e0c6a7a21e8203f1400705dd4cb6521b88edd09ed864ef5207ba57 1640693435533 1640693436894 1361
ab0d31a9240f5a306d8be6c8bd230561e895003ffe173e8dca1adf2f694df9d0 1640693488519 1640693490195 1676
d538fcae218e6d1bdd2b388035a947ee17f4295aa9f04321f0f29aeb8a9dc13f 1640693541896 1640693543316 1420
e17ecaaec1d3f16157107497828426957e2135b2ee4095b21c93ec4f5ff20394 1640693594954 1640693596485 1531
6019604df93cfc23634a9af9771a679dc5d1c34b335f443b55b103298ace045e 1640693647965 1640693649285 1320
6d6533ace03fba0df07919f90910873b332f55ad9de9e8c14c5e49b7ab923b9f 1640693700064 1640693701934 1870
c6e3a345668a33858026fa39c65625359ffbf34a101b4d109abb3e5503408f6d 1640693753160 1640693754532 1372
eae161d4b309a4a534cdb24f78d9dca22a7215c878764881c07ec5a5e5703811 1640693805825 1640693807262 1437
f57bfd0cd007b4a65cbd9cfe586beebf3700a7283ecc0b0499c98203dba1d9ab 1640693858694 1640693860095 1401
caf2131143c97c799edb1a91eddce26ef809ae021c5076e2bd31faecdca9e08b 1640693911080 1640693912771 1691
