2cc16c892f5c3d5da4a60d22ac83a1b7323356aa66dfa90ffadbb16d6d17b376 1640692907161 1640692910500 3339
aae5ca25ce654597f33a0dcda34f8574672c02a6eed99bea70564a0933301435 1640692960737 1640692963221 2484
3837ca6e9e85bbef32533091d967fdfb5793e630b912496cf50cfffa7ba21580 1640693013006 1640693016303 3297
042cce2da15f616b65af345900f32ea8ac95c9ad7f53fe6fb02d3bab6a214927 1640693065516 1640693068286 2770
4465f2fcdcd57bd1c3842d49de770365c2e8c022b205da56d3e1e4bdc0fe9697 1640693118091 1640693119508 1417
e2433e02202e6e8dc9a80ae0370edbb7f455a0111b80bfd63dd209cf1bf748f2 1640693170589 1640693173466 2877
8d51777903f80fe2e5428768f017be91a0da289a846ff53568bf623c2bac361a 1640693223700 1640693226517 2817
d144735360e59d69143162e3eec04018bfe8aace93d7b06662a079c9e6e820a0 1640693276863 1640693279259 2396
8d28f7902fe96e258e44effdc62473018c95c9f74a6ac43d362f66718e43fdf8 1640693329282 1640693332590 3308
00b87304b8163dfcd22e9a22df17cf015d2fef5bd4d32a150e6e99f5fb64248f 1640693382124 1640693385205 3081
32484dd6386c45b4f33cd0213fb2b3764a4743b8f1a8c801d1a5068a2efdf9b8 1640693435568 1640693438378 2810
a4a486e6f62e848dd30955cff4b4975c5d8bec527b5a34f5a68e040bca63de54 1640693488555 1640693490963 2408
0d6fdf00f74cfe47d66252d556c6317ca8ef3ae3969437be13586fc83b918444 1640693541928 1640693543986 2058
0267110f9be9cf555f9e859904610c1c49bc43ed92d0b06d258aef09ff2316e8 1640693594988 1640693597835 2847
1d6980b3cb6bec0e029f077ee52a1c4ee8348528748a18397d4368982e15b4c7 1640693647999 1640693650166 2167
6642b71ed0b6d5dad2a06724f37b2eecad6ad7838bba7bcc82ac0b560111a2e4 1640693700099 1640693702379 2280
d0f99bbae2175dc4b42c5596f729303785050349e6a2229f89ea2965f1c47375 1640693753196 1640693755834 2638
144562d99961466e052dfdeb2556997e04464633b4a8ac839817e28355f713c8 1640693805856 1640693809021 3165
c9c41b3f33e371e844e9f6cd6d2b2d91780d0e30f089a86ea31a856d36894b26 1640693858738 1640693860952 2214
120db38fa9d8f79677a6f349a45639c6ab08275fd548321028b9487b43bb60ea 1640693911119 1640693914332 3213
