cc31ff9a19e2ad88ed7b94d96b21b3d719fc232e3d1a1332edcfeed2b47d39b9 1640692907127 1640692908074 947
b6ab01b3d9685e85d157fc9d424f924626d1d0495408be9bbbee159eb8e22c29 1640692960696 1640692962169 1473
3ebf8a5b3a49f5dc69f47191ffc6f526698a2217e3fcaf4dce0c0075d1fa182b 1640693012967 1640693014034 1067
355b805b857f138b2b3ca5e6b0b4c8a18846de65456f795f956ed3b674fde350 1640693065471 1640693066613 1142
c8e1102fb8f6701f3cf04a8b52223f1d58c03b0c7701fe75d6c513f9267bec24 1640693118048 1640693119041 993
5dd1569ba0f2c90b77c9e3133916a3eeb6511a971cf27bfde2ed5d7a5bbc88e0 1640693170542 1640693171735 1193
5eb5f50bb6f0bddfc4602bd1a99d2d7af15a090b255f5248fe13b8034e79c4f0 1640693223650 1640693224718 1068
751847b9bfc8caf3ff7d5ed822cb97894346d197f176455864568ea7a38f257e 1640693276818 1640693277895 1077
c3c10813d179966d2c192da3abe4682edb8d53a5d7c75d1a9edb4bcb221cdf4c 1640693329239 1640693330615 1376
9b867be0591b4b66a3778557530b9c51c12bd5525ecbc28f5a01c0c88fdb2098 1640693382073 1640693383003 930
01a997a12de2091afdd5629bc2961a28ce5d913931a5645ea18c8dd6bc59f484 1640693435519 1640693436741 1222
adf120f5ff3865377591ac3755d051926fefab8960fea93bda2fed53a6a3f4d9 1640693488503 1640693489438 935
a19f466d3833ef78d26fe9a5fed5eb189c63b37a5bce09a604c9ee2f2455f4ec 1640693541879 1640693542992 1113
d9ff8f5d54120ffe9de44df00d4f3e0da7ce0431fd65895f25aa741bba76cd72 1640693594941 1640693596104 1163
a0866e10d9532ef5080fe5fccf75ab33070aa41d2f286459bca7254cd60529d1 1640693647949 1640693649136 1187
e4e77b2d726133705aac69ad05031d13a0085f16992f2d5bf0640a2f06e39a40 1640693700046 1640693700867 821
b22929d5aaeedbac433c2be428fdcfe58937cdab01514f3d5096668403491298 1640693753144 1640693754175 1031
1755abe7e6e89ff75a7880eb7da610caa8a4d04add24306d114b95b2cf779659 1640693805807 1640693806579 772
093c3471145167e494fe7d2657949ddb97e02cf0c4d68d212e23a01cb04456bc 1640693858679 1640693859761 1082
40c8b040f9e68424589452d77eb844003c90613329c74d53582f3340b77a181c 1640693911060 1640693912137 1077
