8e6f687a7a35b0cc7a4ca1f53d1bf1bbfce93b43f8acf8da50d7dee141971c8f 1640692907130 1640692908921 1791
3fa83bd2f9e61cd38d7ad901f27fe98899f66987c7c345aded07d666eaabeb19 1640692960698 1640692961960 1262
dc0e8cb818594e47d5083be45c9271406d52edd91b3d0d82567ca5d396d12345 1640693012970 1640693014080 1110
8ae86b36262ec464e4ab65d3f7cb2c63631e5bd4ddfe059b219bd622fc33addf 1640693065474 1640693066742 1268
9b6f0beabe57bbe077fb9aec53f392602d0739dd3daf9e136e2a0464809030cb 1640693118051 1640693119041 990
e3241faada131357506ac28d485e0cd4c95e69882f9fba105db8b41ed94c2563 1640693170547 1640693171746 1199
6525724d277adcfc7833bcc115258fb21057cf766b52c01f500b86bb729ef58d 1640693223653 1640693224742 1089
7db6b6b1c708a4643aaf42b383ffbc5bc5d5a87af38230f5b9700c851cc5851f 1640693276822 1640693277894 1072
3b8abde25caa60b2c82d3d7b094d3b5d0a506062114addc4eaa5d76d71b9fac5 1640693329241 1640693330522 1281
b9f10a8987d60658f3cc10abf469863665960f5d864c1593f9b2ab448f5dec12 1640693382076 1640693383234 1158
92e00f6af8882de193c56ad3daef1c1fa8321b6deb4c41684bd7ad0d6040424f 1640693435523 1640693437247 1724
b65d3318438fd2707ccb2bb704bbb293ecc757491bea080fbeecbe6d6ff5d444 1640693488506 1640693489326 820
cc412d064340aa925f9239490217720ee0580d52b346089f672e66719d9c8e13 1640693541883 1640693543319 1436
cf51009b9ba0e0f7cc648b7bbe19439521e1afb1162932218c5ff386e2e22ade 1640693594944 1640693596039 1095
6bd72f41281b3786365db313d7025f0b77f723e0d7399e4cf211c77f742995d1 1640693647952 1640693648497 545
b3011ef6004748ec27f86650cebb8ca1d243642e533bea2610ae2384efae9e1b 1640693700052 1640693700866 814
2cc15107d0f10e7b55e697eba3d48c7b286863c43c1ef2beb0831a0347dae4d6 1640693753150 1640693754382 1232
0f31ea55a13fdf164796f9acce4f5444e1bd3bd5e3ef7a5fa47b70168d0f5f45 1640693805812 1640693807264 1452
f9dcbe539869b2a34f3c73304d337f1703c3d8cff305755602452e6c1503e48a 1640693858683 1640693859816 1133
990aa5a4a221f0d20f002b690388b7b9b789d79038a22c380c4af12d9753414d 1640693911064 1640693912381 1317
