10d4f04a0255e4c62c1af0c362a01908e8a15b2e0ecb448793fc74ee5cbf44d3 1640692907154 1640692909303 2149
2a26b66c18c07f130bfffb8fdd12c93371e0b921c7c9248a777280122bd34a01 1640692960726 1640692962737 2011
6d4278076feb6c7dcac28c44297449288b834dd696036df5a66aa313da980db1 1640693012996 1640693015434 2438
2174602b5a8d77769be9d46f993d9252318b8dbd323d3beab93e16ab7bd7c491 1640693065506 1640693067914 2408
4d003fde82b11afa6844ec17f936da8eacf687e4a719432a3ad3e4887e75e361 1640693118079 1640693121072 2993
02aa3afd4d005f918212c8ddba361956d1943cbccc5c70c6a7a46f0fd111d911 1640693170575 1640693173556 2981
0245edb406d66265be78ca09769c57a6a3db2b6bd686f70d461a2653c9960ae3 1640693223684 1640693226945 3261
bd8a9ddaa29bbe3b7de012c360d34223641d3a18adab567b443d0df9df252287 1640693276854 1640693278981 2127
a3527a93fa2389b8f2ed3667c9610a012b42981661a4ac1b4a3873097407d379 1640693329269 1640693332123 2854
c7e778dcb74fdc0bf5012b9ff10aae8f69894f1c4e7eed575555a1a3b5457eaf 1640693382110 1640693385007 2897
63bde2395981b6b3882a654b3e01402cd538ceb321761799b14edc65bc5a0272 1640693435553 1640693438396 2843
4bc13d03bb8cc617b622078f2afa947d9ea2c4c4543fd17cfb3c510185b8538c 1640693488542 1640693491060 2518
115e2d2bd478c2e05935dc6b22e4794b75fabde1a09800f9fba5b64236ffcef6 1640693541916 1640693543721 1805
acbc1887b7e7dbee4ed08a74666ce867876025de6268b608bf92f1f2bc239003 1640693594975 1640693597028 2053
a517dd85f652597d7e3ca387de9d1c481387dad76a063287aed0f21d6299b933 1640693647985 1640693650558 2573
63d1c6362b9d6f93dff14e39a46ec68a60a17b85412bceb0a9a9b67ed84f6a7e 1640693700086 1640693702732 2646
8ff06fae4ffcb8c740e5a2449732edfe30ba9577daab24e80483692b0b5a832b 1640693753180 1640693755027 1847
0e6c82b7d881330109e948fde4587649385f2b9e00819e1556acea468e5978df 1640693805844 1640693808182 2338
27a2c55780e89085aa086b90dafb77a345c29ac04fad11c993035caf8cbaa5e0 1640693858721 1640693860422 1701
275dbce2d3dc5f6ced110d13a52e6c01d518e2778c861a960057675b6edc7501 1640693911102 1640693914297 3195
