4608ff57a27bcbe3396d36716c584f6b35b0e10e76e9fb290b0389d71507fb67 1640692907149 1640692908996 1847
c372acdf367646b455b86c8585624be06dec0f4e9fee4d559a126de975984ed8 1640692960721 1640692962717 1996
cf3722fc4647f88d05af666fad2119dfd5ab635e517de704d1ebdb976e94b7f2 1640693012990 1640693015460 2470
bf5f980c91a0616d5c6aea33802d25d60a22c3ec76f60bfd6693c68aa13423d2 1640693065496 1640693067101 1605
2972062647b51aa78bdc47e661f2f7cd8377336ed778bbbb8db81f3fae0550f0 1640693118071 1640693119739 1668
c6ff04860663a80d2ea431cb1ca24d91e57665e0d2a33e08a3039322b1633f87 1640693170568 1640693172416 1848
9e3525d1824d30c76cb2c3e79ed3964f8dac3fd18a92eea7a0ca4cfcec9a9084 1640693223677 1640693226111 2434
45de852a9b4216ac44b55bb2380ca94e699362e86d0fd502b8d9ebdf99dbcafc 1640693276848 1640693278623 1775
0d538d56b69a19f1a7f446ef41913d832239c981efdace914f4f13dd35548912 1640693329264 1640693332315 3051
6f73055583a600601228b2805c2490ca2267be80b8586b5af11df71a14e35170 1640693382103 1640693384184 2081
840f258abb52b3dfd1d152cd857176d64ace1b67ae68011632124dbb8d7b5f6d 1640693435547 1640693437675 2128
7e1ef0962d2eebd63182b71a04497bae64e44fa926553b4031215cb64e2d90be 1640693488534 1640693489831 1297
01c60646321be9ee581f37df50bb0330a89f11f466905b6336e53382442f6680 1640693541911 1640693543783 1872
7fa3f03a89cb59a1d5f12b55fbcb87f3961555a94e084f6d96645602ecce5cc0 1640693594969 1640693596908 1939
91cf217e87060a9304bf5a1f6ca880dac3b778aadae27972fd0f423f634aa6bb 1640693647977 1640693650062 2085
60112c71907ad0acf061392c5d7dba3d7a1ed3d38697ae05c8d058429950df72 1640693700078 1640693702565 2487
64c1d16b0134f4a89f79274c1a174aff36c504b8261f49e9121cdb8b61030c79 1640693753173 1640693754698 1525
61459d7e2a8ed0ebaaef33512c73c5c29f9b75cf48794c5fb934f7aaee62ef7b 1640693805837 1640693808870 3033
2db55b32ee88de193eadee8e38630629d70516ac02fad738c5305808fc7e0d81 1640693858713 1640693860510 1797
a6a1759e4f1ee66ae227d996180e260ba4cf94e3984df40807ea2a09556f126d 1640693911095 1640693913119 2024
