86bb63b4bef9e1e7fb0c31fabdc630478399768ec6543b13c8786b2fc6c0e08e 1640692907128 1640692908053 925
5cd4430a9bf5b154b7b53702d139ca3c7c582bb063ae48b5e6b51d41f98195a2 1640692960696 1640692961778 1082
5c02d410b5c1c8370cdfa1fc77bcd39bef812a5bc4f95422e5057e3306322a97 1640693012967 1640693014030 1063
7c37cc1ef312cd3792f08f0b3770a6bfc9a8c1ba28e565f51838867219ee7e82 1640693065471 1640693066578 1107
3e2ff4e934ebdf504056f1425e2ed2b9fcb8edc62e0d6968671d65e343e1ff91 1640693118048 1640693119427 1379
88ab0b8ca9c8605e7fc1e7b68ffe0cb56f2d12ff312f62e45c75f0ccb8c8a9b2 1640693170542 1640693171521 979
d77408b2e66664f206304a49c112da4af02ee862c9fa9026438e49372f5f34a0 1640693223650 1640693224648 998
7c6564c0b1176263487fa9db5ee0524c66f108a05a6b6575ae61c831cc31cb76 1640693276819 1640693277803 984
cb02f4f0168a5910a804496c12225edcbe9e692664db1829e280d7b873566d76 1640693329238 1640693330302 1064
cb6e37efa20f209c70c4553282af8592f95fe947c5ce9414d561104dcf88f186 1640693382071 1640693382937 866
9cecdbb705e6beb481d44e696ff087cd7224dd6a8005e380a3616b639205d599 1640693435520 1640693436792 1272
1de31dc90bc8fa56fb82029e9c18e1954e79176850e2a8ae58d7e32e32d17e5d 1640693488503 1640693489719 1216
db54e98bcc64f8ff790d5b36831b88843bebae5259e8d06362af23bb2d42633f 1640693541879 1640693543023 1144
0f2cbbecb615d713c453e5285a36cd81e47326ad5c090b905167c4cb871d72fd 1640693594941 1640693595605 664
252ebf998924b82ff8543e04073e4f79f1b0765a662d6f38b058c10e3a538831 1640693647949 1640693649208 1259
1bb24404cfd9a029eebcadc9d4e6492aeebe4a5ef264f275a9cd10f4a828c994 1640693700047 1640693700918 871
04e8398dbeeecea90292b79e959f30acc754a2167041a571a86bffa8974950a6 1640693753144 1640693754066 922
3ffcf0b5397e357ef991bc06ad0abd113d1c41d8b64bd41265320b94e09d6bf9 1640693805808 1640693806587 779
157d23d7e11198b390c1ed344675957b215fcf570bd3b3946110bdb5a5e1ec9a 1640693858678 1640693859761 1083
f1225daf884013c0681a42d653d389ab1b279ed273bcc8bfb8de154e0b5b58c6 1640693911060 1640693911990 930
