73a8306eec68bfab7640fbc7e93cb24843d775567edc9f09094bee9948382be6 1640692907151 1640692909395 2244
cfde235efcb2baef79476cf483260ccd6c7a30341bfde5915c673a99e4a9444d 1640692960724 1640692962594 1870
3689370b400e5bd269242f525704f8ee7c7b8bbe398694efadf67f194294dc4f 1640693012993 1640693015786 2793
4a128c991169d795383e2c933234de732addecc6c18f054617cee7b2cf00b367 1640693065501 1640693067109 1608
994f79428c407e658162e481f5eeb6b83f897a0efead650432c15205829cdf4e 1640693118077 1640693120823 2746
3fc051088046461bdede937458f2734656351f58e96d1e3f31bf983a5ea106bc 1640693170572 1640693172746 2174
99d3425218f5448adf511150ac4803049e26f3b1e6e44ce6b232e93565725b4d 1640693223681 1640693226926 3245
ff44920861a73aced64a29cea7e02f70886773a8ecd8c1703e6c07cfb8eaed2b 1640693276850 1640693278581 1731
ea70c143f8fd264c396c70a935d6e68dc2c875565a4fd861acc2249d2f089748 1640693329268 1640693332562 3294
2f2883f5e5f6c03544153a21b8ef7ea748e362f36ef07ce5f09362f1805a7577 1640693382110 1640693384256 2146
2271f326bc2d75e5fa4d89011dd5ad83eb76cec5a04bd6d26e847f7d889cca43 1640693435553 1640693437449 1896
8f2669f91b50c2ec4d6fd17da61835702e9846e19bc23e6a3108724b87738ee5 1640693488540 1640693490690 2150
2bcc28b5fbbe71fa4d69b4112f93c4a1414098f4911fccd5bf402269fb9665d3 1640693541914 1640693543789 1875
25f4776bbb1054677ecaf95ba1694ce90738e04148a92e320fb6eae69053dd1f 1640693594973 1640693597661 2688
d52edcd3a12f4e082f3febc657e1a84cc8cb7312504ee9956f92b966c72f79e2 1640693647981 1640693649640 1659
284fa6173c66808470340fb60985818c819667f09f13abd246b9a32721e2fc95 1640693700083 1640693702384 2301
941ea50843651149f4595d051b8010d5f1fe4c505b0682e250e6971d6097b233 1640693753177 1640693755227 2050
5093eff13f7cab118423fdaa39942e27c743f3bb49f8db9ede7cf973c361f5ec 1640693805842 1640693807847 2005
61b7e5f371edf0333945cc7c66c9e3983b94527873f9defc26f6bc3e6f499d95 1640693858719 1640693860403 1684
fdad9d95f6fd5eb0b00444b690aa6c1d92df76946d8f6300b4d66b52003bd491 1640693911100 1640693913808 2708
