820a52894be81a0ad604cbceea1a2ced4edca4fd506075b3b26efd88ecf14532 1640692907129 1640692908614 1485
5479a877e636786a8872ea2ae6202fd139e0fb918eff2a81011a24c7aa76c79e 1640692960697 1640692962165 1468
743ead455ea62be79d6b4b76051948dce0ac9de6c8e4446b4021724de001a7df 1640693012969 1640693014127 1158
8415f26b1865764363557eb36e490f5deb6d77dcaea084205cded67c08b24f6f 1640693065473 1640693066524 1051
f01a0575424c9956b1f6ed9d8d868b1931af6fd728d438b50276bb4440dc78ec 1640693118050 1640693119042 992
0cd614f484d65df03c9d4987cd84d78df04659d3732696c84e3a6880553ce554 1640693170546 1640693171636 1090
41958923adff4d13e7a6b207b8f60cb6a3391c0a2ed884104b7e27986851dfc3 1640693223651 1640693224717 1066
35c4e5f2d62c333c2cceb0aecb85502a4353e160fbbe62f26de5d60922b08f6e 1640693276821 1640693277968 1147
736bb9f33d319a4f90298bd531c02f909f09a8f07d78417a17c5736ce026f4cd 1640693329241 1640693330467 1226
ac916eb8edaf1b2534f095317ec18ea9b3ce2114379653a1e9dcb5415b303bb8 1640693382074 1640693382981 907
6415ce03873f8c4dba78ac94ea5a64ce27acd0aea460e82b598194d8dcf39309 1640693435522 1640693436630 1108
1cb2c1dd8afce3a0953f8d4cedda0f5ae7294d5a00e6c8edf1e4f5c5839f4007 1640693488505 1640693489939 1434
b69dd9f199ead96323905bcc75a63fffcef15128f02ee39893802478fe42033c 1640693541882 1640693543027 1145
230ac40ab750267a5635e7c3f5377eb811e3bc35181ccfed7a5adf60df3e32f1 1640693594943 1640693596245 1302
63710c0a1886188c35bb39100a6ee3cd3ea5ecbae4cb78d182eae86696e40ed3 1640693647951 1640693649082 1131
f58dbf98b99b374607fce02a707c4c2c511d2bfe89d30cbcdeb0c7f7258a5d44 1640693700050 1640693701652 1602
157c7429e84d9e4eb4e24ea51689ac0a45b07bd4ab8fe09d4f1936211aae2287 1640693753148 1640693754331 1183
f9fab2f23023b6d323346b2d82340ff4e394d6f4d282a230125c249d7423bb60 1640693805811 1640693807021 1210
022bca07597dd8193ef7e80c393a95b1a972762339574b6fb5fc0981f0f6c906 1640693858682 1640693859787 1105
dddad010790c50c14cf4d7c41c8c5561f45310bd170131d6c95a8b01b3e8b24b 1640693911063 1640693912911 1848
