d2b0553209ce3ad76a836e7d8b6b0c10f50423e654d276b4f05036316bec3380 1640785308305 1640785310495 2190
bc42e29839bad556e4d369725fd2824f1b82d73f47c858004beb6fcb59fc4a6c 1640785341399 1640785341983 584
4249f5d758132c7d2118b7c54ff178c05ac976136be80c83efb622b138af9ec5 1640785374367 1640785376138 1771
9a9e6caabb22f1032646c909d50e1916f95c753ff750c9bc4391043de079eeff 1640785406840 1640785407451 611
f0a38b5ff71e91a24d62373ffb628f957342c5e9900a5a4e41b9151a5afcd6ec 1640785439721 1640785441479 1758
cfc05273f6744817d1aadb32a57fa9975786964d7f9221002c91c0d07f495c59 1640785473063 1640785473649 586
0d38657ef1281fe170fccdac72279c6801b9180cbe700dd2c86f5303675e4f90 1640785506358 1640785508200 1842
22927dcbceed2e026db2865a2a35393a5b199841425a33d35c403eb6779b87d7 1640785538662 1640785539278 616
2ef291430676b1e161ad45d06d6290bfa3c4343b66ea5fa42f665cc9fb9f4251 1640785571389 1640785571897 508
2a9c281e381c9945c846609fec0ed95046f235262842b2740cf18b9e13dfeb8b 1640785604142 1640785604780 638
ab9c8b6612b217b6a3e8832efac3652c8f0e6fc01a3605fa46b591c1fa988fe4 1640785637490 1640785639667 2177
c1e2983609ff5b25ea9e6404d6215e44e83f13290ad7bcf2a782924370363803 1640785670543 1640785671136 593
8a8c0433825d03f399f4225c6c90c957b6f2d2d064ffef0b60dd92f712264378 1640785703338 1640785705054 1716
a21c1dc0626d16017bd9c53994d3ce0edc38a447d2fd6f68f745fc75424e00db 1640785736106 1640785736624 518
35fc7acc36d52ba4b8b500726e14136f34a7c60f0e76286c4c228e449dfa731d 1640785769100 1640785769664 564
053e3626f80647ed6e72aeef3757a06a6623b01ead8a15fac6e9c51b6390ead6 1640785802420 1640785802698 278
74822f5210f15551d761f82502086623a1de336f26eaa3c2ea8ecb1de5496020 1640785835185 1640785835701 516
10adb78b991fe25a7a59f25b8676c109a9d90785648446492356837952b6928e 1640785868275 1640785868790 515
9931eff0703a26472861466b8edd1f4a7d45b4d2f605b41dd3ee1ed2335348ce 1640785901411 1640785903112 1701
13cdcde5a1299d7cd37e824f01b3418d841e3b6a6876be86e8dfd7f2f50f5fbd 1640785934377 1640785935005 628
