0488c112a1c020fbaf0db00d343ab241cf36cb7b5af78e1d85cc24943f726bf2 1640785308378 1640785311589 3211
e04acfd2954d58baf66f2f3fbe06332432f42d96dcbb5b1deef483599739cb82 1640785341482 1640785344719 3237
d0676948ce1e8c93ba1d80904ef5ff2797fa20003a493f7de385b7a66c21d433 1640785374466 1640785377109 2643
73005e8d78fd0b54a0f5fbc7879ed1476be0559b4f51411117a27658589a20bf 1640785406934 1640785409474 2540
10668ce3768dbe1fba599ed8751d68d3e8545a129a5acd415f94d072859d592f 1640785439811 1640785443051 3240
a7ae23743fa896e24b84dd860ed90478e1f85adaaed3545c01ebb544b6187691 1640785473157 1640785475836 2679
41742aeb1e20f06f8c76fd8cdf09649a0b6b88bc4b6a520a0184d1ff092208ad 1640785506458 1640785509338 2880
e8e95cc9f719e9d4d793e28907bec7b1c9f67dda1f990f847e5a2d85d7ff0458 1640785538753 1640785541769 3016
232c36acc795bf5780d20effa7217caae1e1d9080ee0ff9946c7d720be49f0e7 1640785571492 1640785574662 3170
67ba313e0445569090b0a48e1bb9ca34ca2d61a463eed4ca27bc0b80bc22c337 1640785604244 1640785606916 2672
0461571e1efed8a0c77530cda719434c019364e8b1a5b923357e69ea73435346 1640785637577 1640785640731 3154
9cda87910a0af0b021bf02d54a8d0600eabd7ecdccc4940b715bc86cec8fc848 1640785670638 1640785673732 3094
6f09c1254046806a90043dc7c686c3353b582575d748947056b1afa8f507f519 1640785703458 1640785705840 2382
db241d30096e9558ff88bbcde0f18fb38dcc750e721f39729bda3305d426e15b 1640785736223 1640785738973 2750
eed22969060845173d50433204ac34825aa6c2be8e1987f6287f306cd3e2d0c4 1640785769204 1640785771963 2759
adfa5d19f57add116d04b253385d14eb64c8e4c212a938a0994e88b4070c1d2e 1640785802538 1640785805471 2933
52dce6d72696f967cce6144bb6f0179ab144a1db8d1d9e5316925c4cf0f789e2 1640785835303 1640785838424 3121
e7940bf170909ce5c721000b41185cfd174ca2513bf587fb49202c5a32291a12 1640785868410 1640785871139 2729
f7b9533c7d70fdd5aa747dd9bf34a9d2b7eb9e09ef894d799c01b6525c16b8d9 1640785901549 1640785904515 2966
d389ab1a3b4ab1a2654ad26a391f27751bb9e85a7868b831e78f2cc4b30971df 1640785934492 1640785937389 2897
