02886f80e32f79bf53345895765dd4e2e57429afee411334b90df577c598fcaf 1640785308377 1640785311063 2686
ce1838ac76967315b66764099ad981798d36e7c2085f9747a6217c860f7f62e4 1640785341482 1640785343498 2016
485e0ed0e539d07e6faa9827f9c461eb642d43fc83f5e42856151e520320c169 1640785374461 1640785377102 2641
2bb0b9885fc49adc10d44691132cb203be500894d54e8b7e59b18329e6ffba13 1640785406933 1640785410011 3078
1785e61d72fa56f012a193595ecedd1a33def57598b0d87b7854ed7655b582a4 1640785439810 1640785442531 2721
f46eafe18381190539ed6407a899d1d4a06cb31f021d6853e6a7233cc59c8b11 1640785473152 1640785475859 2707
59b40e27e37ce885203de7953d7c0ffd0b75a17988b2a1fa1ca4eb49d51d53ba 1640785506458 1640785509338 2880
a50e48545dbc3e82ba98e0356acf06ba1fd51bbb4718b22dccb1977012224d22 1640785538753 1640785541815 3062
f532de744d34327c19198ffac6b6e9e9ec11d73429f54607947ce6299e20ab60 1640785571489 1640785574662 3173
3e692842e54d9e6d3664b40317d197d0598a114e846a09bbfefdc520874d45dd 1640785604242 1640785607349 3107
5ad26acc2eb3e66cff32e1c023e7be0ff9b1a60a302b5b5c49e9884520330f0a 1640785637576 1640785640208 2632
cc72e1bc6f88a57e1bc2bd7af3d2b81075df90ed8a84f83048fc98eb0d55953f 1640785670636 1640785673725 3089
f05eec3e910868b5aef4e0434124406157729d8f207c6a3bc75f7de34bda1fe3 1640785703459 1640785706138 2679
34a551c75bae5c40d2fbc86ce323329d457aec1ff4c4e6d2b76cf1618a2b632e 1640785736220 1640785738959 2739
364c8704f6b007fa39ec0409624fe5ed70e7e332004671b2d68d7aa22b9639e6 1640785769198 1640785771963 2765
fc9cb52b00c20a82faa42c7a141d18e406272f5b8304be0268a3dc602974af72 1640785802537 1640785805504 2967
d689c8dff710ecc9f4088f62d38db5d19a2ae6d19fac9b7729baa2e334f4410f 1640785835300 1640785837981 2681
093bfcfdffc073f4f625aee42683ed56ea066b8a8bc8dc1f4bf6bca056f1f03d 1640785868409 1640785871243 2834
3c8af032b2dbeef4e77687f126ec64045b3374ff2316b529bd48a39910b4e4f9 1640785901547 1640785904116 2569
99e26e759ab7062236c926b81d2499eea1099daa0b2af650a45de5c07acc7f3b 1640785934491 1640785937399 2908
