0734b392acf3f0174f880568dd194bcbb2d85d6972a0f8192e991ab54ad71b7b 1640785308339 1640785311058 2719
58768880ba8435e6c8a7dfbf9475da8a5d837e54181e237bcf4e850279403db5 1640785341434 1640785344688 3254
df0b19fa77b38769877b3a430665471c550dcb958b08200c684afea4b206ccc0 1640785374405 1640785377418 3013
0fdb822de9297b49c3f9880347cad28cf64a7ea432ca514d25693f8a27a36183 1640785406880 1640785409534 2654
9d8f2b62eca2edadd0ccc146ad7e56e56f9d1acf1fae7417d1cf5b7b8a53df3b 1640785439762 1640785441806 2044
9248dda6d90696d75e7946e2f07c9b287baa4a11937b8b687aa5485b6d63b82d 1640785473099 1640785476284 3185
203ed39630f30d2c761226a591b5bce7aad5ca4a63dd0218b32c886a98238e04 1640785506404 1640785509327 2923
cf751d0120e65ba214c0efaba20311d62f949333acb7df3871b8cebbfbf580ec 1640785538702 1640785541367 2665
21f85e1eefc49c06abcb3cfb9d76b059d691697c1c5c0870d3978d87345a1018 1640785571432 1640785574654 3222
2de6656ccbb036905d124a99abbc4b84ca93c9051d2fc124cd03a4ed56a3092b 1640785604190 1640785606242 2052
f7ebb1dae638dc73ffbe5976bf545ff04e42673391478cb47ca7e37a4adefdc6 1640785637529 1640785640111 2582
437d71c4c71c137b9b91cf38da247aed436cc749741aca35175ff83695df4f6a 1640785670585 1640785673339 2754
c7acecfdeb746aa105fcbc4e1752c8088984997b44d17d69b751cf04dcc810a2 1640785703389 1640785705617 2228
c3e6d35b3111a4ffb8d9e8f278be57b2ce7a101581036ec7b1084e0b198fb5a8 1640785736153 1640785739444 3291
6cd7883bbf1400fafa8befbcaf4b7a8f801b2ee892c1ac023423dea84f6e4f28 1640785769148 1640785771382 2234
4f34c443660d52484cf86e170752e73164bb0b09b0d0180446bd7656cf1bc7cc 1640785802480 1640785805498 3018
10a516bbe03333f611329e8a3869583fdd0d063d30db0e9de4946149a9c9cc42 1640785835237 1640785837979 2742
453ddc274fba62109eafbc3e71fafa887f5a0cd7fcc7cd125acd70b231e72dd2 1640785868339 1640785871233 2894
de52deb9e5a6dbf09936311304bd679f54a2723f83ec11bfce0a99f5f3b891ab 1640785901474 1640785904518 3044
4132e499bbb9e4c2ca60de96275cfee293a37d8d1513947391176e0a5c504c62 1640785934434 1640785937398 2964
