01361afad6d8169803588764c8ac8a7499ba465116d48391e101515898eeafb7 1640785308326 1640785311588 3262
cd5682811f08f31369570352e929afddac887ed492d460f2c694a8a5ff4d9d09 1640785341422 1640785344712 3290
3dba5957b0603d5dee898bb96f3349c0ed2f41e2f29e6cef0317343c9a25c311 1640785374393 1640785377417 3024
6ef8ca1ee415f6ecef74f4f79d38aa6e42c96f75cc04e7da0c3abeb1947010fc 1640785406867 1640785409999 3132
18a3b80b57e63e1f799cbe29d4dea26b8b9e77c67998ffc2e7c8eaa83e9ea616 1640785439748 1640785442435 2687
5b0b291a6699a38221d2487b1e3151cae6274d8842b7d13baa53b6ca92f60f86 1640785473087 1640785476295 3208
e9bc1f9e5fb4d5da73c2a76ad3917bafa9e8c2261ff511283fde4eb019884414 1640785506389 1640785508835 2446
61f2b0707e09a34a65b474fdc7257d4cb8d880f906789f876afab06dee436386 1640785538689 1640785541768 3079
e009f98413305f13925358928cfd4b3ac64a2348a0f65af9588ab6c2c85a1ce9 1640785571416 1640785574188 2772
459f72869104fd0dd532ac180aea52ecaf5e653b360f5459dc10897005ace72f 1640785604170 1640785606467 2297
0eba7c01643fe92ca7057c5cec98fcab2335ed959beb0637528f3bb1786e2dec 1640785637516 1640785640226 2710
39f12562256618c007fc29866a8b386d974f25407f595ad23fac9920f51982b5 1640785670571 1640785673733 3162
6373280e2a0b90c9480f5da2561757148bec2a160a252ae513749d20ca78f029 1640785703371 1640785705840 2469
9a76e076dec949cd1b33da2b460c2616b01483a8dd522f34004df39e1878d375 1640785736134 1640785738891 2757
dd92c4cc9d6f15e26726b8a8d5044ea3da893db4390481cb1bedbd7278980bfa 1640785769131 1640785771952 2821
354e9b4e90a2f8ff5501113c59f42bfb4607458c71bcb50cf77fe1780bb82973 1640785802455 1640785805528 3073
88304103d9a978dd4cb0bfe8d1ba0985ce06a2a84dfd80edd14b7590c98e3c16 1640785835218 1640785837924 2706
7e6ceed3611aee9427b31d2b3d7d9dfa559eae1884fc84de2972f5e37c8ea751 1640785868315 1640785870618 2303
b45b7d856375edc1b4ed06df4bb52536657a7480193f62e66ccd5c0b75d37af7 1640785901448 1640785903428 1980
0fa93694e197dc8c606933803ba53f6bb2c91b3db87e2f575bd77c5b38c5ae3b 1640785934412 1640785936533 2121
