7b31e2ca5b90225eb218aff9fee5f7abf972f2b9ed1bb1a518ea34a2bd058413 1640785308340 1640785311106 2766
20a1cf41270af0587a558d29c811b93105ef4d62e1b2380d15bdb627164aee73 1640785341434 1640785343473 2039
c62ea77ba9c5f46872ca2c732768e9ad55402bb50712c79d4c57760d8909a284 1640785374406 1640785376841 2435
5140ee84803620e8ba17292c773b029d0759b2271fb53f187407011c7c410ca3 1640785406884 1640785410017 3133
246f27fda9376c0b822e1f00e0bd4fc968a9d16c4ee4bccb054154eff8181c89 1640785439764 1640785441832 2068
145b103b50a346843c0713a7f92acb488c3e618a52d5f183a4350d6de7780346 1640785473101 1640785475816 2715
f4afd4ec59962e5b37078f88c4c928bb00933fdd2fc7ebe6a2b2c9cb754bb36b 1640785506406 1640785508796 2390
bc5601d5b48b2c19cb8d2e0af680ceae323316567062f8bdc61b0da50ef1e62b 1640785538704 1640785541207 2503
c93135500fcc750cacf7ae6e19eba463c5a84cd038c423a4e6df5d161ffa43a5 1640785571434 1640785574662 3228
1f0a9bfac2eafba3430e07f4cc64637d4cdce98548ec04ec39e2f66b65171d2f 1640785604196 1640785606970 2774
1f58c915c416b9b74881a7cd78b67cf53c60e39d282913eb1f838b96793dc947 1640785637536 1640785640730 3194
6f6b13fb8bf3f216b01721e96e1f07f29340bc2f5bc0e3e491ff39e828e89f86 1640785670588 1640785673384 2796
c3099868c4b58a8e044f1d9e11b3c52f4afcec723d71713e2065735fb7449537 1640785703391 1640785705611 2220
15ff9be0f48a0dca85154f2adbb7fac3df463e4f25b3189298944455b0434ecc 1640785736157 1640785738963 2806
a97fcf9f2440c2080762819eb1323c312c3d3e4c921c6854f06bda3c1334682a 1640785769149 1640785771046 1897
d208317f515ee656605752e2bb7fa60f2ea28d9aa15cca37718cbc3623a35a1c 1640785802483 1640785805481 2998
054275614a6cecd301793ec3dcf0032057381ccc8e6053a377a42c7bb4de0e4d 1640785835240 1640785837986 2746
699995ac24e6f9ae98f1a7fb20c7b4f4a05d81d60d49695898a2a2821ade8c9d 1640785868341 1640785871178 2837
98d6f8ef32fa45e3ded8ce183b1ae684e03fd7c2fca96ed6d974ba3ee1cdbe8c 1640785901477 1640785904515 3038
f467728cada3b2a2bc6d906eb2e65cfe848447daf731a549e9945b879fb42cec 1640785934437 1640785937066 2629
