b6bb4dbc9ce064cfb2f8e05a843dc78867d858fbd3da726bf4525bfd78a7e4d2 1640785308316 1640785311097 2781
8d23851ef43f0d8a8d037f962deacb9a58159c4cc52b69edcba345cb4c9d729f 1640785341411 1640785344161 2750
310526fc6b2460ef9dda746da2f78d5c7b582561ddea6f3e459aef31e0af78d1 1640785374384 1640785376156 1772
fa4ca9656d6280dcfa461072ba3780d74813de76b83dbb1f1330b198032cc8c2 1640785406857 1640785408833 1976
562042d4888bcc53be59420af5ef8a86c779aed135c4028386104d30354409c7 1640785439735 1640785442578 2843
e0974fe1cd62b3be2b8ff7fa8b51f03f8de7e54aff77b84f0a5978ffc9bd7e18 1640785473076 1640785475834 2758
3c9e0a6bfdeeaddb4048818bcda4a805e2029488a490071d6688198a2ce18621 1640785506375 1640785508774 2399
3b04d82b5cea055a5141ab7d2f1a1a6d11df50cfffc27f094cb10cb3b70b618a 1640785538677 1640785541813 3136
4bda1e6fc415239faed0b355d533e5f668e33cc615f2be3c59eac78081f1dabd 1640785571403 1640785574193 2790
260d57729fc4661085ce1e65816472af898dfee438405a0c5982f90dc020e940 1640785604158 1640785606236 2078
c0e6b3e8466eaccfcde20af530dcb6f95837256c625da9184370f0cccf4dbe61 1640785637504 1640785639535 2031
7cf0d79fa2e3a1750a0766e764a828fe232410ff6b2783185fdccad68d7822dc 1640785670557 1640785673318 2761
8dfa5f2cfb02ceae3aa6e8b2ea9b849701a9c8756c5eb84d9dcbef377b09b945 1640785703355 1640785705037 1682
8e0cdae7b9fb6ac276a2e2a0d0d533524f743e34aa955aee2b6e084db6a1df7d 1640785736122 1640785738999 2877
98e9f24b7bb719ae554a8ae0657bebb6143faea03bdd6bcd182b677b26e45aee 1640785769119 1640785771653 2534
9052ab77894915431e9d46b7fc586de63023296c1756714172a28543eeb27538 1640785802440 1640785804771 2331
69e52b1b7133ef293457706a535afa5443ddcfe8f134427bf3e3cae22d54ff14 1640785835204 1640785837952 2748
954fb0a5cba42a783066ddab98a7f3f004831d6218a9fbe5f58e0cbd449b71e4 1640785868294 1640785871151 2857
50a9568b89679723329d0faeb9c012f1ae90e59c9d3febb8c6f503b2a0c730c1 1640785901429 1640785904110 2681
6f1ed1b9ddd00ff8acb46fe8fdf2b01c3e0aedcfa73f101bd86ec92143785e21 1640785934394 1640785937086 2692
