5649c504b87a6ee9ab9e9bcfc62a200804802416be9009179424605e5df20579 1640785308311 1640785311083 2772
656c43e1b7eae09e4e3a1db0844154169325969304339bad1e9819ef38dcad06 1640785341406 1640785344718 3312
b430671bc6111e14b7ebd45c41f47acbf8eb1e848fe4e4f63b523f4ca2184186 1640785374374 1640785376147 1773
80b71f8d9939d2d876c7710872e25323386841b31ed618200f7f82cadd6304f3 1640785406847 1640785409532 2685
d8855f80e5f430ac4407d5f82144a4f5cf3f2cdd646a5e80b79dd006c88c4e5a 1640785439728 1640785442448 2720
0d684291d1a5273461406049154cfe191fd6e652d026178293ef0b87e642ee6c 1640785473070 1640785474835 1765
5d82c500c0ff4dcd4596379ab4c1c18c613f44b615927bffa62eeddd1cd9a638 1640785506369 1640785508145 1776
df6111bafc1df2145325e218b0cad1248223fb526ef013d38941d762966a50d5 1640785538673 1640785541803 3130
37afb72b5bb098e452d6ab149ab892c9e61790c1495e95ea409400480c88bfe4 1640785571396 1640785574657 3261
726f57184af0bd8b12030e67d9a8a88d3becd38e09d1b7eb3905544fe3608607 1640785604151 1640785605884 1733
c765b849429569c942a05e327a30f060f23392de569cf9a4d1deec11ed3d37e8 1640785637498 1640785639654 2156
9d804f6b9450d595fd79f2bdb10b17e92c9360551f146453ab2f367d99f4d997 1640785670552 1640785673344 2792
941d7bd17c206665f43a04119b86245b6581aba0ddbf2d10165eadbb128f2779 1640785703347 1640785705036 1689
e0410c8b3b591cafd37b0b3d6cf77c0a89b24ee3f16bc187d55d3f73daee0a23 1640785736115 1640785738309 2194
d0c357e9a9a6440b90b53626a02445dc23a95622d932145c3424077681d11aaa 1640785769111 1640785771975 2864
3df51928dd109c6c4deac7ac796b3cd102bf622a6823e4a36f7ccd46e523497a 1640785802432 1640785805444 3012
9f2dbbcdde47f3184bf9437bff132a6939117dfeec2e3c0d30a4ea43d03c276e 1640785835194 1640785838017 2823
2f3fcdd74ada7e118a4745a1eff14d48704af5041b4662fdcd3c4b4d7838e5e6 1640785868284 1640785870711 2427
87a444af198fe1eb18b8b50aa7d1aa73f5cb74f6905b6e739286fb3ec7dde3df 1640785901421 1640785902020 599
4906a1196b41bcc45a90d8b32cf46c53c7580be5dbe3a439ba32f654d8e0e4c1 1640785934387 1640785936124 1737
