8afec74e0117d9fb2558cc139c85064554379c4660179c755e9643e153d5324c 1640785308304 1640785311064 2760
4e3b45c194234c9f6ca86ab8e7530404c9ff1db2b1512a47e6b4efa078810a28 1640785341398 1640785341928 530
55044a395e02566f6651d16dad314ddedf74105f836459c9f973c0bc1d7bcc13 1640785374366 1640785376147 1781
c23018923d63ccf01a1fa5fb861da1edb422a68aaaea85309c8a49a6e52da25f 1640785406839 1640785407370 531
0d836d16c7f73b5a1fd6dc513796be9eaa5cb1d1f6a8013789f259fa704af315 1640785439719 1640785440296 577
7356a66240e968527071f87d339c4460da6e2bcedc1d3eee2825f0bf6e03a199 1640785473061 1640785473653 592
d396481bea333553733d60406aab076619e986ef164f2bd1b41b4c1f35a98295 1640785506356 1640785506795 439
87f27a15cd1d8fed6141ee9afddffa4c85773d0b9b4fdc4a5d8b6796734d4fa4 1640785538660 1640785539225 565
70adf32212cacd88a09591f39a5976fefdd4d2992904db88a6b9a71e0a63cef0 1640785571386 1640785571826 440
fbdc5513b516c699c3e43d3cb280b22ab0a441af1cfb7b7efec9f6fce0665ccf 1640785604140 1640785604677 537
2a76621dc0228f96391661695229ba560c4016f22b379c20b361e3871fd9503b 1640785637487 1640785637970 483
6d2c762d13bc7456d8b0378e7080611a6a7c312b8888604e0d2ef28b4a9f6f58 1640785670540 1640785671022 482
98449ad54809466bd378dc5954ec01211fbf5313cf334f6baa7704cdac039810 1640785703337 1640785703745 408
08c7fa3b8c8103521d3788a3bc6b79f931c64dfdcb48bb6d23089214f501c37c 1640785736103 1640785738313 2210
e3268a0bd7436ec48d4ab070eb49250f4e9accfa542820798dd57fd65d8889eb 1640785769098 1640785769613 515
d6ef8a2cf3e492a274e4a3fa90d590e3f7289905b901fbf5ee6edca8cbc98d59 1640785802418 1640785802910 492
30ff582b6cc54719f9bc67ab376f7803aec81745296ec15097640708feb78337 1640785835183 1640785835799 616
3ffe135a927215b68cc298c981229f098e6f5fe90ff7311a5baf48af84d7a34f 1640785868273 1640785868723 450
f56244a56fcc30001a9c018a7e066353efddfe00c5909031d82cc7f64aa76e84 1640785901409 1640785902048 639
8adf636712c885b4667b9a75cd0d40d93e600c309e04c7caadadfaa08c119b5c 1640785934375 1640785934661 286
