10ec6e13fad2c58be513038c125689f49909b899fbd9bccabb9fc5b1390fd37f 1640785308371 1640785311585 3214
5eb5bfbb788511806e5365b6b897258dc3c7302e22e8c0a686cee2d73dffc747 1640785341470 1640785344274 2804
4f913ac36fb6462b6683197edc1e7b3c14f3a53f7e0bee76004400617f168c73 1640785374450 1640785377412 2962
395aa0abaea210dc6ea84ceac7ce76720c890c5f97e6721ce3a0202b8a95f3a9 1640785406924 1640785410015 3091
201fd46c95f438a558b1457a80277221e161f970b75e87f6cb5bb51acf5f707f 1640785439795 1640785443051 3256
760d19c883dbfd6bb70d05313940ae06b5e7ed0baea9a53234090d5e103f6985 1640785473142 1640785475729 2587
bc478d2ad676f76d12d59bafd5e1a9455a11d2dedc488a947335e65a49a9d9c4 1640785506449 1640785509337 2888
209207d438c792fa82ad87c25c8745f0ca843ece6d3dba21a26a819f01eff5b0 1640785538743 1640785541811 3068
6ebc9309cec47c3dbb66dc271b49edb297830690dc60732153aeb71f8f77d973 1640785571480 1640785574655 3175
254bd489bd875155bad240e6a3ea7b6333fce11994b7f2b15874dacbfce85162 1640785604229 1640785606979 2750
96b7cb23411438945d827db8ea836a8cf907e5cb1c2a63aac01e8aa7b3b87f53 1640785637566 1640785639456 1890
df1070cab38c6cc61c79d581e5f71f39e494b91cd95c15c13511e8b5cb1a573a 1640785670627 1640785673733 3106
5a08c4417990fe57bc1a3d9120a52a6843aa1826eb778dc13617f3f0b43aec46 1640785703441 1640785705211 1770
6083d818091bc6969380548d07c5113d00a77af65068cd45bb797c651406cea1 1640785736203 1640785738967 2764
15080e6924d4070199db6ce3b65ab826c4523b59d3102a1c051c3fb7077a8538 1640785769190 1640785771473 2283
b38f8c64d2a4e37f596d0043014c18c2affbd3ca1b043bc4f95cc7d52f17d3b2 1640785802520 1640785805435 2915
0573265e788dcab8af721ce47bfb8828841deb1378bc73fcfc6cc9c6bb18feca 1640785835285 1640785838443 3158
8df8dc44ae2fb4c9f51b97e3c86d9b62ba04077858e27b2326f571071a178a4a 1640785868394 1640785871141 2747
d2aa1a35e0e89c5eca832745e9f331096caedd018d5ea30acb362796282e5a43 1640785901531 1640785903378 1847
11b64049fcd18306f9f34bc0483126650fd5cec84a70b9a340f69729ccacf26f 1640785934479 1640785937080 2601
