3581baff3abcbc5fc8b4f23f31c73e0575d674c453f13cb317f1d9166d48410c 1640785308304 1640785311080 2776
f70e0c658fd2e2964fa0a562a61a681ebb9cc80fb798cdcfe0bedbe810b766f6 1640785341398 1640785342015 617
20e2fc9c9a95f179be51430116081555452402927affe3bfa4ff215938d1e6d2 1640785374366 1640785376163 1797
6e404202b186e3f2b8de570a03cafa5f4280e470f912c31fc783e20f5359cd6d 1640785406841 1640785407453 612
80db623754054006a5a3487568c9210ef8154b8e0823a80b1118fcd01b12edad 1640785439720 1640785440376 656
5d96a335817eda58ff7c62e0efc15f9570bc8db16669bfa4f375503ddb7f2b53 1640785473061 1640785474825 1764
db88f3439872733747886db6eb636a9a43454fd5ce8d2134ef000c6af9fde6f5 1640785506357 1640785507074 717
556043f0e5f7ecff97a06efc2fe3b3da6c71c5ad2e2b612d7c2ca8ba8833f8e4 1640785538659 1640785540360 1701
c86ee71bcfb8cfd644094579c9d29717b12abd29c4e4671a8d41c04e85e68816 1640785571387 1640785571887 500
da33fbc40adff6742febad0d9a2f7d061cb75e2003992e3ba710a8a27f62fd46 1640785604140 1640785604679 539
ea80c3435196be3a192f9fbcd444313fc919b98d0ef7adc7d2d59871862b4330 1640785637488 1640785637984 496
229cc01844ddf091878108e3228d5f14714e3144d4ce843e9e4d78fc21b8e31f 1640785670540 1640785671062 522
bae9847e7f37d5f25532d3ebc09af60a76e39d0ec95398987c257f5dfd950c67 1640785703337 1640785703993 656
0f14b0e3a148b2081b91351c96fd29d627a6cb6349fcb299ee15a4a34383a461 1640785736104 1640785736702 598
e3d377e81cccd1cea2be87802560c879b1ae0ab1c08c9a88248e8136131a3823 1640785769098 1640785769649 551
a376641c537cd9746ba29a962d4582fa4096886b81c1a4b4a5a76f729d5cb371 1640785802418 1640785802983 565
a6ca28014a33c63b455bd06fbcae15e135510672af49307adfe1966fc4865b1f 1640785835183 1640785835785 602
c5bd46ab38628bdd729e2f42eca70182d2accabb1a8e88a875ff1208561fcd5c 1640785868275 1640785868759 484
33e104d4b1560f64032b05aac5a357e0eea071d0e86eba42525b0c2b751b13d7 1640785901410 1640785901985 575
647c2e8bd9538a6826c5a7161cdbcdcf6171410a424d259cd6955944c36f8e8a 1640785934376 1640785934925 549
