2ba562a013adc3557803677e8c7636c46260e292aa2f5f43e034624c4ca171f1 1640785308321 1640785310458 2137
acbeb6d04f0eb7d3a329b87e3eb97bd81369b008f730b4901d6edc792fcc88dc 1640785341415 1640785344186 2771
14f922df5db0a3bf9af5bfa414f4398861e2aef5d84682d60e147d120bdd2bc7 1640785374385 1640785376149 1764
9119c5a858273897647d1e522f010ca779489f19347395063cf252e09f413876 1640785406861 1640785409493 2632
500ec2665ab40c523384dd08593a17de079fd85e5b11f6e983616f1444b91fab 1640785439741 1640785442618 2877
a3c5e22e88e4fa161ac3d80fe0552a7d0547d9477b6bad1563f3adfd22b2fd6d 1640785473081 1640785475146 2065
f8073cfa5ec1f9732fd849e561a4442fb5be501aab8415eb1c6c8d30a797fa62 1640785506380 1640785508165 1785
7c18fc831b0236a24d59385b67cc8bedbf88d101c5fa7cbea4a3069fb8d5d8b8 1640785538681 1640785541325 2644
6473efa98748e71f2bc9a6ea2a24af6bb44e8e6f26df31090eb2b6ea28f84e4f 1640785571409 1640785574214 2805
8bc5993ee2b615cf4459097f8a06507008a2df0d6d871496e095bb94461e467c 1640785604163 1640785606483 2320
19e6cb93674ebad59c7cb4491b26b638d5ce6bf07957b82ce7a82244e9c456e9 1640785637509 1640785640723 3214
7cc770f732cc30724c69fe9804e723c4736ad609982e2d5c6010fd39e1ea4f34 1640785670563 1640785672730 2167
6c8432d4b2dfa3843835bd02a9db08e81ed8f75a4b16015cc875e09f072f8697 1640785703364 1640785705039 1675
c2bd45beb15572ac4ff9cc07207ee09673876bb7a444cc049622a83dec3f1844 1640785736126 1640785737940 1814
3512e606830fb2920b0b00200e18ed408a151b7ea4f06b19daa9d70cd94933f3 1640785769123 1640785771961 2838
dafd2cacb310cf407fe389a922fb453d071f3562c1e8a99f235cdbbf53fe06bf 1640785802445 1640785804762 2317
bb32fd6151c123d5723b55ee43e20d94ca38157219d9425cabc14b216feef66a 1640785835209 1640785835848 639
8747c98dd2b2142fd6ec054aa397fcbd1114c50f0bf22175f174bef763fcab54 1640785868303 1640785870730 2427
043022e80f1148ee7447a9fa6f2648b5f40f1d39e18c80073f99b341865415ea 1640785901436 1640785904001 2565
6bc10dcc78813c9f1ea9ca216bbd7f717fe2399312d40ee5f5b5334c2ecffb47 1640785934401 1640785936526 2125
