a54ab2e1c039fabf83a36d061c2ef31c68d16d0fb8534781c6c16a42a7d88d99 1640785308303 1640785311588 3285
df6eae2c60015c6af4087e4907319b281a69711f17a55e3c19a60ea20574015d 1640785341397 1640785341987 590
8a0144ceadc6293208936f3d25c8142753d920eec83d708b9a90599ce01e511c 1640785374365 1640785376149 1784
073715515737166da04a41496234b9c64cd29174b8458a05cb3005f7ae9d00af 1640785406839 1640785407355 516
30a3593c95a63730d8db51bcb6501e852325749ca1fab38a4696b0a92742b4dc 1640785439719 1640785440308 589
c9895aa90a183540096b61cbee574e0bf5afa34a38c02eba69942470642004ee 1640785473060 1640785473608 548
bcb2b13024694f77f4bfd474eb23d4cb5fd4f862e59be5c8f1bc88809a1d713d 1640785506356 1640785507077 721
9a27ec372a70daa52e4e1dc93dbcfcd2576529500be50df471ef542f3304ea6a 1640785538658 1640785538925 267
6895a0883de574ee9ab9b234acd2597ec5a33eba08fa649d0a48e7f5192bb884 1640785571386 1640785571884 498
5b41ddf99c5c372ebc05cc263468d7960528d301ff5d040eaa4b2cf688505986 1640785604140 1640785604708 568
ffe453f09080161885e94b1a2b40b49c5535d2bf1401e76b67ae45a62894819d 1640785637487 1640785637972 485
993bcdaa20ccb9c7dbd80640e4a4be1e94a26ba9b4e86d71b171424f73192477 1640785670540 1640785671068 528
e24a360c97c7ba107f541368ef760ae57e179d958e7d5c348c9e8005ce6bfeb8 1640785703336 1640785703757 421
f55552b488b62f0fecfcbc20dbe3cf8fe1172a368ee71375ed49f808c3c52167 1640785736103 1640785738335 2232
b7b386933d3ba6943c7fa062cd512e961f28848ec207379503d29763167bfab1 1640785769097 1640785769625 528
d1b0b2b8f7ee1eebe0a0ba59aa33705e762c6d71e9b9db9f851ffde134773f1b 1640785802417 1640785802990 573
8f6dd72ef470d004d28e851c185d30145992faaebc8302425a90e13e96dedfe1 1640785835181 1640785835676 495
95eb0500485dd07a40bfbe2aa2c877d714cc4516ae56310fe22235313955611f 1640785868273 1640785868566 293
4d4bb7b9c7278e907149cd65b85f6856cec0e479a9d453b2f3109fe63a00ae13 1640785901408 1640785904011 2603
36d8cccee108521da6666306feaa8da3f26246cab47aea926a89e9e5a2c8a643 1640785934375 1640785934838 463
