6ac177898455c7811cad8394e09f826ee614652e920bed18858c15cc7af77192 1640785308340 1640785311106 2766
2c0a9c0a5734049f583f0e685a7de35d635187f4dc0e3dd494ce9c3a93f349f9 1640785341431 1640785343561 2130
28722c43a65ccfc34f326e5b6318f9b0b944e423762321b4013a24f1f1394a58 1640785374402 1640785376877 2475
fcd4b347c3e4020fd01cbf426bd1aff15b6f41470ecde742092460e31c683035 1640785406878 1640785408857 1979
e5ac4d2708467876f3c300d7ee49a0dd498d3b62d7883382ef5223e7bd0ad6dd 1640785439763 1640785442493 2730
882e61d032c45953b2fed887779da00226966e41ae146b68c93f4126fc581c1c 1640785473097 1640785475133 2036
35146a4a240bf5b1eb9710c099ff669f4abcc523b7823f59651b37d1e68bccf3 1640785506404 1640785508838 2434
05392905150f8d81fb25c7c187a87048aa33fb8ccaa0475c95857efc293e9ac2 1640785538700 1640785541802 3102
e00ac6afa69a567f386ffae2677038d343af1edd03c32d8968e66a59c740a18a 1640785571429 1640785574098 2669
5e4801e0365ea669a361eeeef590fc3c3ff06f2037906aaafdf88a3e1cebb023 1640785604184 1640785606888 2704
80f6c31b8347ffd9291c24383ded5ba9c73d489925b5e0f10e7adfdff1e5173c 1640785637527 1640785640303 2776
32a33a2d07be230d285f741308219d0ee75ff0190fba1d95b063407ae2ba8420 1640785670583 1640785673279 2696
cbbae0052ed9fae851c03903e5052c6d844550e5f744f47458edf450e262f6a7 1640785703384 1640785705624 2240
cb905b3a72ddba1b9da80ac17a76881c7189f9398b9a4880a47e39ecdf7e88ab 1640785736150 1640785738954 2804
16d6906634acc81a0e3aa77707fe932f731ff2d6fe0558db0ba2839b7b07ce1c 1640785769143 1640785771971 2828
196469efd8948b37a8bc0e08de7f889891fa8ba161f711324c06c1a8cdb49ab2 1640785802477 1640785804966 2489
17936ff238f57a5d131fe7d7797a0f6fcda4cd14bdc1f411a5d4c76be4497546 1640785835234 1640785838410 3176
2e68565362e9a11f7c7b0fa8c679132b4b9fba10540fee645520630056f0d6d1 1640785868334 1640785870606 2272
2b9af6fee2aa5946378fbc803a0287c1057fd0c4df78a128ae5089a436431711 1640785901468 1640785904095 2627
dd062571f306edb1edcd6135f4f4b86334cadaac38b898eda9a7c6b5f11b44e5 1640785934428 1640785937055 2627
