fc5960fa236a3274b09326fe9087741723f599bcd6880a4406eaa0e74d936cd2 1640785308364 1640785311105 2741
5f49ab67befd28b2b0954b3ce44050489de9353a4982cc1a5c5d4f8a3baa7f09 1640785341468 1640785344719 3251
c15b8c37a530a6ddff8fc1b38d7e55cd3ad790aa011624ff87eb59bde5583193 1640785374446 1640785376844 2398
6ab33ab9a6286a1e5a30d31ab31df55d2ce1d51268da4c9535d6db614906d1c4 1640785406924 1640785410017 3093
5d64a841411764ee72a19486bfaabb0b81c965817b98bbee91437e4584629e8d 1640785439790 1640785442470 2680
9e5b7654f580e40360a5087810243f8012c748cb6a7f0d1cb20efcbf1926c7b6 1640785473139 1640785476286 3147
24ce57a0b3300e637494a6ee4ad4cf773246bc4e5503cd83aeefb6c939af8dc3 1640785506447 1640785508884 2437
4446cb2e48afb8ce22394dc131097bb87d3d7cb030f7181638cd25a12424b3b2 1640785538740 1640785541247 2507
d68d36d70a2378e968dfdd72705703432cd5d17292ae4e2f7686dacb535aff65 1640785571478 1640785574656 3178
2af183c8bb14433eabf5049ed7435176a700db1019f91605ef441c276ee87168 1640785604224 1640785606972 2748
79c9e95ca1560e02c610f68b1c7c4efd31d5441e4c245159dc83eaf22270a653 1640785637566 1640785640711 3145
95dbdf119878b4d5563f4bd81e5544c9cef0d03978d05f357e933c1c88e0c4c4 1640785670621 1640785673316 2695
e6a7efef0e8d383590f2db6e104749c1ec633a6b1cfedc2fa775d56fbb52b57f 1640785703438 1640785705827 2389
a2acf3812d67302f577cf39add674c397ebb4eb13da8903ecc004eb8a8b7542c 1640785736202 1640785739440 3238
388de477cb684f0846787010327da2488bcb963ab65a4b4e6b3810fc274db03d 1640785769188 1640785771975 2787
089447404c3c580eff0a3973685eb4bbe8b2395e09502742a194b0f97d63e121 1640785802517 1640785805399 2882
cc6e235f7cb45ead6915416b8639b41cc6c959cfdd20e339ca22f2deae799c9e 1640785835283 1640785838432 3149
f56ee337b964179b0d9238d2ed3c5e7903abbceccc8f7b235b2db22f185c40d7 1640785868393 1640785871156 2763
b30b2a2ced60f8c1cdb9f1d4311d81f765fddda8f483a52920baa242df25a317 1640785901526 1640785904495 2969
530eb6c022cc16358f085d32fe9aa30c1ff0885693b0020cbdb61f9a37dccd14 1640785934474 1640785937085 2611
