7c830e40fc13d5d4d5f4282dfd658b65d95c2db67887407c2b71190951e12151 1640785308375 1640785311585 3210
4ae75ff3e572a51e1861fd87ecc07dfc7cd611ac6228f3609cecd87880166e9f 1640785341479 1640785344711 3232
2298c1e132f84cf09bcf04ab43d31c0efb41ea7f35222debf8b0f63de120cf0e 1640785374459 1640785376972 2513
cfee0dd2a0b59c7f81d82dde7c2f7ab524dceadaa386ccdcb31912c2cd917c42 1640785406933 1640785409534 2601
72d6b3034b2bef4053b9cd687de740c31fbadc667507f398679531b791513d69 1640785439808 1640785441865 2057
1da4897bf07f40f2d3b2f13e501b88053e73ed1e602737398b2d4e9196ea8e7f 1640785473150 1640785476286 3136
54ecdbf091bc1fab6de2d2f704a6d4bf71d8e3dde466a7e67945369052d1ffe8 1640785506457 1640785508840 2383
48cae9e90b56685866a74a2d964500f2ad8d5bc6d176da679cff142b94d5bc38 1640785538751 1640785541807 3056
01deb8b6951088fd6f43ed69d2ef748134de1b853e2e3a3204c288dc8aac6bb5 1640785571487 1640785574660 3173
3393008d58eaf6896e4802309ef130c0763d444365aaae4e38a110f801a1ee7f 1640785604238 1640785606923 2685
5ea7bdec2c047ac894b08acd96ec3ca7e75504e16d71f0ce450a20b2b7f8ba62 1640785637572 1640785640226 2654
9c3bc0fbf38d5d0b03de7f5a7f92d97a26e63545dc6f1d8ee07ff8c14f2f7260 1640785670634 1640785673250 2616
17ddf38ce0d16005e24ba4700f44a10c07e49e38f095e74bdd6c5461a83dd122 1640785703454 1640785706140 2686
4ff4e211fc13534103211fc519140205d6038ba6c37e2295c8e21ee9dc4ae691 1640785736213 1640785739443 3230
bfdc708c8f60b99a589532970ab538f56311a8e4c119d0c802aa805afc3c4f53 1640785769197 1640785771956 2759
fd3d891bd7cf03d71f1e0ec06278bac22d945fa1117d0e835b0e181fe2092b61 1640785802534 1640785805489 2955
02d1420a27be5ab0106ca62a827a1c19946cf70a0d078ca52b1488636e42b022 1640785835298 1640785837478 2180
af3f54a0e485d30fac634df2a7de298df759306135169027f6aa288a61a7f2eb 1640785868407 1640785871225 2818
e69986a6022333320708cf00eaef3a122b3f77b5dc82a53c0c7d55fe6d5cdc74 1640785901541 1640785903453 1912
28f0ebf87a00a030d05b2959fa048898a9b9871b329235c6bbca3c2f4bd6acaf 1640785934486 1640785937396 2910
