36949e2d8aba55f27364daf57097f61e32322b465f61dfb420ee5c18c1d127ad 1640785308323 1640785311043 2720
bfd8aa8d499db0de9b03f06227952fcac525eb03d8708dc74854753cdfc757ec 1640785341418 1640785344166 2748
6d7cea940f11980607247b8992572a343dc46fa16765fafc3f213fe5a86acd73 1640785374388 1640785376918 2530
1358b06cf7be08d95751f65710d78d0b625569d73eb18768aa91c071a43cc79f 1640785406863 1640785410017 3154
616a6fe18a7a13acf178ad3db91ece350ad2e80fa8bdd4c47cc7f71be56e21dd 1640785439743 1640785441954 2211
cb03bd7bb216830a58b4e71d33b5e71f972dd05d707d676dd702c90ea4b66fca 1640785473083 1640785475130 2047
7a737a56cfded6985ff0fe01967017f1506d7715ecd02620b23fa8217ca0853c 1640785506383 1640785508175 1792
c95e1828f2869a0f80dbd89b41331a83ed5ce15c5cbbc904ff5093f01e8a3991 1640785538685 1640785541325 2640
209297c70bb3644536ef557ae00ec8b4bceabf197bfdb054e223d8ec45715dc9 1640785571412 1640785573619 2207
fbc24b0b73776438dc57fb327d431809a11c29c15ad6985a00e7daa0f358ec43 1640785604166 1640785606529 2363
947709c5c6303a92b4e3e8bbc1d10914ad9990c48930374051fe8e7dccaefcc5 1640785637511 1640785640711 3200
2d36b2a8a9363fc3d9f2ccdf6ae16a1dca46dbae997e65afcc14ca4a7d547f64 1640785670565 1640785673294 2729
628787ae7c7bb70957a053348f04482792a4090d73656bb15a0fdd8c645347f3 1640785703366 1640785705071 1705
190095b60259e92978e15a322b2fd9508bc0505387e9d230b7feee48aa5e8b30 1640785736129 1640785738981 2852
ea7dcc6ecb8dca00160299c61bd85818dd5c5b7d74d85088fd814ee914f205fb 1640785769126 1640785771972 2846
c4cb528a87e8cabba0b82b0d7c372d53b44261ffa6c2b9c06e3a83adb97cc599 1640785802449 1640785805468 3019
df19ffd48204a773f0febaf834f29aafd82dedc70b62d247cb1edabc6f3aab5f 1640785835212 1640785837384 2172
463829f86a77c999716a5e7dc05e35bf4e92bc9ed90e99f862adf968ba4fe913 1640785868306 1640785871159 2853
c3579a27d2d652b27182e72f951c13c29e59ac349542843e74841f9fd466a760 1640785901439 1640785904518 3079
fb925522361b8b0da3bf35fa5cd1b04820961c786944a92ea8a64e61bdd3a3af 1640785934408 1640785936866 2458
