2f511f61ea822020003b2469c56371840f376c3f97753ff129a3fc92c2cf60b2 1640785308326 1640785311592 3266
38d75e7d414f4827e79635a90d8ff2f475fce20ec223541277016f4a589a6f84 1640785341424 1640785344718 3294
a972a65310077470bf94f979e959e958140affa88140f62817014d948f398225 1640785374392 1640785376897 2505
60c949a7e92848c8ab057c92b3a3de8b898e9564ef1b60d7b7474afa0b670cf7 1640785406872 1640785408833 1961
6c532bdff5aa1f5d0d48b33de3c086d91b70bbf524103b64b189e80e55f55847 1640785439749 1640785442530 2781
4bea9a4db038c3bd1bf8cfeb6667c5b08ad47e8b1f5c7cdd6cbc97b06d57e006 1640785473089 1640785475822 2733
82038ad94e7ea0e72011de78ce5ffc4250a3c423b1f6ff763c8481fe12eb64f4 1640785506388 1640785508924 2536
11c1a4eb844e553453d389934e95760ab49d4380fe2043b9e5f6835ff371b39d 1640785538690 1640785540734 2044
70f73c6cef425693e54c48d3b354785dd3b24ebfa52fe7f5a67958bd0137e8fc 1640785571416 1640785574215 2799
0d43931743a26d686c0269a5bd0a6ab3e33834ae639b458fed87f04fab22f8dc 1640785604171 1640785606958 2787
8ff32dca5f55812d589415bd05ac226a833f5b5c5767a2973aecd5c4567ea039 1640785637517 1640785640164 2647
fd20838b3262d34dfc75e8eddc39ea93830bcbab498bd40b948804d577d386d0 1640785670571 1640785673390 2819
45c798d271470ba48a04f8ad3a6e87a08000e7d3af1bbb235016a3b0893777b8 1640785703372 1640785705071 1699
8dac51c4ba2bc0f360bff8b60c7ae22efc647d1a39a6ee21223ad4cd87addaac 1640785736135 1640785739000 2865
ecd5c8248be2de8299714bb6db74f9fd94ae06fa4f84dedfc93a0cf5e817782c 1640785769133 1640785771974 2841
614145b8c79c14e6a587a4c2b76c91279de90c6df4a31a54fbf9b5134ce3a6e0 1640785802456 1640785805384 2928
a60ed18c8d69f89d1b7bb4fdd9860d5ba121035ac7cec6f031babe45bbceef27 1640785835220 1640785837330 2110
2c1ed969243edf146239d2bd53fe467964c7be6f4c7600f87bf7da39a54a95eb 1640785868317 1640785871166 2849
67a453ad9db16dba15a7cfb1469a17875470e3b979952360b3cb6c7f2c597123 1640785901450 1640785904084 2634
d50f6eb7450be6e3a4d23e5cbe2b961c70f72cc550f493e9f9ed70352403d91a 1640785934414 1640785936508 2094
