4bae55175a132e3502d6132ce6e76e0eafc07b47736500389b39131bc1c49a5c 1640785308325 1640785311128 2803
9eb8c1e936ed3719cac28aa4c171efe9bfd6fba6a9b873b68fa497dce3689581 1640785341422 1640785344278 2856
0eafb01a0c274ad069566a31cf50e5696d2e813de38a28bacfffa5167e0be301 1640785374391 1640785377068 2677
632796c3ed15c723bfba4a0e0d004c2923a284683a704209a4ee2a6ebe6d35d8 1640785406866 1640785410013 3147
9c87a307e45d483605eb18449eef522cf513e6749db141d4da38136467421bfd 1640785439747 1640785442524 2777
a800568c671699501c2424bbaf21216281eb1865232009ac83b403939b69366e 1640785473087 1640785476285 3198
2951b4504a19d43c939d90206acd5fa28cfbcee7e9dc664d01bf2b8cf6acb7c3 1640785506386 1640785508166 1780
1b0d3e33b359c6149d1f4c076c6a413fc3bec8a72a37ba2edda882c1dd4a7c14 1640785538688 1640785541277 2589
82a12516f975f9cc88e2c121babdd99fb5bf0a587e86fd2c5567298a4696bd3d 1640785571414 1640785573566 2152
265b4fbfb9b9e97e5eb559c506b2c56b4c4f412186d29d50903c584b7065d276 1640785604169 1640785606951 2782
d7fe77a6392a2a78ef369a394592bb6a0b52d210c6444c97d84e0cb19dca1191 1640785637515 1640785640731 3216
c6309ffff4f486110cf1246ffc01b096f64a69ad4f8a9a600e5470d30bc839de 1640785670569 1640785672771 2202
c21be504d6aacd4533f6b7293d2310cdfbfab0720bc74a3f3d0c1509dc5e95bb 1640785703368 1640785705639 2271
c6fd9ee14ecc1ddae786d1e659d6641c43b38068b57f1f79e9f2cd9bd3f077a8 1640785736132 1640785738971 2839
fd429f3bb6c84b211010cc662c2838ac45bc2ae67e07059b380d648dcf2b5e7f 1640785769130 1640785771974 2844
35bc45bc6ff17a29a63d14a92467d6e744c61ce3281925b532358c0fa763e7ce 1640785802454 1640785805454 3000
36aa0a6801529f65049ba8aabf2843795ef4e80609274df5cb7e1fc970148a08 1640785835217 1640785837424 2207
aca131f0dd4469b71231a15d36896b1cf7c0aa14f0d6b8980caac6df8dd62598 1640785868312 1640785871161 2849
84627f6646a95c92022a1ec06e8d646526c585ebb35828978eddca683db28c12 1640785901447 1640785903411 1964
f9cc5131df94dd7879cf170ce08aa8ec3254b4cd0527a1beb5953f81e3a7c62b 1640785934411 1640785936515 2104
