78b431f27335b8e6979f4e114a021a0c269ffa2c756765c441cdfde0cd13bdb3 1640785308376 1640785311092 2716
aed3ecc66b1a003d9a8c028b9190f707cb960ce39b2cf17681ded7abe5b96295 1640785341483 1640785344717 3234
dde9e778544abb98dc25b77818c7fd6df3cb6523cb18f8445e84033b91d7b083 1640785374459 1640785377415 2956
8a7fc63cfd65c2c928ba0abcedc297fac56e427895d98b1ab0dfdd1b810a3f9d 1640785406931 1640785410019 3088
1551118c36cfb70cd5a6ec73c198219df64dcf844a58702ecd0ad67c0609f2d9 1640785439810 1640785442389 2579
51a07e25cea120e7270eadfa6c777f538c5ae090c9b6b7c2d0c7b822e84cd62f 1640785473151 1640785475859 2708
01b47b7cec575584dbee9ab97c410f56da494d7e8369045e8c01e13a956e9fba 1640785506457 1640785508868 2411
2ba194c2d1196222a1cac57f717a04d9ae3601267ebb9b0f213460f88864eca2 1640785538750 1640785541805 3055
97f460a5743ecbefb4b008ceee35899573f75f76eeb008ea8efcc9b5a3ee1c7c 1640785571488 1640785574194 2706
253d284462855813feee6752e50498f9d452ef1932dbebdc7f90ba03f6bb3f36 1640785604240 1640785606986 2746
948398a8d173c3682cab740e2eebfad66e47395acc69e154c2faf89eaa7108d3 1640785637573 1640785640148 2575
93ac9515f071e8b97d8a1bd586d0a99558e0e199a99408eee3c68ea0c33e6616 1640785670635 1640785673734 3099
3e7fd14db9ea75df6cea21f14fa539808dd13828529dad3eb5f08a680a2f62c5 1640785703454 1640785706142 2688
a0fdd85e25af29d5cf9181ff1a032ba60c64c508c48a4dad79e1eb0ae37ce41a 1640785736214 1640785738998 2784
9f0de8fe495a68b18e62802ccd495b24d256cd276919673c2d1a70c9bdc6971d 1640785769197 1640785771946 2749
0e854bd2cbb090fd208065ebc688140ab01674828ea951afe87b61106c1a1ff0 1640785802536 1640785805463 2927
4162346fca48a65ac0e448192e0730c2e7e011521ea872c61475a56c92b2218b 1640785835299 1640785838438 3139
39e1ce9c7b625eae0182088ff03ebebfba929fdf5e9923b46ef27d95a12e2215 1640785868409 1640785870683 2274
f27064c381ce950aa02023bf96ffac3cdeb228e2ffc5bb88f4767e15f634b275 1640785901542 1640785904518 2976
43241e6d86efc2861a8a9d831879e71717d05d89e18a6339cca5126c88f26f77 1640785934490 1640785937397 2907
