f6d9acd76a12f0c89cdc6c75b71f0b3df89fd6acb940f14494689439d2b370ac 1640785308306 1640785311117 2811
06deba3ba282943b175d450d5afac6230051507ad4e3c480d0e7d874fbe148cc 1640785341400 1640785343269 1869
2c92710877048a037594dfae906ed520bacba76b795cc7612a5567b6976a762e 1640785374369 1640785376150 1781
b33c1cd25e5769d840a7e59adf2c9de7f17384094e96d10ba9f90b85539381f6 1640785406841 1640785407456 615
1c76c4f9959a8f0416fbc4d0e2ea65d8cf1fa435598ae63bf02aa047f7b95bb1 1640785439722 1640785442440 2718
0d3000bd576574433f553832f05579d3c8faee5b388571800f7fd490ad04870a 1640785473063 1640785476282 3219
b02466d1129bf897b0179bc9f4582c7ba962a6b18f6d57d13cd2d86503ff14ac 1640785506359 1640785508226 1867
c70b267acc163dfb81ec02e93819b10667ab4eb4a4505c5867ca31f29bb6a305 1640785538664 1640785541811 3147
21a56fab66132083ef0b5a42ebf6f172d0ec2329591bbde177a5b7932148c63d 1640785571390 1640785571976 586
fac40ffd6dd1a50ef2b1471b8163253511e000a84ea4ec0ef7617fb24f75e3ed 1640785604143 1640785604719 576
e4eb85d5330ef3d7a5dace9ffaca5575af2a1cabd004f56007be050ba5ac5990 1640785637491 1640785640223 2732
481e569f81531188f2034d171e0056c3341c6f1f4114e9ffafa1c455fd2dcade 1640785670543 1640785671166 623
254455f942fc98e031f768e4c6ffdbb3420cd2e4ceeb38ad29728ce6c3e2102e 1640785703339 1640785705049 1710
c26c2deffba66e91dfa6071863c78da463496261bcf94ec706c01e21a98a7ad7 1640785736107 1640785736783 676
79d3dde7675d047cce53398e66185b7294041beb4f331690caffbffe3c82177d 1640785769101 1640785769714 613
dd02459ee8cd8fcf1132bd0fe8167011cc78bcc814e857a2cfe45cd402231254 1640785802421 1640785803012 591
25652f9aadd60de6374d9b91534e889f608c2e298110690ea3f5aa89bb7cc056 1640785835187 1640785838444 3257
8cf8c80432a50caf2ff9667d912dadd0fe3b59ddcb946b09df5dda115e0d8d59 1640785868277 1640785868827 550
506a0484e23130ba1865efaf86199482cd9a3fc45c1bb9a38d150c0d92aa525e 1640785901412 1640785901985 573
ab5eaf5e7fbbc776fd74bfd9113d51d08e92634c69193abee899d1b7a8ad9101 1640785934378 1640785934913 535
