896d03d6f7559ee2e0f2fc647d3dd011fdf61bbfb781179e629e78ab936717ba 1640438440210 1640438443084 2874
8dd2a15bc082e38df28ee2891a2046ecaead0a3fde189134f36873c5eab4341a 1640438456814 1640438460078 3264
1dc33abb10e456fee53d637b3a83fd6e820707b81df0349654df808feda7e2dc 1640438473346 1640438476693 3347
460eaeeeafc5c0a002535d1ce552b8bf572379ab5fcf3abb2552b30d605b868e 1640438490158 1640438492651 2493
91ff40217e7cac70ddf4775a289361ef6ecef783c13ae02490acbf21a01d21b2 1640438506840 1640438509637 2797
fd4b93d2771f2b3a535f6f3077148b8c1c7e1d75d65013fae1fb5e0fede87ad5 1640438523495 1640438525576 2081
af81bfa16d7f3a0b46d377c80673868786d5688aff6ba118a7550b39ecff5e3e 1640438539919 1640438543320 3401
fa131e0c65f0a2958bb962e0fa2b029c31d065a8c0e46f60793504159fd8c651 1640438556778 1640438559631 2853
74f6bed83853e572196553e731b3fb86b551a907cd57425b606af521bf4a3a69 1640438573396 1640438576847 3451
e838e8cc54815582368af135b5ca0c4afb2d5c254bb514c44988c0286d7643e2 1640438589911 1640438591959 2048
9496574a2f387c5fa4346305c9fa48739a9bc35c269772669892ddbdd50e9a85 1640438606626 1640438610205 3579
f6f4715ef13dd40c803edc8ed98379fb706e7b021ae9976e09d6d48325939c13 1640438623566 1640438627094 3528
eac653e413505a21147c0ee3bff64fc1c2f8aa8945055bc7abdcb1f0c33de92d 1640438640129 1640438643393 3264
84c8d5dd380dbb2c433e590f04dd0c07e0b485f9508575e5584dff2d67e9a37f 1640438656751 1640438659269 2518
578b7ee6eb72195f138ee52716c46910da4f6708ced5a0bbe04dbd73592a7ff5 1640438673266 1640438674949 1683
a2d08c16c9808f7d9c6384ee296b6df8075686c561338fa312bc565778ac8e78 1640438689854 1640438693106 3252
42125b58e628c5d39eb5f82e6dc6758e6cf7af612375265256e0eba6f527cfc1 1640438706667 1640438708880 2213
4c2898145f8fc3928a665bc593c8f01ddc18a5cbbb04f57f6256d522d00dcce2 1640438723578 1640438727167 3589
34affa520ee3a02853fbae8636aed57d42922c85f5694da5559b9500d7e69896 1640438740259 1640438743773 3514
6610dd611153b8743ed9158aae7e7f54f4af5d6ddc7c51f8ef4842935c4289bf 1640438756892 1640438759091 2199
0d12fe87b80e50f40a88a1eb60f72be06357eb2e2f67ba2c226227e258a48330 1640438773543 1640438776156 2613
e6272a693829cb66f001488c0ab883525aa6002968d55982f1b310bab68e608c 1640438790328 1640438793386 3058
83ed9fba4dd2d4307aab1e8979a716cdb9487734cc828be003c67b3f42853a68 1640438807063 1640438810629 3566
7f6ec355ea8fb5f99740156ac56de912fae765b451866251497be48b1946654d 1640438823739 1640438826388 2649
4c8896eab18e92ef4707d66157342989c3a2fda21ca1a20ed07f7e5bf02f0321 1640438840185 1640438842630 2445
9ab275127c25bd81c3d60b733244e513e2456ae301bd69209f8a83d434d23718 1640438856948 1640438860499 3551
477e27009c46684e492450b2e047e4888c95d780b0e9cfa711708586ce75b42e 1640438873592 1640438876427 2835
b1a7d37e0f4880a8af46adb81cbe00be846a56034a8b89b9a74ee61ee2572aaf 1640438890051 1640438891776 1725
d746b84958cd07ab502c47c976750da63b259a2efc165a77a2377f0be7be4552 1640438906744 1640438910347 3603
e29f1244a1581b5b099cf544395a885b6af350441abf52ac5e5a316c303b1fd8 1640438923390 1640438925175 1785
8b1c88121b9e81553796a308d157307162872cf359d2c436d4e8591ebbc87d28 1640438940238 1640438942528 2290
c1269bdb46d026540979641054a4ba13bf75e2602e5e0bca4e3dd0c1287130d5 1640438957093 1640438960340 3247
6bdc8629a48b16d7e66d8ba6a14fc2ed89b62298d30919b472942fe30fca4f51 1640438973768 1640438977375 3607
c6d0e61397a3962310bde3f5d91b6ba509e5eae1aff041d89c1961d04349d055 1640438990493 1640438993328 2835
e44a32b5e1908091cdd270b2e1a0e4964f67166a7ec657ff2cb5f5f7419f1203 1640439007601 1640439011138 3537
6a356c52cac7a8c734bd13b31731b3d1e79aedd739d241dacedb7d91d0a3acda 1640439024232 1640439027012 2780
2fc0f2978e11e13d46f7fbafa8c71b34319c70e13fa1f31b8c0cbee0978154f1 1640439040747 1640439042799 2052
346fa287594f60d775e5c4c7f1f798b529c66f2707a8282c55dd361180ca029c 1640439057631 1640439061181 3550
f5fa6887fe0a55c8aaa82f55bb98a8eaa027b27a4b517c5f25d5123541404526 1640439074408 1640439076730 2322
70450cec79362e5ad2576889776dd8ab99ec85914d2bbaa2c3667c02b61522ed 1640439091121 1640439094747 3626
91dfcd8c17cbd1da82fe1babd02d364bcfc2d8222dbecf3f0a41df510e1c3ba3 1640439108088 1640439111075 2987
e8c96bad5dbd6a859bf73b1a3d7a353537316b03068c3af1450a6be83911bed1 1640439124724 1640439127164 2440
eed6a325f188ba0fe060751321846f3be0fbba8406a824e753f64283192a051a 1640439141428 1640439144624 3196
20ee3d54330097697321a5dfce1422972caa5298d72faec067c3df26622680c8 1640439158211 1640439161314 3103
0700b61fa33cd860264b947cd18581bc5e032a180286f7601c129265dd8e88f6 1640439174945 1640439176827 1882
e35dbc6f0818410268040b1b9dd0cf257a1356bb129a1a32f7e94f2ba93b12d5 1640439191475 1640439194174 2699
820be4d2f072caa327b76893fedd3615ffb6bf627c9c975864be3fdd8b934768 1640439208643 1640439211379 2736
b66027105f1aea423374de49d5e454f3016fc1386fae95aaf1038119b2b259c0 1640439225347 1640439228511 3164
ada49194397af94b5d28c4d623c40cc4583bea21238614235d25543a75aeba22 1640439242157 1640439245320 3163
4262547dfa508ad995832ce3755758693cdbe1a9d106df35384e700840404537 1640439258844 1640439262373 3529
