ffd913355853577c81e1d980596c4122f76a4afda8c18f46653b98cbcd238ee8 1640438440214 1640438443654 3440
cd802264a90c440dc2a9b2acb65306c65f34721141597573a1257f8aa2dd2a0b 1640438456817 1640438460205 3388
a667f2bbee579efcc4e19e67297c0c48e72de8a1c757a168578d320ef75b5b83 1640438473348 1640438475026 1678
bb5989eb4637efd66288cbf9924007a6c75c02dc6af213feb2db42e0d24caf73 1640438490159 1640438492570 2411
140637503b9f0d260c699bd1d65d7ce6923929d5df4d16597f148a19fd3b66bc 1640438506842 1640438509051 2209
c2e1a598968735f8f740c77bcca119ab3a3c9412d10ef109f8843b883b0f59b3 1640438523498 1640438526071 2573
3091d973dfde409238c568e10ab1bbbe9f57fc2e6794c36885c0fb924a52d180 1640438539922 1640438543429 3507
4e87de9416b9565e166faf5509c53e5b9889081326a9742d5a683c0390362a9b 1640438556783 1640438559323 2540
88598c1b899f58f4cb01f91b74d41b7542fa39f48a5e9658825d5b59388cce60 1640438573398 1640438575887 2489
efa01ecf075ce6f8cc2c1a89c595fb1de101819e985f597f60de8b006df389d3 1640438589914 1640438591650 1736
aa4fc2d70927935d7ad663aeacbf0cf48bf395749722deda93b7af8f1b478c92 1640438606628 1640438609335 2707
169e8222a8498e2f4a94f9ef4f25a75f9397b1bf5b39360b03c7534b67999bd5 1640438623568 1640438627095 3527
d022a4cb72ec4f36d2019a6eab181d966c24169b5f2a4698b1b3eef33d897934 1640438640132 1640438643392 3260
59720a4c37dd8ada0c74abcc54b473383c05fb5c98075cea517dc083d90a1ec4 1640438656753 1640438659381 2628
4667ea26039845210549d589095eaf9b559c318c818f90421b538e8f72dc0d28 1640438673269 1640438676788 3519
3a4fdffa8d78b2187397a8268ffde60c298eec91ae03e76c5c7554ba7d989cf0 1640438689859 1640438693384 3525
cc411e33f450c16c9b2f316e7f8b491fe91d110e0663988057270d3835542de3 1640438706673 1640438710258 3585
d70ae1a884c747a90b970398ffce90221a2ab8ec46184a71aa1d289b7633f452 1640438723580 1640438726597 3017
7c3fe28fd870605dbdce7b1c49c1c8c402785ea28e35ce9e501f18633351eb76 1640438740262 1640438742710 2448
6e404d9ad4c3648615a927e1409cd0fdd033ddf944ed5d6ea178a49207c38997 1640438756896 1640438758804 1908
29be81dbb4df62b58fb3468a20fcf4f5e2d3cf56809e13d03347984aafb57bfb 1640438773547 1640438777156 3609
56f8047d777e4273345204ab789987678dc57686c52a86fb609a3da8b13f7973 1640438790330 1640438793073 2743
5728c381481a73acd2739aa26bb10c7d42f00edf56f0cb284dbcbe44246226f4 1640438807066 1640438810628 3562
bacf9dda7bdd53a7614df0cf823320646c817343b668b73cb197536a3a0d1caa 1640438823742 1640438826773 3031
6a7fe0ec632507c191c9f09de7f2b18fe1e5c5506719f9a517d65bf696ca7b3b 1640438840189 1640438842710 2521
781a581e9f6940c9c779229fb9ee1fd85e5a14f3b1cb55ea50fdb785fa1d79f5 1640438856949 1640438859684 2735
927ec24475fa76cb2fee7fdd0f07377f70d6370614d6927f372f1bea656acdda 1640438873595 1640438875603 2008
ccdad6b3bcb564606616056b0e002ee8d3d06c89c1bea25d7c925391d64fe586 1640438890054 1640438893469 3415
abdcedcf7c43c1ffd0488fc63872db504f4255c6cce61cbae2999442bcfd7ceb 1640438906744 1640438910348 3604
b1fc10c51979e70d7cdb2cfc0622e8c5b53e0f805f2cfdeb97ef7ed6c222239a 1640438923391 1640438926686 3295
6dfdcb6c4a53f0f801811ca97b2a21e496b66c5b8d9fd9f8f5fb1c8cbc2e36ea 1640438940241 1640438943814 3573
bf653b15d54ac508d238a52926e18f7f8ca86f19a4ffffed28683a0fc324d83c 1640438957095 1640438959864 2769
7ec8605c2de85ce01ceed9afc2e7d1aae38ae0dc97d1da7acbd4d7c9553d4f27 1640438973771 1640438977085 3314
367a309bb75cb2338aa27c23026f9b967793aca7ba37ba8438d45285502a7e34 1640438990495 1640438993677 3182
2a84fe9e8f0e94aaf4c72643ba6e12b4128a15c5f39b0dea94b4be152288b07e 1640439007603 1640439010628 3025
6ab836fae73b07e5a019e7a097a4f0b1ba5d00b8a8c6a333557538075d6fdb5b 1640439024235 1640439026962 2727
1781d9451da401915d7793072b093c9c6b5ed0f88b4fd762143c5fe7730ee7b0 1640439040752 1640439043555 2803
9672d87e53c15e2aa9e370b8aedc29cf475e363a513d690cc1fd7d666c47e356 1640439057635 1640439060577 2942
9da75fc696d8b31dda25eab73c52197f559443f8ed06e74ff7348510ff94c82a 1640439074409 1640439077953 3544
f4e525a2d10d08752e3cf97c1fb441f4de16eafd84aaaebaa46497c58ca68005 1640439091124 1640439093723 2599
cea1b811a3696cc619a1999870c757b6e5ca9145f4c58fb8c34db0f3092053e6 1640439108091 1640439110654 2563
280477c0c683a314fa198e164941ed2eceb84b13b325d1789b3fa5aa4f91a435 1640439124727 1640439128171 3444
6cb4162dd4c39b43a3df3ed1f6c46fcacf09aa8b8a7d159044f7992bf945be4f 1640439141430 1640439144594 3164
599df85f26924f3ea6edc5f919aa0e3b560f246413156be1066d344398e37ad9 1640439158214 1640439161047 2833
367e5a8ba61f81dc31d1c89e37a1a5c8cef23c092e67a134a6e066bd4309a51f 1640439174946 1640439177230 2284
9388699beb001d6ac2e069b2200cba42028e44744c5c9570ff3180b8b8214a67 1640439191478 1640439194274 2796
720fedf72b3d175311786b2c4beb79cb3b01947c94e54a0e66248217251efe72 1640439208646 1640439211647 3001
657d6967a70feade08ecd149bf057b3ff6dada3fd7377c7222113d07a869e556 1640439225350 1640439228628 3278
59b7c47672fd25465be266492825e8e60a21065e9cb51e82d9cca941b4cf6723 1640439242160 1640439245748 3588
4c5e2483cf9e78de35ee93376fd2a126a9049bd8e6d79364e008586240ea4c5f 1640439258849 1640439262280 3431
