ec196df9b93c9f232957902403af2489386d252779177419dd204df2e07cc09b 1640438440199 1640438441163 964
d1ebc1f6fcd09e1e2a3d042bb73160c1a9334afd2ab12fef04e11518b83391e8 1640438456804 1640438458095 1291
7ba4fb76fbb7160c001b30688e8cafb8b2744544731f2763eec9d3785ec91dc0 1640438473334 1640438474134 800
406d454cf1a71b8647e135bb79435597056c99e363fa860b594d5274d876018d 1640438490145 1640438492510 2365
9c20c0f5c84ac7580ab32955afb8eee8664913ed526b6e5d6aa9a1e2abd8edd4 1640438506830 1640438507842 1012
51b398cf61e717d5e925add940ea1a1d5c4fbf907b6e75db0126a0170ee68245 1640438523482 1640438524446 964
b384091b1025311407f569cdaa603d59b287e3e6b5e8bdeff9e4ee23066eb528 1640438539906 1640438541887 1981
a52e1ff0f91883587152701cb686f5c8eecec495602717cedcf70f071a78f14a 1640438556766 1640438557847 1081
9f2da683554ec4b3afbb23396ffabb800b4f4d08d6cfcc003265c933956ff6b4 1640438573385 1640438574777 1392
0e79248c7cfa578f73792805bddf598ce8fb2ed844c8ce76816bbbe5c1b6026b 1640438589899 1640438591845 1946
6c338fd0057ee2bb7e130014c382c8c2283c8fb75072ba0d3de5c581712b363a 1640438606614 1640438607583 969
fd00da333b026f63ff4820b5fbea52b6efb6b228bbe6e2dd64458af744fb45fc 1640438623553 1640438625694 2141
07390cb3dee5e0f7576c91e9fb025145e08e6d88dbf5ae9ad0eabb8314342c8f 1640438640118 1640438641282 1164
8e10efaa3ebd6af68754877c0b152a4c7d93be8429c1355fd5026055666d1d57 1640438656739 1640438657963 1224
ce664470b21cbb1348405d76f24ad22bf0562296bfb8e8158444b90823682545 1640438673254 1640438674522 1268
7a01e3ee438a94d76701f3df5288efd2d596726561214d02ea195013001b9a2a 1640438689842 1640438691256 1414
1db6d9d6a5214b3b60d9af87b6b8f7a849841fd50d3870c93af0251531269077 1640438706657 1640438707731 1074
3c3e11205b1f0a5ddc94ebe09c0ad2ad46d87b22e9877f91764c781973b026ff 1640438723566 1640438725138 1572
906747c26f08dce5f6ce5ff35fa47684ed29bbc0dd3b6ba912d25cb9ee20740d 1640438740245 1640438741796 1551
d44a84bfbcbffb7e8c5e3beb84ad1e0cd42792e55dc9d4e9a0d3af832f423d6c 1640438756880 1640438757699 819
45b6f6c704556b1856db0ad8fd818fb49ce89f8f34998b2ba119164648b2ca9b 1640438773530 1640438774587 1057
c0ad9908a138926e848c47b6b8dbecfb44edb27f7ac15f001b551f5cd68c75c6 1640438790314 1640438791461 1147
f1c11848bf195f7178e6c738b2b225dfcafde9234d4cdf8e0e0f798886afb2a2 1640438807050 1640438808416 1366
7bab4fc8348766e2e32efd4d2b3cad429ae36db4fb7063bba00feb70084844c7 1640438823726 1640438824975 1249
88ac8833efe95c19fcdada6ab4b3c3dacfe9b91d15354bd2ef843f659ff4b748 1640438840172 1640438841434 1262
8e792106791514c617b86366fa958cde81c4a117b4012e373b6b8afc4ad67f89 1640438856934 1640438858224 1290
0c5b48075428f6bd51fa4be5bc212a94f8f89b153ff10ed1acdda33d139713dd 1640438873578 1640438874918 1340
aadecc75e3fc681cb3e28bed457199c0bf3c32d087f7001266800a4ffa4d65e1 1640438890036 1640438891568 1532
fa1ee67f3fd099221e7f7aa6b5a784ea8dc4286c3cc234c1c7d9c0dad1477f23 1640438906727 1640438908472 1745
dd682b14582ce20fa2e01b461a4d126a47752f37d9b208317a5fb89797215766 1640438923375 1640438924951 1576
c9cc72583f2a7f5ed95fd35cad3e6ac78104184f0eeac7f1c63211916d738efb 1640438940224 1640438941451 1227
d1aa1ead291a7679277fd07f658f6710d6f09440dbe6cf8ae79a0ab6a01c4396 1640438957078 1640438959001 1923
d6853a2e78f45ee4051c854223f9a3ab6211c3d5185aba400cd273367f792be7 1640438973754 1640438975030 1276
95e9bbea984f9d74540c186a13d9630fde1ef59d9d95e182842e21c25b4a19e5 1640438990478 1640438991526 1048
f80c80d66eafb57fd1e6b9b3ba92ff6c6483a98587b212a0150e8e5a50168c4d 1640439007588 1640439008793 1205
e0654e5e40523ca94086ccea1139b90e9035bfd042cd062d183c6fb1386e4964 1640439024216 1640439025251 1035
94ff774468f4cd79047c016c5707c29c5d4189da0edcd00a9543e1bc0b063f8c 1640439040734 1640439043106 2372
53577eaabbfece6bcb1806c53f73da9f879a6ea5fbcc73313a535cc9eb3f9083 1640439057617 1640439058515 898
60005a76ac487f0d36d7bcc6c456294ad00186ef58d0c769e8c681a148e7b4a2 1640439074393 1640439075277 884
9d998e4e7453033acfd4a8197f59b305550d9c6b9674e3566dee4e07ce4574b2 1640439091106 1640439092285 1179
020e2bb79ff7ae314eb5927a80b6be6a55c13ddbef32f423318999b804d9fa0b 1640439108072 1640439109253 1181
94e08978562dd42013de33e14e5f14bbf76a0505914bd202163aaffe1a99a8ae 1640439124709 1640439126161 1452
1a063d1957585c602f9de3d095336f93d8018193a5e47789a2b1323bc0ea87dd 1640439141415 1640439142955 1540
b90c172d46e171fd0087606f72cca2493b627ba4bf59f41ef3f01ce50c19552e 1640439158197 1640439159811 1614
fdbc710484fb9d31448f26a7b0a8a537a94a9d11588f3cc9cf38476854fc4033 1640439174930 1640439176481 1551
2d6b02fe11b2b283a7e84a270991f33b3d361a5a3f7030965dc77169c8406b81 1640439191460 1640439192769 1309
ce97ce71ef2c40bb00e3a3d4452e38df6a2b0cc0dd6c5129efb0296bd768c4c5 1640439208628 1640439209425 797
b55cfbd469bce4b560320e332528217f248f0bd33c29c91ea0ef52eb3340e728 1640439225332 1640439226810 1478
24e139e0bca52f5fbd2c2a95b526900122c5df4051b90b76b8f85f5dbb1c4953 1640439242143 1640439243251 1108
e8f820977a810e903b4b9eb0f4d788fc3293be22e011dafb2b8fe4adc2d02d9c 1640439258830 1640439260482 1652
