6b0772a22da9d3a1899eeaf1c4aee90f2dd024979405db73f65f7111afb4a2b2 1640623865598 1640623871398 5800
5af799b2efee6579133e2e899dae1da9656af0b9c0e6923f8580fd31804d33b4 1640623892843 1640623897967 5124
165399fa6f957e9e31a449ea22955ff7a9047116327dae4661bff140b4365042 1640623920270 1640623926381 6111
b905e44a5eca1d0742ec004c609728c725295ccc8cea97882d4120c301a7e235 1640623947458 1640623952456 4998
0f265f783cc0c1ccbb4c5201ce0616595aae9fcde0207c4b0f6af1a20848d886 1640623975037 1640623981521 6484
095e657676a5aa3ba9e2dbbd6a30f688106a6052a30ee8c76c0fe5b4fd3e4e55 1640624002670 1640624006431 3761
e6fb16c80351af5c2f5ee19b260d098fc4d68928ef9cc8af7cf2a86a24a0f9a5 1640624031113 1640624035508 4395
cee1f2f89f19268b07ac217c44d7433269c538d44fab781d81cbd911b8048c5a 1640624059349 1640624064209 4860
17b0fceb3408a6f4c3f2c144ad5a95e60f0474b47ce8a8262219b589b13c3404 1640624086912 1640624091739 4827
e67b5d897ff1d8d815ff8362e7f559f8b75594e06c24aa479e2e6f711127205d 1640624115453 1640624120266 4813
64b0eb63dd2f8c8d995d706071a5dfc3e162e45e50960fd315334f9294d93656 1640624143077 1640624145437 2360
e2f62570667781e92b08b60f24e7f71d115cd42453d372c60e673717e35131e4 1640624170996 1640624175097 4101
308f29cac3d5dc19958c8094d64dcf4adb3f96db0ab4f6c908e404045f14cdf3 1640624198693 1640624202987 4294
43341fc02a1acf79fa5daf68c239a56bac11123ae951cc4c4ca06ab5ea1b1225 1640624226740 1640624233616 6876
3f4818a7097dc7a3778dee186d6878b8303b8f12d5fb16637b24d6d354113ad2 1640624255068 1640624261257 6189
d974492904a7a64670d530e154a2cc930bf8ee9988d252ae692cb242aa9b8c52 1640624283583 1640624288250 4667
007573bea28acd87aa465bdac5fe0fae7fbda94ed34c4dbedde71fa7f790af8b 1640624311048 1640624316501 5453
3581aa5c4d101d87b5314b2bf46d6eaa4812902766d8884dd43003264c83a3ca 1640624338780 1640624345213 6433
325c0735753bfbdd0617009c3de5b64cd50e19f6a7e6e5e005def0e169cfdc86 1640624366729 1640624369971 3242
9488e0cf0dbf2760858cb51da813850f28f78d63ea3ce3dd26c6f5ae6a6b82b0 1640624394763 1640624401638 6875
