db90881daa2552e86945b862e53ff21f0fd19989348ec533da05cafa6f0a8473 1640623865601 1640623871093 5492
758dbb65da3cad36dae8d49b9bd6664e37fc1db1cb6ddd99fc4f3ba3dc4761a9 1640623892845 1640623898501 5656
c2cbc6d2c7826fb85a17c5f1896a179b4ab53e92eef61bd6ad842b0f3063a8ad 1640623920273 1640623925236 4963
de7c1bc71abfa1c622b940419e5d3bba489997c371931d15f305eec2b82ae9ce 1640623947461 1640623953919 6458
749c5c09dd4f8653034fc21986e839613eb2f1998aebfbf2de7a328c46b12466 1640623975041 1640623981518 6477
f5d708619db8f5b512fe75eea91614a341092ceca672306052d4a3a00c53f8d8 1640624002673 1640624009274 6601
ff06ad3018d55de5158ef3714443abd4f8dc740a976573492967b27eee2fd9df 1640624031116 1640624037947 6831
77968d70aff6f86e52015afdf4c032fc4b40242f866a3c211aad4bbccfa46992 1640624059351 1640624062867 3516
827a0072b7ad125e961a2531071e35ca54c207c2bf898a12586cb81c943e32ae 1640624086915 1640624089442 2527
cbd043c0e43768813a34ed921177ee76dd6a4b60635f84a1cb01b722f5d08f82 1640624115455 1640624121823 6368
4add3f97c28544f61a7570997cc5a8c299b24c11eaf5cde883cb3ea055d3e525 1640624143081 1640624145559 2478
cd920b7bd5cb2d1d47239a54e74485e65fed3a08834ce578f44e860e34bfe05a 1640624170998 1640624176595 5597
a424e2e9a78f54c5ce94bf4d9cd9074826838542b30cf331250447aadcb48868 1640624198695 1640624204201 5506
e239184c3c350a0bcc37857a2afac7fe9e908a0fe063c9cfcdde274a0b581932 1640624226742 1640624233593 6851
76c1471d01adc14d6894819ca5dc9eade23d9fba46877494d97b8f01a606bff1 1640624255072 1640624261823 6751
e74f66de5365aad188fedef1f87825d11f4f9e885367d65976367d3767742c8c 1640624283586 1640624285983 2397
b8491885abc7723c7d64e9d6f42575ef2940eef20b5008c40ebb33661ca22875 1640624311052 1640624316397 5345
7f9b3c2fa92cc3be80bb67649e61e4b306d2d95677ff26de81ccbeba878af54e 1640624338783 1640624345554 6771
f8c3c73e9469a919a4fc78ca8c917666d0a66e481ead79452cf875c835219212 1640624366735 1640624371475 4740
f93b0c60448ab6ee401c3af37a53fb106b4836d3541ab79e3c4fe6e2f7234813 1640624394770 1640624401796 7026
