5b587225ba752201f2c3588ecd6d3d78b351298699e43e88afb043a3b329f380 1640623865604 1640623871432 5828
df601bfae7c0739bfef3a941d254ed4c2064d7880705ee2ead9063c6b9cc44cd 1640623892850 1640623899407 6557
bc13450928bb106fc87e94ca97127d23725d37140b13d9f2c663afbba57c13ce 1640623920277 1640623925362 5085
b5a4b6bc3d8d556a68ec97e016b7d6d88e6b783f6bf496d58832b0745a8ba785 1640623947464 1640623953873 6409
49cd444ab062acfc08d63840d8de92fe610ae59d6aae3789456e3039c6d253a5 1640623975045 1640623981574 6529
48a8cd68688f37c4fe589791d263fd52b63dabb6c79e1667c4167cc3eb8635a0 1640624002676 1640624009532 6856
89c4c96117416884e7c5d22a2c9d21822dfbcfdd7ba1335eafecb7cdd7d14711 1640624031120 1640624037934 6814
470e11cff90f846d5183050900309c36e7552da768f509d9d756e9a5431b2eb0 1640624059355 1640624065365 6010
e15e21f99cbbc1395ea5c53da4cbbda94694a7b75252e607cad2c06f230bafc7 1640624086919 1640624093366 6447
1af89dd9b74752a69adaef24bdee4a6ecbfe06ea56bc429807549457bab815f5 1640624115460 1640624120158 4698
015a8cb167fefd8aa65a5106e4b0988f889e217a5dbd659bb46cfb4c5485e88a 1640624143085 1640624148504 5419
f4a8fb4db2fa96d91b55cff985f93e4c00e8a413460348ce1fdbd0150ae69fc9 1640624171003 1640624176609 5606
6866dc2419bcce12dfc54d5a50a9d583b64fb42845059a8877a302f452fc74d7 1640624198699 1640624204693 5994
c491480550ea7b912acbe9a1984736346b709c4042562d2e2b9691faae84f699 1640624226745 1640624232725 5980
fea4cb9def5947cd6e8101a0528859d950da083790e4ac1838c92a53d6a47293 1640624255076 1640624262081 7005
9de2aee649903858bab3dbc997269d76eb92474b09921aee5d5507407640d648 1640624283592 1640624287898 4306
028b447cb00f425e175307c45f414cf823ab612b97affe47786a9d0ca76647cf 1640624311057 1640624316490 5433
e4df82c6f3a560e24ab1f888217924228f5c29c782e218fdf9ebbfc06e47d2bf 1640624338788 1640624345532 6744
a6173fa7f6a06bf96a9feb7ba8354fb15e9a8e3ab3a92beebfab84dcd07acd52 1640624366740 1640624372458 5718
ea771704faee954e48a86a25fa9f7eed1a45197ac4ca541898220aa14097f392 1640624394775 1640624400719 5944
