bc176c46fde5e1df453ba28f5e17b9e8ca34c8277e71479ce647efd3dd1a197e 1640623865609 1640623870895 5286
356b3f49d592b5e0e93e55403a6b705aa26b3b5e16c12f821307353e4d3b6af4 1640623892856 1640623899347 6491
f61bb7aa5978331173bef4c9a0c2e0f8b84d3f5476193e1d7a6f54bbd9173f74 1640623920284 1640623925186 4902
e4a0e73cecd2b8ff62d08436145ad20d83bd7641f48e1caba81445a7caa83891 1640623947471 1640623953492 6021
6c5843a071f9ffdc797491dbd23e8182ee1a39340aa8fc71c1eb24b690575ddb 1640623975050 1640623980341 5291
efcd9eeebdcfa230c5a8e9a2b9169ad576f5386fee9273d24ed5aabba5c83d1e 1640624002686 1640624009532 6846
1f45c5050de8afb3724ff4777ff5ee4da541d6669d6845fbf84df1476cbe9131 1640624031129 1640624037950 6821
62558ad71bf5ee693c90014d9b08b94ead543b86074270cf6ecc48b7fafbbe75 1640624059361 1640624063972 4611
2b89e7897e32dd5f5a2c5f826eb90981fa87b9f7543163031d86e5742bdf9250 1640624086925 1640624093729 6804
b6d7154b17de6518c282005f24495d4421448a5a5cfa47e09b765b50f950c846 1640624115467 1640624121532 6065
18a151f290da1112de71f97d08401e99f55b91ed127bbf2d829f35bf136f4af5 1640624143092 1640624149133 6041
9f429fccbe2f2b1e2e82b9ebfdd2fec81eeee7e8fd8e905e26d27844533fea1a 1640624171008 1640624176819 5811
2ffa434415e3a82d18e967d46a90896581a4c9e4c90426b03584769ad3bcd225 1640624198706 1640624205039 6333
62157be55f4e57c7b4c7b1698f369427ce1068476d382cec3ecc4c780d92a79b 1640624226752 1640624230965 4213
abc7bf759ca5c06e8796ee74b896b14b084ec95612157915ab5c1a3239a72a06 1640624255083 1640624262270 7187
d50b6728238e41ca1a150519e9dea8af9158e419f992a0e8709e1eac8a967198 1640624283598 1640624289621 6023
adb65d4c23473210c936ea1ca445082c151788f4b42ced2a1bade72f4291a2ea 1640624311062 1640624317325 6263
93e0208d02b7f5f5a34d571c5aa457651851be53fe6b5782f9f7e69aa6c3a284 1640624338799 1640624345519 6720
2d9a1c6ac6847186120717d5e5dcb4ab20e1efa1a596353d9d4e71bc37479d4c 1640624366746 1640624372472 5726
ab6598b28ee3827e5cd026081022aa43bd363fe7d875a8c723ddfbd6fe3130dd 1640624394782 1640624402052 7270
