3d90608b5274304ee3546a618f3179b4d6b545bbf68f57a5a23e22812a8ad352 1640623865601 1640623870958 5357
a927ac9fe20a54493f0ab8439d70b50830f2e5449a28a41c4ca6958ece004254 1640623892846 1640623899414 6568
05ad5fc51ca998ccdf7f681aff433c8a928bdcdda35b61cd97fdf7ed271b2f87 1640623920273 1640623926448 6175
2180f962511b1e40e4a4c8d3aa7d272a5fa54f316e2bc5232a994241d4becd50 1640623947461 1640623952773 5312
f13ea378770d9c5ccb589cff7e9514fa53b6349b596bdbc358a5ffb8801f6988 1640623975041 1640623981545 6504
89265c56a077a37c41b7c57828cffd8ff7f3d79d5abff4062507f2a8ffd96ae4 1640624002673 1640624006567 3894
873401e833441b3fd56a24d46309feb544b66d11e7dad09d192dbb82dab329df 1640624031116 1640624037640 6524
82df60e968c94b81389cdb933b322f6dfb7d7f328c23e58f335d499893798290 1640624059352 1640624064898 5546
b7e87377925fd2f9216a587892917ef2beb396281ec8f60dbb28b3812237e673 1640624086916 1640624091438 4522
0620fb062c87b3e6427903d88795cb7f0c87e96c4260eac588aaac4c96d1f6e8 1640624115456 1640624120773 5317
fa022dadd589dd0bdd26f7d304ba54c2c77f7bd73dc98cafd8b790e6184d3cbf 1640624143081 1640624149501 6420
891364adacfb3225d29293d56bbd1aed47d011df7f3e1f77ebf60fb1c4a27b8d 1640624170999 1640624176636 5637
16f7713ac9f1da400be3fed644ce84635c004684083fd64f18d46d1b78ff7828 1640624198695 1640624203467 4772
9d9a79ef37d40804bd0b75a91c2cc791e7a46f62c122169e63988b4934da7f43 1640624226742 1640624233591 6849
e8607b9d3fe0e1e9faae0379ba919008b8869c7d149a0dc3b8097760d71fb960 1640624255073 1640624259052 3979
435edc9dd5af3c1c07cbab4edc32c30fed8b046876fa530c9d06460cd13045db 1640624283587 1640624289426 5839
0e65f664a83bb15d69e4dcbdf55149b1455a618a7ba9c3cd5dbaf0f5d3803dac 1640624311052 1640624314059 3007
13e5ab66055c9b361b3a745ba311c2bef31d103d077c1c9d6e7d2f6e5f52e301 1640624338783 1640624345211 6428
86ffacaa802f124c8d568affd984d570297c89bf83a639d31a6a9ba8468dd4be 1640624366735 1640624371484 4749
1ddc9779824612431d70ef85e46a70c09cf273a0a98384cd93807c1887003478 1640624394771 1640624398313 3542
