5e97f91f70bc9ccbad4bef4976c0c137dcbb98fdcddc236039c8cca8df21f01c 1640335854300 1640335854882 582
7f6c4a1ba9e671428b07a3e97590910ded7f37a95745148003b854734f0cb063 1640335856512 1640335857933 1421
543b09fcd4191c414e5a32f83caf69923c724ace3f812f92962bdfa78d8b07cb 1640335859012 1640335859887 875
f7fcb20120e1da8ce1f2336aca7931efb56d9c95f0af4035f8530fa61afa77c2 1640335861577 1640335862247 670
b2ae4710584ab31987533d2fd4e4f5e4a531f35a0b24c391f2b75e2675ee8e08 1640335864073 1640335865652 1579
b3973ba811a4207f8af7b186eed37c104e954f0fc8c03b32cc672d10b1e1ff9a 1640335866580 1640335867164 584
87219186057221e328eeddc354613bfcdf4c7a173a570ee8ec56481eb9fed1dd 1640335869105 1640335870365 1260
f38bd9193e1c3e5877a60db3d795ec1acab3ce1923030141a2ff0ea8c8b24d53 1640335871637 1640335872409 772
4f4e2e593c4ed0ee008f3cc89b20d7360e5e8a0c83cb9f2900560f38001b9d52 1640335874026 1640335874524 498
6718fa77d1999127a693c5b995f49e65958db8054ec0bb18bd9a2bc39c981660 1640335876392 1640335877771 1379
b05de1f9dcaedaf8494ff55bd40264c53f9f1dd352d8c043d636e08d7729e78e 1640335878807 1640335880611 1804
11bc059fd1a12e611e181d7bd2b019a85cd17c8d52a914866cae14570e5d5e4f 1640335881345 1640335882161 816
9b220e211ebb361966d080daa495f0e18c8479372f2ea98eb0192099f1d1c99c 1640335883799 1640335884361 562
c50135bcb77e8377303d89e659f1bb4e4099d5785247a577cf58ed902e81c499 1640335886251 1640335887939 1688
9b9486aea254a6d16492392412e7d6cdcdb9e6e791ee84bb088f1e89dc7336bb 1640335888813 1640335890604 1791
33b0de071c6e6cd73601a8d3a43ab307588019494b902bf338b944b78e0dfed2 1640335891287 1640335892957 1670
eafdf986e5c005f3ad6ea5ace7efb49c8e6d292b38cd139d775821c682d1a93c 1640335893812 1640335894628 816
ae211a1ac25ab04a71b5715b9a8aa58d519ad2943a4de1991c6b246b5511f1dc 1640335896284 1640335897690 1406
106b76edca695a3b71bfe91ca4ba5ad00b040bcf51a0a2f53f1dde1fb4c66b66 1640335898784 1640335900461 1677
a496d982e8e70b17aa8af6428543cb0e403daddee154bb64c08466867d37588c 1640335901415 1640335901928 513
