3c07217eeb04e32af34c1806f893e102fc2e6f89180eb648c5b91135f7a58c81 1640237899458 1640237903357 3899
e6e620cb7549d7d56b2c8a6c35aaa001b7baecfb8515eca600737d07eafd3b76 1640237907806 1640237917922 10116
d1bff92f3263a1338ce9de83fef14bb7114059bdae83f3d869a7bf11eac443f3 1640237924388 1640237934747 10359
5a2cd50b0d08abab3b071f7d6a1578c47068efbb40dd2298efb6803acbae6b9b 1640237936531 1640237948611 12080
691fa0fe5d7f19b8f74a1425481b7af395120e0ec3e1bd00bce7b6d14ea6e048 1640237950970 1640237964174 13204
2b5e5ef90646394fdf598b33653c688f067637cb8e6312be1a60bee26f72ac68 1640237965826 1640237975382 9556
1959f6fc5a504036b47f408fdb380dfcb2b35742d0e7f212b770f307d2e70541 1640237980231 1640237991523 11292
19e8af934ff2a6ef0fb2367a075505317ea034d4de3cfcb35701e02af250b58c 1640237994670 1640238005904 11234
1acc85c5c641ac1304e365964c66fd9adbc26c2f2564ecae12cde32183ecabab 1640238010996 1640238022783 11787
d090027c7c7ce8cad3741d0d5e9e7b534c81f41077fa95b9e86c3d4e21f623a2 1640238030064 1640238036452 6388
f8b2bdb33be1154a649e7df5b8802784815e7c00b8fdbad25c4b7a18092b6990 1640238045028 1640238048355 3327
14efffec5bbf65b9961c5ffb3414282a40798e3a030d3731cbcbc66a914ee605 1640238054419 1640238067423 13004
7cced527e67621604c32be241969805ab2c65f8a8a1b9a55d165bf982f1eeb75 1640238069126 1640238080153 11027
d2769fcadcb6e15154061ceea1a32c18e35c5e2f9e3969cfaf437f8320fc49f7 1640238084308 1640238095942 11634
726282e313c2466835fb5189416a446296d6ab1b1368e78212018fac76489275 1640238099201 1640238111477 12276
fb2ae984155ac59006ab6fe3881b79d92b39b62e126a12c3f79aa401017f3d60 1640238112983 1640238126143 13160
1d6a7712d399a93e800f426478b892fcb8c6519aa2d4e276abf5d89523ac1518 1640238128270 1640238140863 12593
4cf8132439143399860298966ad6cd0226c97acde28b4c56f4477b5f9c3addfd 1640238142579 1640238154172 11593
aecb3aacff19af76bfa10dfd581cac7b61c10f3e7367692a90eedfe5a0f58c81 1640238157854 1640238170445 12591
8e3e3b03ec3ab385c3ae9c66b4e2d9a1758ee770558180ca863b71ebe0851dbe 1640238175164 1640238183664 8500
7b4dbe97cff199f8549c883908f39ac201c69f53643ffdb9d870863ef2293f08 1640238188259 1640238201383 13124
b58073733916532de9fe4856cf46a364bd1b24f8303469c713446d79c62a761a 1640238203239 1640238215140 11901
41bf65f5a8408c46151baa71464ec2fca89c3f8d70ec0d1568e8167125b2951a 1640238217957 1640238231518 13561
dc70ed141a5ce63a3dfef3bc7794ad35de0a5fe1577bdb59e5ccebc63bee6f97 1640238235655 1640238245799 10144
5f448f39a44b3586690fd9e0d90e020e9d1c9aa9b14623e55dda722ed7ba9283 1640238247891 1640238258192 10301
a12f254dfa3ca88dc710aa6a4513c1e462cc549a6eb398d0a0d5e09c61514009 1640238264343 1640238275773 11430
d4e6a393d48c8dc04ff16c2b05b5b283b3cdfff18bea6bde416a9f43ae9d0142 1640238277906 1640238291035 13129
8a6812bc3cdbb6c76edd3c150b45285c4d1740c0c13a900e424c6e3d81ad9e1c 1640238292895 1640238306545 13650
4ba6fa2f665c6e95dcedf69b275d15b8620b8a7bd159129deba14690e866c586 1640238310313 1640238321567 11254
c053ff80bd3d9e0d70ed03d6339a33add225f2cb1ba7b38ffe6b2986483607bd 1640238323626 1640238336179 12553
4ad3eae34d3a9f7a5b02f85ece3c561fcf9a465f3e3734517cf374aa7c797102 1640238343789 1640238351613 7824
9fd33e7ca692e662177ca1755d50f7a4e2bf15f9ddf6294b078a5cd8f5f8cf1f 1640238353434 1640238364675 11241
c31ae03ee3b4406f6b7ed0678826b06464b96b5f360a9394ec4bb2f6f1fab0e4 1640238368317 1640238380437 12120
c1f19702fdcdba973616c4bcc45073b61d577d0ad71aa2cb14918502ac90f576 1640238384102 1640238393221 9119
540f86682c11464c741c37fd26b8b5ee742554981270c733da6e51dfe6b29efd 1640238399109 1640238410887 11778
7d145beb6e4534240a2a6ba45f5bff31dac974c0bc14289c99b740f86efba00c 1640238413452 1640238426253 12801
10fc59347c175d71c301cd0a18ba7be058b7b6d6f64884a78f68ba44214a322f 1640238428791 1640238440091 11300
62aa26e75d91fbdf60b6941463ef8f5413f7a4c99e466a3a30b2dcc5f3115735 1640238443751 1640238457100 13349
ab2bd2732314c095475cbed6de6d2109bb6fc7cf913d06b0b04cdc1acc90b7f4 1640238458735 1640238471860 13125
489d932a37b94833926e98f597bdc35018c20e8d3242c26a3ad635d1811e9658 1640238473400 1640238485935 12535
2b593d43c6ebaebc3b87a1df1f847f6b5631a5cc0ff8eb7a764c6952da2ffe21 1640238488822 1640238499144 10322
510e00133400c4b10fe82631c739decd951289163dbc5e1c1609c779396c36b5 1640238504464 1640238517606 13142
52c56b5ceccfb8f0dd2d3e790022d5c3ace05aee94ef46aac37de2d6d6bca81c 1640238521369 1640238531146 9777
30eb84918a798e6599f3198874b03924cd03b9e75eac6c831722b593a37d51fc 1640238534183 1640238547011 12828
a17c8655bd811752a01a289e949bf26eee64796e9f5c2e9709ddc3fd0a9ed658 1640238549486 1640238562303 12817
11d1d4950da9536382f3352f4f41e4134d29c3bb989d60162292ac1cdabfca2b 1640238564744 1640238578679 13935
a0cae281435fc0d3c8fcc817acd81d9a2a1c4a361ea7a3707589f0e9793e735f 1640238580240 1640238593921 13681
453522d0c3553c2dd94d434ef2e1e15e0257ae5b47cdb0f6e9c66e3cd8dd2ed4 1640238595348 1640238606882 11534
1efe590335cd649906e53c7aaa5a5a88c900972ea609437369852b5294163b24 1640238611199 1640238624778 13579
cacbef07cf7f137f63bd49f19f472108ae39b5aa010fd2f61ae8fc4d3bdc3ba3 1640238626338 1640238636854 10516
