b3debbad12714bfac42a43f699565711440745b99f2b7e412c5bf71cc012eb29 1640237899444 1640237905553 6109
6e58cac1e14be1c86982493963c3fc88290212bad949d11887be9ef4c93e1fd9 1640237907796 1640237920836 13040
c471940e72c70cd5db7de9c6a83f729536010ce6d8169f7cc225d24d5b246b73 1640237924383 1640237932873 8490
55ecb11a861e23274d9ed4b07b1da877b965c47e5e3b6b51deca319b82ada7b6 1640237936521 1640237946997 10476
a31d4309b302848a8966fc381766586d42560c04f8d3d0f8e689b86bcf4e2e15 1640237950963 1640237961483 10520
b466a21cc99474a01f585f4b4d18e835cf4785da76a038924b5bd18def1b1f21 1640237965821 1640237974769 8948
b628c4103efd63081ccd7b9cdd4a2ffba5099c977390dce11e6465e13ad46283 1640237980223 1640237990058 9835
5a62392e5148c44ea63374a68c1ad11df999d765ebd4deb26f45231c393c432f 1640237994662 1640238004642 9980
a0e5716b1389d907d50b8a05230cb0d75a2e0e4ab7846465468bd945eb290599 1640238010985 1640238022436 11451
b8b8838a5302e0225cca30a8d4ccf5ea4d96112af9c3854629248d9f2344567d 1640238030058 1640238037115 7057
424d8a39507b97088fb49ba481edcd75d1f421ea963c275e8a65f144a029aca1 1640238045019 1640238051595 6576
972a481e35eb533200304c134dc21106b5f11274a943e121d6d87bb980842038 1640238054412 1640238064460 10048
6dca4c38535c45696a3b098f7116c53db110810ac5fec04853312ce709bf8962 1640238069118 1640238079806 10688
46ea90d73eae83dc275788a3bd973cca736119123f3dcf3d999c28765a288140 1640238084296 1640238093097 8801
158f762a64250124c16d5c4166e7a98b30bdb6e4a0b807c83313d9676aedb771 1640238099191 1640238106181 6990
3d606d1bae1d0bc3678a0439751e8046e56f24650151d2035ea08b1b970f59e9 1640238112964 1640238122040 9076
a0193911a3716e8c6357989464ee5da56436e4489a3537aa7b1ea0731906af7d 1640238128263 1640238135450 7187
b586c4598ceabccc9de07b68787f70cd0be8c06494bbdc02af9d60f6243afa73 1640238142570 1640238149846 7276
f41e6fe6ed76b306d642b0c3c82ed506129ffc276a1dc31cbb472744c3119e0f 1640238157842 1640238169953 12111
2f15e2a36bfefa3da83ed3514bcc86a7de3e78d6e9c33464b2982c17a8b9b2a7 1640238175155 1640238181743 6588
b05212facd6104cea74ed0b3df01497283d1163b136e1a036376e067278f3578 1640238188250 1640238199508 11258
917414312de17ffb3597cbe642f832292809f11de6433592251dbd3918eed49c 1640238203230 1640238215218 11988
7ec59236e874b99e03c0736bb3e338271d94e3e2db668cbc82e382d2dc9e63a7 1640238217945 1640238229406 11461
9410304c5bf7b0c9f158a9827c6acf8cfc43aa8a8de785b62f864a305d1f2344 1640238235647 1640238243738 8091
6b299bb703b0055b115a17cfff4f2c8d208b7837357c048bc89ddeea64f3fed8 1640238247879 1640238256395 8516
8c5347708192d27aa60f4371bd55468c1a605a053b3788ec9721da2717272ce8 1640238264331 1640238273730 9399
b3cdb42c129e6f3ac62df0d226f32c62b58888785be25003d24f46d84f24ea73 1640238277893 1640238286989 9096
9dba9f9389f37f365fce3f647b65591bcb54f880425300d7edeb1d184dddce06 1640238292885 1640238303632 10747
4389b022bf051ef84f6cf8ebbd9f36919f10192295a48395cc560b2f2c30e3cf 1640238310302 1640238318707 8405
767287d1b0d6237cac1f074b8eb812d0a206d7fcfe69672131ef3b9d470f9523 1640238323612 1640238335305 11693
8a818b5a562eb12e10d5e9e38966df23fd4892bfb4ee53f6fcc720e705e6b27d 1640238343779 1640238351036 7257
d116e9692c25bdb78d933897236a2bb409c626a1827b232a9fb9098fd7e0421c 1640238353425 1640238364194 10769
f8cef2dcccac7bfda0cae8f3bd3a8a76a030120ac24900b17adc25ecb897e8c1 1640238368308 1640238379975 11667
ad0583a733af382ff4aef866600bfa1c12bdb4638530205cf2f180f4017d4434 1640238384096 1640238393980 9884
9d7a728bfe4c9859313f87371d5c123aedc0cc657bd876d1d142d3803025acb8 1640238399100 1640238406197 7097
b8165ef334b616400e40962ec59f43267cd1e7d9090b91ff522b232bc5077312 1640238413437 1640238423364 9927
ecb2a1ddfe3c89880024e3599f7242cd6d5690de9df568a14b164ae992801b9c 1640238428781 1640238442421 13640
0ee7cd6f41dd3cdf6fd8b6e829ce95e98742fdc7a44039cedba52918a79982d6 1640238443734 1640238455222 11488
7befe00cafd1b991623d121f2943472432c680b35b98594b2dd96479e955312c 1640238458724 1640238467021 8297
f7536d47ff600a64c03f2d897b7378ca4bb2f5d96f56636a97058ad6d97cc6ca 1640238473387 1640238484172 10785
6ec7fac6d239a06a2a366b2aa778de1901e532a0e63b2ef37d0ce9bee8b456ea 1640238488815 1640238498239 9424
2e50fc5c710ddf36bf9f667025ea6019f81364338d8135a5b4807bc8502985fa 1640238504454 1640238515239 10785
eefbd96199e91decf7f77990890f2b341d3d45f5e0ab76ab4a4b4ad0402ebb95 1640238521358 1640238530121 8763
48c0ea33ab1c7dce603ad78f9c6713ebde546ac9c011eace358b6a29765eea94 1640238534171 1640238547249 13078
6f7a3d216438cd6508f234ca87c95de354c652a637b56dbe6d4c9a413fa0abe9 1640238549476 1640238562233 12757
d28756a307cf9cba15b08751fd7a263536a99c5911ee8bc8a628ae45f961694f 1640238564731 1640238575454 10723
255fff770a9b3bc82e46b59212381b59d86fcdfdefac7715b13bae039673f4e2 1640238580229 1640238591561 11332
18b9c805ebb536e12cdec9916d038e3024455efb523d087da44716e8e26f6dac 1640238595338 1640238605509 10171
7cb895add2ae64d8dcc1f02cf6b5847a4119bb9c2b50ac796be63b3714b70475 1640238611181 1640238621289 10108
b4035ffb84b59962eedf4ef97c14b849ee4defe5aff4dc1c9758ba950dfa2279 1640238626330 1640238636422 10092
