f4be7fed4291561986988110c60bc64930001a28b8cbf20f806fa0bcffea8991 1640237899449 1640237905724 6275
c2551b3fb0e25d1fd23a53175a94e17df130c8e12b9abad1c151d10b08cc2e94 1640237907801 1640237917081 9280
9f74af55155289385126a41bff9e014e9b2fa52eabb6014d243ff02955830509 1640237924391 1640237934666 10275
2fb59a0fa623eac73c27f835c5f2f20ef99cb0a2c288cedd0178b4a657abde2e 1640237936524 1640237946339 9815
694977adcf294acca9baf95f04a0760e0036dbb789cfd12a5d482b93177864dc 1640237950968 1640237961949 10981
5003f1e1b591ec5fd3b027b986f040571695167bdecd054ed21cf0ae62e26dd7 1640237965824 1640237975765 9941
ac70b44ad61c7a57ababf487b1e39bcce78f47ca0cf5cf345183bb96aa5746eb 1640237980232 1640237992742 12510
acae06bccbf1fc0b8e3c9da899e8947b08afae93390674640268bd182c612c43 1640237994669 1640238006073 11404
2cbbbad3e200724f52e6f6586139498acbaa7c5df5947265fba4b0571de0776a 1640238010993 1640238021933 10940
e865162d1a8aaa63ddd9cbbd3fb9197d56ee3dcbbe579589fa0f6dd64547a610 1640238030061 1640238034715 4654
726c6cc6d5c83bfaef289fb8c1b2cd878ce5c3c1702548b4029752a745fc678a 1640238045030 1640238047432 2402
3d211e55a702235ea6a8e325b3bc19e4793e406850ae7a90b6861619af4ab840 1640238054418 1640238067784 13366
130e90dd055381fd0206b8c535fd53a634a3f6d5cd49fc5fb728e9926eb8a39a 1640238069123 1640238078574 9451
4fa4d9c2a45b7e85e51a405406263f1f4b388219bcf38331cfbdfcccb64e066a 1640238084304 1640238095242 10938
73810d2b1cab3ee35c7edc938151bf10a845f0897ef2fb083e2df8278031eae8 1640238099196 1640238108655 9459
536574b0a19d88e8f506469d6d4e72bb383695d1ffc5db976029f6c9db62d6ca 1640238112969 1640238125194 12225
8777a5e6f1a7d68cc3f315e7a61f30be1e482ab54da173d52027ba930de25b22 1640238128267 1640238134481 6214
de4d67eafab05159af3037747d1380c293413d545d604ffdc108174c092e0866 1640238142578 1640238153462 10884
941464c1f411d9779c2242d4f54cb0343650fd2b7519d7d1f4dc392458a0834a 1640238157849 1640238168596 10747
b162206ee1f8aae032d2e238af80c5cf56180cd2de37e3e9e4b4f77a6666e398 1640238175161 1640238186414 11253
4d85dec813c4257310c7f0aaea78724b57bec3551c668971119946b1cf8a6e41 1640238188256 1640238198256 10000
4288e08908537f3c2521e97c3fed918f03ecb154c8977a98ff69de4251cdb231 1640238203235 1640238211039 7804
ccc2725579967826b8cdba6f7588e6245302cc4b7928f7a27207d53d3b4b2790 1640238217952 1640238230893 12941
2d2d1c849748a7df74fe917b07cd52dabd81aee55baf247935a2830c7e7ac7af 1640238235653 1640238245434 9781
46e3e8423bf5d4a55467a7e295ce888fde8d0bd372a878e215b9d462b0592628 1640238247887 1640238261066 13179
0ca8f1eef30e76e4e8efa1f25da1133007913a1a544f91490c65a805fa981b16 1640238264337 1640238273995 9658
f5075105ece06ee859f5bc6d36a9f55c72cd14d928b7ddaa478227ac5e30ad56 1640238277900 1640238288796 10896
c4a46b0519e740d19d5b55f55265259fd615e497b6b7428b7f3e2d82a9ae5ca9 1640238292894 1640238305000 12106
b3bc9b2f1231a9084a09c9bab5004fbddfaa0c7b6079922021dc855d2341e4b8 1640238310310 1640238321925 11615
326124b9cdd6019ea81b6da5c48db2082fcad328864bbdc7cfb0115fbf7c8cca 1640238323621 1640238333321 9700
748dd556816ca194405e800e3d019e7f248d016dbcc5f1d9118f1d9351e32295 1640238343788 1640238350805 7017
d8d07d4655c9c902ad0976c1a90273d4aaf98143350c978144ee85964b8d5333 1640238353429 1640238364539 11110
9801db3881f2abffffdbbaf4765a60ff72c79ac2989132f7d294b0dd26811440 1640238368313 1640238382016 13703
601c4e910a44bbac71cb9f1e153ceadcb40e3030990ce52d8bd01a7f2a5f2781 1640238384098 1640238396287 12189
1a2d4ffc3e3bacb097525e3937a455f09059023119660f4671bfca10303daf38 1640238399109 1640238409137 10028
a6330367535f998718f525be4d50a5835be860b7e233ce9ea80b07c08339bcb8 1640238413451 1640238424863 11412
6c666ef1e72e781326ffa3a00f51151df139f8f3c2f3ec246811d441c8f65212 1640238428785 1640238438507 9722
b7d24df22cb524540bddb72440eb859b9ee2427c64890231942458ec4c5ac692 1640238443745 1640238453552 9807
490b0ddfae46fffe5841c8b61dc75618300bc1865dea560c46335720ed728dc9 1640238458729 1640238468253 9524
91d4984c789ef2a0377593772b72124a9f8def52501afdb387cf6d0142302a36 1640238473395 1640238486676 13281
590312a068df3fbb7fd4a2e69e18f0334b6b5f7e34e14cdd2fb1ba9615db9587 1640238488818 1640238498520 9702
971b6d03c2ce34b5491d71513f7e975f9278f5813e70677da310d66d281c1e7b 1640238504460 1640238517220 12760
5ceaf0befad5c4a3d3b0e073b5391f1dc50e7d9780032517bb6fb1d1a8f00f71 1640238521366 1640238528866 7500
32e0afffd53b558c8bad45f3ed71882deb0f983657335edd4a64e4336c367fd4 1640238534179 1640238547620 13441
31f6f827c7c26ce78b3bb44735f603224a0c9dbd8d000551787dd0bc7178ea9f 1640238549483 1640238558709 9226
acddbdcc291ea3476772c6bc3bbb5c48a0eda1da2d59ef32aaa2978edd0761d3 1640238564744 1640238574123 9379
4cfe709787440be49fb39691df31465190862ec8e9b80e8779d4485f246b9a58 1640238580239 1640238593857 13618
6982321a2380e4fbad7c73dadd76bfec091baf1900092e0752e06d256817da9d 1640238595346 1640238605944 10598
e2787ef9b78f9e4c3bc510e7c5af4814b89910794d8ed856a2692ca28253c0c1 1640238611191 1640238622428 11237
2a9052c2d8e715ebbdea9bef78a0651c8fd88733a1ef8641a6913e1e3fb7e70b 1640238626334 1640238638871 12537
