a05692fa55a213d71dfafea4f3937e00c7bacb041cee6481e879d370a1cd73e2 1640237899442 1640237901397 1955
13b61f2c714111347096f57bcae740d2dcf4d53c4624abe01618e82f742c993f 1640237907792 1640237915474 7682
a28494628e495fbedcee0b79f7a30112383fa1e3073c808a5f43ee0a4c5314ed 1640237924375 1640237933073 8698
9aed020070cf1a531c8983b85bb3cc7badd365120f8663824d7259b64f2d6900 1640237936516 1640237944832 8316
c7893bc29fcad207ca9640688e15c4779467ea255771a9a73d33657c4ef7a7a6 1640237950959 1640237959367 8408
93e73d6dbb4655be3d01ea0b49b73ab25b229d780a3d8ad6a28492bda5585439 1640237965814 1640237977605 11791
9fcd1ab62ee269e689b7e57613ccfec919c678c0e0f1af8848d270bf30b33b74 1640237980219 1640237988604 8385
ed01fbbf80e39185db86923b05c46ee7ceeca786f070ac8831451de16e3feec6 1640237994658 1640238002695 8037
accaa9ed24e2adb3b5ff2dc2126167dfcd4f70bfd01e28f1a7361636bdd62225 1640238010981 1640238020409 9428
f99a924298c9d77b66d5adb60cbb2561ec82d23fe565bb89ff652ceb0cfea3a2 1640238030053 1640238035544 5491
38f590d335bcc21d6b4304d95ccfe900393d2aceaac4fdaef7db62841463396f 1640238045015 1640238052674 7659
e502433853183658b90ae8a31a2cdba7a13dd0154e2782dc219a0b517d097be7 1640238054408 1640238064245 9837
585ed1d778e9ba8feda012346acd59e0d94d7748a22c89b7262ec942b56e46c8 1640238069114 1640238076447 7333
2531a18b3307f9a4e39c583827cc27586c95d609ebb53daba032ea6ce134514c 1640238084291 1640238095100 10809
de4a595f79f4358a9d9b85b6b225855b1121239f841cf422adacca9fa9d987b1 1640238099186 1640238107034 7848
a338f4083f07854da671cb215e0e584611ef8b5792cedb8db5a032590899a2dd 1640238112960 1640238119704 6744
9bf3200133cfd3e42ceb95a1745b8c595bc565cb05e346f4ea5872847726f237 1640238128259 1640238135705 7446
dde6397a10c7d132233295c501ed6f618bba7af598c33564aeca5ac90ec1a0a5 1640238142567 1640238154823 12256
7a147fc713b1e430c5f8cc440ad3bb58aa648fc3b9c223539f9cc78a80328c5a 1640238157838 1640238164252 6414
d2bf031cea551dfd4a07a168e68f6622d9c28c7b125ab47e5ec0759c11dec43e 1640238175151 1640238183407 8256
27700505b6fde0880832beb5e2c147f01c149d4032c40120627a50d32436f5a6 1640238188245 1640238200592 12347
c676b6f2b352ad210567cc74e24047bbebc82fcc57670ae1b65fd9d570422d77 1640238203225 1640238212616 9391
a69d5500fc3c9fbfadd4f6033d28fa0c41dbc51da5fcea0d9983dd8f0d3500cf 1640238217940 1640238226802 8862
f2a45f8df2dd4913045fcc84c255fedfa1bfb4cdb3687bc9b107d8e130edfb1f 1640238235641 1640238243077 7436
ae3bd3e914f1fae2fdbf87e29fa7fa2febf728089a3db0b87423ef1aeecd7ce9 1640238247875 1640238256462 8587
9f891e4d5ee01eccdd4044cb3b399f767fbfa9d0c8d88e1f8ed0c1c3408056ac 1640238264325 1640238272562 8237
ed168270eb0fdab6d999700f67bede1b811c1aedc70c7ae7d078ffb288656b0e 1640238277888 1640238288924 11036
f94c07d5212b50fc49f142ebb65abd67cee53efebd826bed214d07e85a3de4d6 1640238292881 1640238301317 8436
56c6aab8ed66dc2a4722e2e9f9eb90c5a6cb2eccf463f4e2a940474fc18c53b9 1640238310298 1640238316210 5912
57690cdca8acf26906257585b46dfb0f7ec63f25e52f8a9b19c61c4909734f41 1640238323608 1640238331483 7875
0da8230d8e257346578f6d087e35388d5fd55746544369f0c7baf124e0f40598 1640238343774 1640238348470 4696
eb2ba58c569d0a70a3b06fff24d55b80b181ba2ce70c724d9ae845e20283bc0a 1640238353419 1640238362476 9057
77f5ea9fa2deb4fb03f54777517707c2af4bf8b57c31586965a3f32c9753db63 1640238368304 1640238377000 8696
870ea1e4f1ad58cd5163faa0119e0e87523d4677fed6830e7242d6f490de0bd2 1640238384087 1640238396036 11949
026148aa651d9e736f94749fb1f3d2d960817d0fc5e053f2212e8829bf215671 1640238399095 1640238408720 9625
33a624afbe6176d865c8420f473d65c874479487e7275d3ab0faf1b7902cdfe9 1640238413433 1640238420648 7215
b8c188ce81c344686dd79de2591bda23f3010b5f7a15547c68d3ac7ccb139a67 1640238428775 1640238439048 10273
60eb64d6eb2a347aa09b7bc409b6c894430ef50e8471a7a37225c280f025497b 1640238443729 1640238454033 10304
2b09dbf13b467f061b0e65f817617f3fad3065dbb954072392b43b9b85dc5cfe 1640238458719 1640238470834 12115
c566dfb9f8c4805e84b48517b68431cc2c7262f383f998cc275ef483598e00b3 1640238473381 1640238482343 8962
a163b71db127d36f9cec478bffdf98660f0898df69d4513e5f9fa282dd82236d 1640238488809 1640238501937 13128
d21b14adbf604bfc91c03953021fd3e8b9a6237c0339e2b941bc1349fa79726b 1640238504448 1640238514387 9939
3517f997bba183924fbf4b08a6348df712e92856610c6458f1dcbd8b4068634a 1640238521353 1640238530595 9242
3574b4ca7b26c7c7cee48c6b1abdaf238e0b5c0c65526485d8f3e3b5784385ce 1640238534166 1640238546558 12392
61b6284345b0a73add87949508568c07095fd37ea5d660f4a7276645ba5b3a3d 1640238549471 1640238558170 8699
6d9663dabcb0bb66c7609d97cad8e7821e98c62ef92380810ef9703737c691aa 1640238564726 1640238574448 9722
f56b037a724752aa482b36e3acf161ecd85567c500ed9df5e996c650c63b64a3 1640238580222 1640238591894 11672
e9be34a84c21ecf9cf8e00c6d2f00b3ee79e8a909591d6904d3d3ab4de6a4cc4 1640238595331 1640238608856 13525
0db187de310a9562ddc9e903c51a0a456cea111d40abf415c6f0839d0914f923 1640238611175 1640238622496 11321
989a7cc72e041ca7f316e60206162f719afdddf4652ce6f4e8d70383283e0e90 1640238626323 1640238636198 9875
