5148bf18b678b081a0bb90ddcebde80c9dd018ddd0ddfc229d8a0b6f93fb75ba 1640695509838 1640695510807 969
ba6a957e4f391e4a5e44a584c2f0c807bd8ac7605671984b0982a6e90b806824 1640695530649 1640695531388 739
6326dd6832b241f5019f1408f30428163547d0cd5a810fea1ccb533ad9ed78ae 1640695551367 1640695552091 724
3ce5c6aeeb9e0259c1531553ba5ff5946aea0cd716b3fb98db3a712b512aa768 1640695572152 1640695572927 775
14a9d44fed702d59ba0d9649aad129a37fca215f6def877725e55b9bba62908a 1640695593044 1640695593768 724
3f89114ae184a26d70d049e24f609e87bec1c3eb0758ce93c87d4cc16c1dac95 1640695614152 1640695615008 856
fbf72c9d628764553e649683e23b07c5a97fa00a2156deef3c7231145782858f 1640695634945 1640695635648 703
d55a2e14d8983d372ef78153d8482daf09956e39195d0b59e71593e5e6a4ad5d 1640695656172 1640695657092 920
d4f49efe9c1081f788c3312240fb673d24374e96abb041e5cb97bcb32ae2807c 1640695676836 1640695677398 562
92899d9267a029cac5f094960598cc1756532d5a4cd1b22eb04d67baa19bfc66 1640695697461 1640695698251 790
870025c15071bd00b94bb6fa8b49b2934f728b11ae1d842b5dbd9bf162b35b6c 1640695717945 1640695718627 682
82d1dcc46e46b672db7b48897d8efe4d6cae683cb3e655c0a5eba007c4149b1b 1640695739097 1640695739926 829
565bb45eadbc6b83588e8e4249d240a0c46404cf719507d11974da0317c1c1e0 1640695760780 1640695761679 899
4fe081f1b79a7a2cdd44a2a3952bf071ade6375112452e76750a4f92d4a567ae 1640695781279 1640695782147 868
46142386277f5ddef93f0c18be314b65f010406999dfa7c9f4dfe98cdb77b53d 1640695802333 1640695803110 777
b7d896e5ab223034b3b98bc35f10440773a198a53d809320dcffacc514dbe8ff 1640695823180 1640695824254 1074
8b0afad83e85294eae03e5a2ed56755b6c6cf09c461556d4de6c83faf98fb210 1640695844061 1640695844795 734
960f4f5c8ef587d50b58c26787a5fc0a15f157535b985db9ba4e375d8957ef79 1640695864478 1640695865018 540
eeb487d3f738da1bd74143f062d802a4fdea74c766e84eb3270a9081b0766f3c 1640695885723 1640695886684 961
2c25f46cafc904d11dbe1ed37bdc244f7f6e490bd2c8c6d7865b7949e80f1326 1640695906170 1640695906993 823
