8f68570adf55eba3eda684d9de6d3eb0ecb470f534f7078ddbc0a5e952d9eec1 1640695509856 1640695510919 1063
075763404a12e00cf9697111bffecb78f1f34819d05e2204a6274cbdde80dad7 1640695530659 1640695531674 1015
0734617d0118d6af98b09168d8cd48bd6c4d45cef2f4067a3d59a22c2aaa2424 1640695551378 1640695552282 904
0a261c10541f6e19ff051c021f096accac1ee645813b3eb82088d7dbbb943559 1640695572166 1640695573143 977
35caa60698bd1266473bea97a76303ad8ad54bdc72e942d798084cd6f0b411f2 1640695593056 1640695593974 918
eb9b7e8bb7c4b3ffa8d78b4323d103e02d03ff0402f8dcabeb98229b7a95aa59 1640695614165 1640695614983 818
7cf626604ed4118226a65719fc9d7356e7a2c230ddc071d0d2f243d472f19e2c 1640695634958 1640695635985 1027
ac8e5bc86b9b7c9550701f8cecdc1a0c8d8dd328746833bb7c0f3268d1834bfe 1640695656187 1640695657261 1074
85c1d3e5082078cb788e637886536ec6004aae362579ae6d095e8f917d1d0968 1640695676850 1640695677773 923
12b83e9bc325372a2fb80d4c2e69c70b4cc4e056bff291e893d720b68f2ad7dc 1640695697474 1640695698480 1006
5a99d3ab5e169165079346e4cd9d57ca07944c49f42cc98f4f721b65fcb4cb54 1640695717958 1640695718963 1005
adceaa9d5dacc29396fb20427f890f240343110b02982f623fd85c604c701b09 1640695739114 1640695740206 1092
6d81ea539435d9763c04a7aa5226ab1a524c82a4bf3e49edbb72489fc76213f5 1640695760793 1640695761752 959
316c5d2c31fb91c6eedbb2ae9eccfcf68853444b181e36d373c050ebddedd411 1640695781291 1640695782259 968
760c13ed0ac3597c65993c28f7a3a96d07d152e7a2d84d08e6e836941cd6a63f 1640695802347 1640695803294 947
2685486cbccf641b96f6f1e97765d0dcd77a53454ea975c9423f47af1a873b34 1640695823192 1640695824452 1260
443543b09e4170f06b57714952913aaa416ddcdd41fb83e461302bf4178119d3 1640695844075 1640695845037 962
f8329f77b1d68cb13ea3d38525c2e2e1e284dfde13784d474bfb818b01e19da2 1640695864492 1640695865287 795
065b94f83267dff2db684f9baa6f8fdd96ac23c1e96542b7e05b461db188a0c5 1640695885738 1640695886813 1075
6d8894402449bfb2ef1bf62640569634f4c6432559d6b3441314dfbeb7815f63 1640695906184 1640695907108 924
