be4e2f4ab3f70c0d44fd6fd7a7d4b8efd3d3f71e678df2c8fc296e86b68ee2ad 1640695509853 1640695510941 1088
7a7a35e30531fae8486375801ecbcb458b50817cee446741d533e734c89a46e3 1640695530655 1640695531614 959
667801aab4ac82db94ef0e34051dd0922a73c1564b842fbf042d573aa361aa49 1640695551374 1640695552298 924
283e71cb9222d0264f9661120c0f37a6058116f7811ab067c61e58f2f19986bc 1640695572161 1640695573076 915
23433abd5b07e78668f11a49af623514148c0d17ea86743b46a2ad4694928004 1640695593052 1640695593909 857
3be8317e16b3015dc9d4de7a3195e1fc0a682cbf2bcc387f5ccf89955a2e4f05 1640695614161 1640695615150 989
4a6ecdeb564e777baa2abe5e89a1f68a64e918e8f9806143effba9d7d937f151 1640695634954 1640695636020 1066
43544662983b6f8d7adce3ae260aed6a226587acc5240145cbd7b044e96f9dc1 1640695656183 1640695657195 1012
94e226ab90dcb5a8da2121fc81589aaa7e8ed4f87ca4db7ca98bf37a6327412a 1640695676846 1640695677643 797
0e2aa312c41906dcdee6fae764060d30f08bcb767fd99b1c711398b7aa0a84a9 1640695697470 1640695698451 981
e08728125ad3d594f5e570dd0936f88eb8624dac030649140c61c93a487377d6 1640695717955 1640695718963 1008
7a22f00143aca4cc7c367b6fb08f10e0769cd4bb537cc81b2de125ef8f6667e1 1640695739110 1640695740142 1032
28fdfdd3aaa7aa93ccdf92b38a58b47fae1ff1f6f8a0ef9b8b00a07b03aaa360 1640695760789 1640695761677 888
22629f2346f04eabcf3399e14aabee04155c613e35ba5af04a35f1ef334d20b8 1640695781288 1640695782187 899
3ec9d20f834ab3d3aae13d4f2826d26b7f5b03e376c21042cb05f3dbfbd61dab 1640695802344 1640695803295 951
dd3e16bc767d2477a600cfaf6c0cdc1b3c917852edd419113e52eda8463cd853 1640695823189 1640695824446 1257
9ee9df7b4d94463e087b7e1b01bb7ab6b02068f5ff88f462e4cf1af4927ae44d 1640695844072 1640695844903 831
a46bc28de374e07cfb0734f29f6a96d15c5eec78bd34ca78631e773e3d418e3a 1640695864488 1640695865338 850
a0b4b0242d95f9845340db6500386fb3d549528cf8677545c7941066be680297 1640695885732 1640695886815 1083
04e3d232750bf346166bc0180c87038c7416020e192a481a8627ad4bd9539d6a 1640695906181 1640695907102 921
