2afaf40f46f4e8562488e1de97e540c002c50bc96b2a0ff0d2c9653bd37e2f43 1640695509847 1640695510946 1099
6ca26dbf823d5641f6c0f38c579aedef2717604aadf52261865cb7c99c3e68b9 1640695530654 1640695531554 900
52daa6693ee6162282966eb0f17d1b1175a6d33f195241e0eeb6d72af95f8fc3 1640695551372 1640695552216 844
4c69a8a95bee83e5337da49474301907c52efb787318d2fdb69e6de239f00cce 1640695572159 1640695573065 906
86e2ca607fcd36f96c53b4ff158efbf0b67c51ddaa2b1a97e0619684b1404c29 1640695593050 1640695593899 849
4738f603a20c9c94a0463fd88ea2e668df2585504f67e630d18912f0dd9575af 1640695614159 1640695615058 899
c958e68a6b1ff6fbee9d43d97dfb20703a19563745476e19ea70f951c4f80862 1640695634952 1640695635939 987
a7e0f031cad202d729650af310b50cdccbff460d9b401d0e3147279cfab01daa 1640695656180 1640695657113 933
6e666ec4770636b2ba7a39928ab15159b6c63ff6c47467d243fbbdc0807dbaf8 1640695676844 1640695677741 897
0efc7c135b73003b6acfbac604e0479a8f5f8c33c5f06df0ffd37e8e88977485 1640695697468 1640695698142 674
bafdf8d94d24dc05ea1e9d6ed06d68c3e2d5e07684f2efc6bc77791830cc7bf9 1640695717952 1640695718858 906
8f3be9c4f8a21542d3f4e4956d2f7cd11833b762ca23f40f3740de78814f24a7 1640695739107 1640695740134 1027
1088e87dcca73efc4eb24e42c2a48a6578f3affe2164035e851102767bd7db8f 1640695760787 1640695761732 945
43d2bd0a19967e8a7ec7c1de7dc1ec79b31dc0844581ba2faefed83b3e5a8d17 1640695781286 1640695782206 920
29f7f3611a24781524fddf6995fba40e0f3722798163f0b2bfc92987b76403ac 1640695802340 1640695803161 821
ead1a6d800ccf792d0d53be7e745b4caabd479e46b3820774e269955db3a72a8 1640695823187 1640695824286 1099
282c981026f3911316f8af02ad238625eb0ab7d2458a1c73f03abd7e1d8f2aba 1640695844069 1640695844922 853
d56c055c087534cf2aa9b26d7855e377e4040a8fcbee1013b5f5f1a5379ecdb0 1640695864485 1640695865262 777
1dc6963f6e7dbb060400d7f1cffdb079a7a599c0890e7860adc82ef92e6fa872 1640695885730 1640695886832 1102
9554f6261198e6262a4ec92c1290ab32384b62f48572abddc9310ea3b242401e 1640695906178 1640695907125 947
