c80d9c2deca283ef1e1cee01768eeaff508595e9d84b238440acbe7897fecea1 1652084554293 1652084554595 302
36b57fec8fab90203f5607044f34fc8a1f02c55218e86128b92f0d07c8638dc9 1652084561318 1652084561625 307
a651c794853235bb199b53affe65cc4a213ac1e3b1373586563748faa92ecf47 1652084568099 1652084568415 316
63c8909b895eae8f0d7037e2dd51408c3fbf18c36838725f8d03ca95dfeacd97 1652084575190 1652084575476 286
beaa96af115ad222d6b1edb620af7d01765cf25d39803537a19e65a190331b29 1652084582119 1652084582405 286
a23f8d35649609d55133a621ea372ea3359ebda59396ab884bb9a156b85f2bf4 1652084589000 1652084589314 314
489af56a81684db7f1f0baf4106264b1b1a629a87cf92159d5745c87df78909d 1652084595782 1652084596060 278
9aec65f2762edd46d790de3deaba48b2adaffc73722543bba53486e60cceac72 1652084602611 1652084602870 259
af0ff3fb2b9b2cefe0012395f855770748edfb051f0a8fd5ba1e5519e3401932 1652084609473 1652084609819 346
02a41c8a04f6d39661714de29a5554f69fefdb6b00576c7a178dc35ee48be46f 1652084616508 1652084616794 286
