18445a38117dd00fdf34cac74a70f912fdca38adb4fbd5131a8a9093dbcd7fae 1652084554282 1652084554494 212
abcf373edb40cfdad2b95182047137f6d98a898f288bc1290d8d7e92f72c2cee 1652084561309 1652084561573 264
c140356506bb28340ebc37ef18c26ea5347de3f395c00ba1a461c11e39338f7f 1652084568091 1652084568351 260
f40045b7968dc077250add484e1f294ceb9571666da578a3de959dab9d588b75 1652084575180 1652084575422 242
c365288b7967924e47b6e773c945e5b93f82273de1fb5abc2b5772d43c34655a 1652084582104 1652084582373 269
af9364d421e3278b755291bc655c4829260ff21aabaad1903612bd26c17c5965 1652084588989 1652084589209 220
6e41dccd7cf016b6988a01fa1cda14d7ed72e9d3aeb626a0b504dec70be682ca 1652084595772 1652084596001 229
6abd2abddac77aa98d076296ed2a5699416e7c7b7a69c5751e6da6d4fe0e129e 1652084602600 1652084602856 256
70cb4118c79f7e3b011ab22b76962fd33142ebf70d53b31137146b918309ccad 1652084609462 1652084609767 305
c5c79184f4ee5c21ed86e1fb7262fd6c5041efe54de172d5e886132365161721 1652084616497 1652084616703 206
