f8ec0da6cb329f8be9ca2497b385563bee5653b7bbce96c47240f64c3b07117d 1652084554282 1652084554482 200
48d7928cc8770a00d56f708353aeea58632432f1c52e83c9014304314b31706a 1652084561308 1652084561585 277
765bcdf008bb4f1121eb815135360b69451881997248b073a2874a13842073ea 1652084568090 1652084568394 304
7815423814863eb14a10bb688b8c34647077c86a247e395a51e14711b13c941f 1652084575179 1652084575443 264
a5ebf86ae2587b2c5779920ed5c54ba38b52bcb6b01020a4f3843168a9cd0067 1652084582104 1652084582342 238
8fbc3f129e4f01c72b424364c7c0e524522b64304def7ccd2374c072726907e4 1652084588989 1652084589201 212
45f4e0ced8fdbccf0810530273c97b2f15be5ebb8214fa59b0ba4e406bbd50fe 1652084595772 1652084596020 248
2431cb2cf897c0d77e6a8167dc547fe8485a4beff2e6a5c7ac58ab5d202a5248 1652084602600 1652084602908 308
dace81f2508fdcc1e140e7f79727b6fa06027c931e0ee34bb7d0121c8227b789 1652084609462 1652084609741 279
e7bfbc92ef7f7ba20a571c7a9c8e6e67b3d9de3397642352cf7374d50028bdbc 1652084616496 1652084616709 213
