5badf8d803edb25f524353a5986998975fd5d7d5e63ba2402977d03630eace2c 1652084554297 1652084554587 290
eb52f4886b18461665d45f6ca05466fa6a0440ab52fce34adeffcd272439d00a 1652084561322 1652084561618 296
0d8d33a4856724852027ff6d3c5f9efefd9be701b684bd26fd25fbbc037a9382 1652084568104 1652084568413 309
3bbb3ab9789d313c70c6ad8a32879770f69e84dd412307f7ed764579cbc1ea23 1652084575194 1652084575478 284
bf94b5e5e526422a70e8603356a21fd25c5a0e8b5760a8575d0f0d761ede7303 1652084582118 1652084582410 292
0276d870095529e83de028a63341050ca535c74ed4e30496dfdcc82e5f409bf6 1652084589004 1652084589297 293
681554050db9b1e82a8bfd0511d55261d008babbd728f320ecb6cacaa742694d 1652084595785 1652084596062 277
ff4acac342632fbefc76804cc94b5fa02a932a018fff870753c35a66db3fea4c 1652084602615 1652084602926 311
0958ed3f44c11fe248071a9d85c8e7fe889bf8e95c536127de8b28fb7652f4d1 1652084609476 1652084609821 345
8c09e33f38443f1345a786c1ed467413e1075ff68bb0ae911630c681da68f596 1652084616513 1652084616811 298
