1926c1675bb5dcb2ed1a787bb7c75a18873ba3e6643446bc077e2bb05e9a8e91 1652084554297 1652084554594 297
3924c656d2b7ce3ac9293e211fb75aa8aaeb27b5ca738bb9ae2ef91ab8652b60 1652084561322 1652084561605 283
54ad7a1ab13112217097396c1a8daa6657ddf413eab2659dee74ea00a5ff2361 1652084568107 1652084568424 317
c03bd0f1afaa410683dcb901f211069b7f8ea2637498b85e5365092e7d6bfcd0 1652084575195 1652084575477 282
d9e0a13b93f2ff0fa7ed89e99a049dfcf44640e61c23918d7e3b0a35f118711e 1652084582121 1652084582405 284
1b5165b7d44dfec279f4382b89bbeb92f239d05559066872135173ca391c6fd9 1652084589006 1652084589314 308
3a13bd1a197e3bee6d7f2627cd20792e05aa69b33cb0766b90120d3a8e0935de 1652084595787 1652084596080 293
04470492fb35468173fa1a51478839b98f6126a33c80358490c569a29d1e60be 1652084602617 1652084602919 302
cc3518d0f626ea057ed30936a9db8f6de1bd7a102af4d39604ca7ba5fe783a1d 1652084609476 1652084609821 345
fa8d1e5fd7696d9b9ede44749a09d02c7e10b3ed45593b5d417d1155c4db5c3b 1652084616513 1652084616804 291
