5f1680580332451c399f3e8c923f32680e856c2e44ca35265d5fc6e157ee7a8c 1652084554287 1652084554564 277
8b638e077f9676bb9633ac823ea06695a73e65bd75de1264bb62b9f1c79615cf 1652084561314 1652084561579 265
74b487480c8d85113a05c6015a26626e363e0141e3984f29bce4dfa2a1b81630 1652084568095 1652084568397 302
ae4ee202abeb1b7d6dff1cb8748fc2ba72e152acf58b88e452afd0074f56e534 1652084575184 1652084575470 286
0e73c856093f28f9b05247a7996ee30b396d0cef4b0d5134ca403d258452176d 1652084582110 1652084582364 254
20d5883bb73ad2445fc68d27b249af5ee104c5d24150c0708c91349207b25a4c 1652084588993 1652084589284 291
eaec4c387462857f49889a4d967575a575bd059e3a8c66e2fd3626a9923e0a06 1652084595776 1652084596031 255
352b6dbd4f5fdc1b6a6f3dc727fe45aab83a799baebb52d5b557f1a23e845559 1652084602605 1652084602899 294
448ed8a52f2c70ab5dedd7d71d456499f47f42ca621723c08dd301801ccfd747 1652084609467 1652084609722 255
83350e84b7f06116d0c46ce8c3ce8a8a6bcb6d5b962dbb32bb86b40b4d4e1f96 1652084616501 1652084616758 257
