79534e8be61f4d9e81f62be30376e8067552fbdaaf7cdc7b3006abeeae696f5e 1640772681042 1640772681856 814
9341fbf6cf445147c30c97e94fcae0e6e6a24ce3439cfcfa8542bb945bc68d5a 1640772693979 1640772695152 1173
e78c6156524971560a2a104855f823e91b8b4eed3998f5f03eaa336dba4cca4c 1640772707201 1640772708350 1149
4b4ba905f3087ca9a20a6c8af4c9760b4189193fca0fce773b3934d7b54bef1a 1640772720493 1640772721518 1025
16742c50626aef2e26c15e28a3512234742c32ca5a9aa6663c07dbdb3c05d8f3 1640772733311 1640772734315 1004
62552778ab1c11ea144f0b69a334c7714c45d1432bd710a384f285ec1e01f919 1640772746073 1640772746860 787
2a934a95bfa38980ab626e33d91fbbbd0f91a079877e6549998aedcf997a4a86 1640772759151 1640772759936 785
fef5f3ae715b6ce3dc8e1d2c5dff50e5177fe0612a739b79806d6d030c2dee0f 1640772771660 1640772772692 1032
dfa70d17359400bd46448edddaa1c104fe3f5232e25c1eb88353198912ebbf3d 1640772784257 1640772785257 1000
b881436402742397b366e567ba81d2e72892f3742c3acf39217c34be09e1941b 1640772797226 1640772797978 752
f72c261f80ee9eb74043a749408b6341288080d33540116eb6f7aa2cd3242a85 1640772809954 1640772810950 996
fddf85dbd645a4a6bdc81d5704cf94bc9ebd7498b90473c79cb8a26e4b6d32df 1640772822429 1640772823339 910
21c7c47544eb16865b728d23f33c0a1cb3348feba338b5c8e550da001ff385ff 1640772835091 1640772836116 1025
912be2c78e6bcadd7d436ca270f3b31e645a0f01c7035925ca21f52f8b53639a 1640772847953 1640772848716 763
60e2b9e4258df7c49aa00ed62e622df45de7edb6c91e18c88497bdaa3b8d60e1 1640772860443 1640772861476 1033
e4ae10d80cbb2029e4d91bbf1eb3c51c7823bc2e29abd239259b3786f148c3db 1640772872896 1640772873948 1052
091711d74ddce3e3b012202a34ec98e6794f2f7d6701fb743adbcc737ce3ffe9 1640772886045 1640772886872 827
31f6925faa05a36b67503c8ef747ddcab30fe8111693c0b86cd6e238f47b4ed6 1640772900090 1640772900655 565
76eff26f919dae261b22f095c96aca7a25ccf173e451679c041a2324f3ea327b 1640772913590 1640772914632 1042
713dd2e5875eeb7036f4a27166ca9c552ed1ee9cc0e254d0366d78e0f05dce0b 1640772926575 1640772927689 1114
5bfe76c3a8291d5a838060ea974fe3d5339bc65a1afe6aac1a42f52e0d0f31ee 1640772939985 1640772941032 1047
245f6bc8620c3a7f1fa3ea4c2de6abaa3544867e3d775af3dec9691f3ab62f2a 1640772953142 1640772954000 858
02dd88995e701034ce51247c81225d74264e24ed3027754ad7459c21c37448f0 1640772966225 1640772967278 1053
5bd87c069e1dfa23780b1d94ed640dbe527a95417caafaa9ea9912fc641449e7 1640772979381 1640772980204 823
a8de04cbecb9790130b58535516a4bb721a213285fe0c6bc006f22dfa5d4a0d5 1640772992309 1640772993331 1022
b33a357a2f0c78ad53e2edb6a872721e9dd515a6a4b064d436917932cb821fbe 1640773005522 1640773006488 966
311e4e5e0d42f2c53c47291d3b70604804cc596ebae7985a87623495f9a7b6d7 1640773018824 1640773020053 1229
091038b37b63c01a2a5067f9d3fb9251480b656829cb6c3c21ffa61730f3f33a 1640773031899 1640773032727 828
d7979de51c4624a0bf6aec7e904dd2470ed7b0966c2c32388ac95bfaf14e5b34 1640773044730 1640773045786 1056
f3e01a242eb0574293b4151f9193b1c7516bcc7a88a6f3de7d77fcca184d6a0c 1640773058187 1640773059338 1151
8f4551eef31672bed5a1f76887800943202a749abee144b14de2605709cac4a5 1640773071190 1640773071933 743
039955fe63a29ed4295231659e0bab5053cb84fe8dafe44d27604100a1a300fa 1640773084029 1640773085203 1174
78635a5a971fb8a16f175dbf6e9db85316d11fefb161a0be5e8876099d971087 1640773097078 1640773098124 1046
c95a343a421721c3a1de17426338eb17a49ef3553453584d426ce5b72ceb84c0 1640773110269 1640773111242 973
e40bcb126e76d492646a8a80f70289a495ca3599fde8b42c6de08723bf46285b 1640773123322 1640773124353 1031
738a123912baa494589e901719891909c3655eafc4eafe7a3285c0b82874cba0 1640773135916 1640773136957 1041
a230d25d36c2100a6b13ed2f7f801c3c9f18015d2c5daaa5c548d326dfbdb245 1640773149102 1640773150102 1000
794028c63f8f0cb3ddb1b26908b41d07b1d9b46a5a38b4ba291d2d49f568a948 1640773161449 1640773162467 1018
100ffa694e74e72eb59ff2956d7b91dd9925e734e4ce8b5e8c861ca34dadd186 1640773174084 1640773174946 862
3f150253df7a5a15e90d23ddeb6f0c59ee6985c3a92bd24de9ac0ab354bcb7bc 1640773187246 1640773188308 1062
d95925d54ca3d504688bf4de7c42e78e8275cd6fe7545234ab1bc9f695862128 1640773199946 1640773200802 856
809ec67833ee83feba79d61cadf2d0344fe6808084cc208200bdb5036a97b47d 1640773212701 1640773213730 1029
4c3a5caa7baa855b90ee857b6ec86356659222560c585169bd4abe96e9eb8504 1640773225255 1640773226085 830
3f9273cfa0677c883cb0d48c22f364bf81d9b3dd4e918cc08a7e1991243fe90e 1640773238100 1640773239134 1034
dddd75efeb697614c322831c49a27a1d69c6aebb8ec84b4cd8b5dd128c64826e 1640773251142 1640773252039 897
345dcb04f6ba54b23b63adaa0df429a1518b4b638e4f82ec0882775f8cbef180 1640773263587 1640773264618 1031
b5642e53d490c0dab5515d64d5690fc9247d29646ea6a89056d3aaa9b022bdb6 1640773276245 1640773277180 935
333c6f0c106023dd085220f882b205fe844a0ef159d19fb556d658358930b55d 1640773289042 1640773289852 810
1b1b42675aa02704bb1d2a184fdd6102863af3e657739b89e6a0289ebd19259d 1640773301552 1640773302572 1020
7362e653e040b691bea7715d2e5cde3e105ec182b63fe0e53df0efa3b3b22c41 1640773314154 1640773315126 972
