6ad09bf3084d3bd7e548cc8974fcf6d4f74fec7af454735d050e4532ec7fdeb6 1640772681038 1640772681914 876
29a4629055faa64b22470521c1e3ae95fe140539b590ba230075db7bcf8f6f59 1640772693975 1640772694854 879
faee44b5d9f253d7b350a70be7f5886e162b7a3341da71a2c00a41d09b7b2618 1640772707198 1640772708349 1151
409dab935e79ffc26f1064ab8829a9b8adee116508a4a347849b5ec58ca25bf2 1640772720490 1640772721517 1027
31569d51aa35c59e1a30d3f8536f602ca8aad3a32d0700fe80ce00a4b8fcb4cf 1640772733308 1640772734317 1009
48ec375f1050644909f800abffa0eae7fc4669fb2a4174d439ef2ef7ec99e7b8 1640772746070 1640772746853 783
43d0af9987d01f9458dfea38d1ce45eea42c743e17fcd5bc98865ed0c5126d17 1640772759145 1640772760208 1063
566b5967ecfa3b5bc24eb44b41a4d9ec06b5eb43d49ebbbf9f05135ab1ce509c 1640772771656 1640772772678 1022
b7817dadcc6e4263b8dd0df86588e3d07c898acde028c2aea189e4a227e28920 1640772784254 1640772785255 1001
39a7333eb23226cda0a1ec3571482c85cae58812277f0bd701ba5f5ea10c055b 1640772797223 1640772798357 1134
1df117c5aba6c4497c0af141e5d1f04340fcbba32501674f6c40c8bd4b5e689d 1640772809948 1640772810953 1005
0c593d3f12bfc4dc8356c701fe1189c2377eb50f44ef9ef30e29f25b9495b52c 1640772822426 1640772823342 916
370b1fd018d0410f121723969ea88ff25391dc2182c00f197fcd3a395ef53d9d 1640772835088 1640772836135 1047
ad723ce42a12f46f07b0d4c3b780d60aa3c2f083aba6904fe75549b9992c84dd 1640772847949 1640772848803 854
94da2a68530ea4945ff3bd080f70eba0eaa2f953a4934e35caf6182fc1178c84 1640772860437 1640772861486 1049
3bda01c779fd339b3f45453dde620b21fbd31f75e81a538eee3f4a17cd8d3151 1640772872893 1640772873965 1072
0ac4fa4b4592bc79772a692c67a4dc48e88a6f94ad01936bda6b94632283beb9 1640772886042 1640772886797 755
de6eec6e2a105d842cc04868ccfca155da314216de037fcca1862307214922a6 1640772900087 1640772901162 1075
d99c617d65b52c777a8bd4037e5f66414db0e27e17e363b8ed028a4b6db63c2e 1640772913587 1640772914630 1043
69cf65e668b85ad32a5c0942e4346fec6e8d3579f5ce55309673d7e736e9fdd1 1640772926569 1640772927687 1118
b94d50af9d4e8a932994d3dd042cc57a3f40b3a0f8cd9f2af1f1c984ef9e4dc5 1640772939980 1640772940764 784
339d108219b838cd745a1097c81a490512799f224e44908a2f90d8b9892a38eb 1640772953137 1640772954115 978
63815079df79f8899073874082d1a36e13da13b67dc92cf85895a76639bc8c19 1640772966219 1640772967280 1061
a6334ed46706e3b224eb52aa36a55b4292dafd2fb62195e0dad31512b0ab9652 1640772979375 1640772980212 837
f848cdd5cd98a4de3c6cb35734ccb67a4780a57e826a97c3ad510586ab74bfc0 1640772992305 1640772993331 1026
c99008c16203595632ae53a314d446a388f74cf57909d31da6c2bf46d9332f8e 1640773005515 1640773006260 745
94ef2b70bfc9f2a03e3f554093a1300a44771437bea1f6530e58c4d97006e5e3 1640773018819 1640773020053 1234
f0337b58e454e7be9ec98505823a5510e540ae28314a860f8f7c534d8c844fb6 1640773031894 1640773032698 804
3275f41945731b5d6c4d3f5188ef1ef084e488ea271139f77930b40473bbae95 1640773044724 1640773045767 1043
ec37980629795231ad5c4320a1b127b16d7b9b4074eb528e742a258b65143b49 1640773058182 1640773059108 926
b35e08ac432492a45a8fb2b3d2258e63b3d57d533954253f6788bf183b5de3b0 1640773071184 1640773071948 764
c1ea5c6bf70d092646f54a3902624835ba11ef564d692d216ac961d461114f84 1640773084024 1640773084928 904
72829199b751720a692c9a4ae741a181c8c93ffa4036a602cf86358399a774a0 1640773097074 1640773098109 1035
4a871734d9e16f5c1cd816943fca90e4bcc7339e59e9fd2a5c84b24ea0eb0dd1 1640773110264 1640773111246 982
c425f9dd44fbe29658c27923f6353410cae4d97183bac1be2539598d1ccb3b9e 1640773123317 1640773124362 1045
831e6569dc3d304f3a59c2a14c6b044964b9441feffa56958cbd413cff91e658 1640773135912 1640773136649 737
32674ab987254bb1f2ad6b3d425ddd506c1b0ab5280a318e90d08c80b3fd4bec 1640773149097 1640773149731 634
7126d78d8db2f0c82f5e086cbff9692be80dd31abde63557e03a811586b7f5ba 1640773161444 1640773162217 773
7aafcf6bab2217b31c54e08c57ade5664d54d6bf7061085c50ca70c61e47c263 1640773174080 1640773175075 995
ea5e569e810ebc97a60cd2dd6b4140a8127742b41cb8611209d90690a9dbe1d8 1640773187240 1640773188065 825
bd17b91a3cf72f284ef9e2b253ea17fba0b5b67d90554f54beca04968161b069 1640773199942 1640773200725 783
66d1cdaed062944bb3e70e67778614cf3d5f1471de69d1c716f21170e875e3e5 1640773212694 1640773213727 1033
b673b381d7bc66e0a062684bae080f0ba092f2a8a760401843c27cf0497536b9 1640773225250 1640773226142 892
2a26d4041053b00b4d1091c7e30d0e3527342b2e526bd7799dfecc84f18088da 1640773238095 1640773238845 750
9ac8fa365eafc41e5695b57606b2417b86e970f7bf2ec3690c64f750d8b282eb 1640773251137 1640773252041 904
a719e4d6f03b97664aac399259deab37655fa45a3ee9b2b1b5ca1874c82c8748 1640773263582 1640773264611 1029
f5fd9bbdfaae63bdac93d4f549d63a0b637ee4f7f0571f155266a2b9ba3f38f6 1640773276238 1640773277184 946
d511dd2c909f51b09cd51ddf114d760665489a3fad50312481de3924bfc9c3bd 1640773289036 1640773290147 1111
49028804a489fa0fd10b2948e6341c2389dbba4b454ffc823141ef066830a32c 1640773301546 1640773302573 1027
963cd90bbdd62fbd23f799319cd8303643e00927118b80aaebacdc16a13b0311 1640773314149 1640773314892 743
