38cfca9a13f89136db50949aa66eacd579589afbccc3c5bef496fb6d23e4407f 1640358777756 1640358787598 9842
5f0f7dd1bdd99ad5bf351950af5581b1d61da7bd9f101cfb70b08484518fdb0c 1640358789366 1640358794983 5617
5aa5a1878ad82e3c009352c3f63e0a76d946a68eb41e42c15e0bef816bf67b9b 1640358801660 1640358809465 7805
f542bcf21d479e1e857f53feec693620faebb60b4d8e8f9e2dd36afbcf30316e 1640358813964 1640358821762 7798
6fc105c7fea6ae7cbb5b49155538bab49ae9ecc9215f882a2ab620faad71dc57 1640358826421 1640358835288 8867
8aa7181d9cda8677eec6da57c673257cae2155dff0b0ffe9730b3eb89dae0972 1640358838700 1640358846444 7744
54b6ceccff69ed701a51bd2c9fd673bdbfb923f0c0a2c9c5a9d56b112ff015ff 1640358850891 1640358856581 5690
76068827b10788133963cdd50012de28f0db63322a5895e281a8a769df717405 1640358863252 1640358872137 8885
483dafbfcc8cde527e98b7e01077d24350431beb0645c7bd4694b014b23d40c1 1640358875651 1640358885482 9831
492896221a288e54812a1a74556f1459ca5a50aba5a83daabd1b211da4fbdce1 1640358888060 1640358897957 9897
f6b5734adb7c16e7ef22405d5a618c93ad3449b6ae6a3e2bf1cf831a817b72a6 1640358900300 1640358910171 9871
f01629181f151f90fd498a388a598c8a96b4fc0e7d49a055fb3f84dabf95bee3 1640358913016 1640358919728 6712
872ac001a7ddd4a1cce6709d7303126a777baca82158770cfe41e4b0355080a7 1640358925313 1640358930725 5412
7d7092df3411a4ff350f4d65ba8e0488d013c594b24100cbaa83052909ce31a7 1640358937633 1640358945359 7726
25733cce0ea8d0bb2a2b1f17e87d0aa71140382ef128c5be08e47fdd40fca82d 1640358949902 1640358959723 9821
f50fd667b804ad7fc6305ede9a5754b525e254ab41887f9bf518c303acc2e985 1640358962241 1640358965784 3543
e4ebd1a6fd8f8f40dde500ba0ecbb32f84ba557a3ba19c599ba1ec54b7fa8437 1640358974501 1640358982279 7778
0a43978a81e6472f2299416bd5a33f1abf18fbdbc96849796742afad69830b4e 1640358986858 1640358992491 5633
6c223aa541ac3e02408ac12ef09957f8627594b9d93144e28d7ad2a4a1bde2ee 1640358999264 1640359007747 8483
6171d9e7b106f23bcf931ae4a2ef5634ab5838955b033921f0e8a1c23be06a86 1640359011397 1640359013905 2508
