a8df5fad04e8fe29c726ac1be25934774486826ede1d7e2a6ec430a9b6b21bba 1640717388850 1640717393036 4186
71a653902c3420ea7184ce6251a10b943ce858ba3a101e3e60ef6eab9e38e684 1640717534367 1640717540589 6222
66d1b3253eebe296fb348d93be411996c8dbd439d66eca2aeb9de56ec74e6101 1640717679434 1640717688130 8696
ad5ba498e5f0fbd3031be49c676c34ccdb6ed8238331d40db718b73c25d563ca 1640717825672 1640717834380 8708
211395930e56bf9857ea5b1ab4cdb1a71f2c097dcfe4ed40a7aedc61652e039e 1640717971335 1640717978315 6980
3363e91780ce74495a8074398ea2d1d7890761bf0eae5d0f8900660e3028da35 1640718117310 1640718123690 6380
de79d596eb2f4fc7f786bec4c2de011ed6007132df46257b3f319bf584bf8775 1640718263978 1640718271002 7024
bd3f23a1f4a13f81207cb313ea58549a94893ff6e9420383852d066de69015df 1640718410108 1640718417504 7396
9222375d171712a1c979f983a2fb268f433863c5e84a7f78bfa04a9c8b1de457 1640718555923 1640718563074 7151
750c6cebdf99598b7a4f6e3bd495a3c0606253a7bf0083b514d3aa99230ddcda 1640718703037 1640718706245 3208
029164d5ac0ee99f632bd50ea054b938bac9d42a7ed2f5ce4654a0f1e175dfc3 1640718851874 1640718858550 6676
2fab1624337902a531922ec6a9c1c2dc8ff32a87b57bc3b1fa9310a6645d12e0 1640719002749 1640719008533 5784
7a2fbf1922c6d6599c37879c9f3cde3c4a3e3915a8a745721d01d20fb8b3c37f 1640719149985 1640719157564 7579
1f25f2d3c941e6e6a94ef374fc482f76d18d6643fbdb608a134498650be96dc2 1640719297519 1640719305905 8386
4f0ba48e0a3bc6d776b5f73b08c25e2d70cd4ef1735436f707706412f533b27a 1640719445668 1640719451113 5445
004f152d45bcd7c97b74ea506ae3793c303c0804c295d62dffa17c43f20fe076 1640719591956 1640719597192 5236
7a000162282f931c85bd9f94bd7bd40efeffce7e982224685f67e6fbd1e2cea3 1640719737899 1640719743346 5447
479783293fce62421f2d31a90f4109c0ab5538e0dc4db0b4a8d528eb7a7ed578 1640719884584 1640719891041 6457
5ed65489603d6ccc5c1d59c7414f98977d17a7f59ab270e12591e2c6b7f6265e 1640720031548 1640720040596 9048
44d1228f28b9b1be82b73d45f9809f04b2d02175bb07f6a205c16c8210fadcbe 1640720178460 1640720184734 6274
