dded822c5a28f7b9e524add9d54604a11fc9aeda3a37a08be4919b3435516909 1640717388845 1640717392428 3583
d4f4058c9b22a5c2ccb0a9b93969aeeb26305e1e7ad41f2a10ad0f1f9c56ec26 1640717534362 1640717540830 6468
97fc6abad30d341adb5ed6e3c7325094244fa997d7c3f31adddc4b282af691d7 1640717679429 1640717685361 5932
4f5cc95d8762fdf9d803b3cf2a851f4f51fc675ab8100379e3fbfe7b077ab721 1640717825667 1640717833486 7819
3b07b13b25f4d6546a1a35cc2f95dee7c3c1ac64a1c6f625fc862cdb0300c456 1640717971327 1640717977968 6641
9a9a59cf5c78026c3967c1330a23da39f916284ec9973d19f7bde9342dc809ea 1640718117304 1640718123505 6201
2130e5cdcf93e5b070e420eab231c42c775da2a0b6f5fde537e73512b148e6b4 1640718263972 1640718271011 7039
fe201640b277c7fde199dfb03b70e00ddd3e25860719167a394da3eb18367e66 1640718410102 1640718415333 5231
0bd47da494a546f0d6c9ac8f75f209067b744444d37f65745dce0e51902729c4 1640718555919 1640718562636 6717
67d50ac7e0faeb47be4a3019da0366a81bb23cc1b3cee389c976f14b35b22fef 1640718703032 1640718708980 5948
4292516fa012a8bd03430ccda7ae471a9f32b747e46a3b59f618ce570f2302ef 1640718851869 1640718866092 14223
4719fb4400303725dc7f958ececd9b3d9ff4f426895e9f09bc020f38d3d9db05 1640719002744 1640719009650 6906
37f385780ab21e9b25bfb130eec5a9ef1336155762fd026ea79e49627c062e75 1640719149980 1640719157472 7492
6e19341cc94241cbf7336d5daa3136b745920fb80be785971ec9d058ab65d422 1640719297515 1640719308410 10895
0c975c7841f462da5ad40c888ef51cb9b79a01ee8d5a49677ffa303f2de90d1b 1640719445661 1640719452262 6601
ce5b6c2f6671c94a912e22649a6d91dc27b49e89c68d2c06f35a6366eea78f75 1640719591950 1640719594164 2214
4df690157ad42698b2a349a211ad494aa2deef2a8e89debe19b2cb2198b18d6f 1640719737893 1640719743378 5485
6738e5f03391a8bad3ff4e58dcde0b38acf20d4fe07dd8ce134329f97af873c2 1640719884578 1640719890864 6286
48aa5baae467b32a94211e1a93a79139c0ca4d77e2cff8d523b96fce5c199d36 1640720031545 1640720038529 6984
e07b89e890c357ea51535ecfcb94994dc46d22225fd95488b638d8383849fffe 1640720178453 1640720184133 5680
