9c5d374f69d117355c0415997ead55e1325ce61c27a2cdb2a585fa9b4730328f 1640717388870 1640717397303 8433
d8e821e5ebd49699bd9371eee06eacba7d925cb6a9172431a260d06a67c1b7d4 1640717534401 1640717542980 8579
ca41b6b34401fe667e426702c4cee1db68f1ea16eae5f5a2feafe751e8a7ebc6 1640717679459 1640717688453 8994
4566c491621fdac8f923906cc895d728eca01415099443975d1a0c652d06709d 1640717825700 1640717832966 7266
642d3027bc4e8f9034d8bc3c7318ee59faa84e5f270f9c0057e45468fc8f1047 1640717971360 1640717980035 8675
9bc0f30daee0dc71cdf9f287a44ac7c20cfd1253ccf6b942203505f5cc4c4df7 1640718117341 1640718125936 8595
a19c281ef1adc1dc841d8171d5751164b7a194e28d3fde04408cf506ed4497c9 1640718264008 1640718273683 9675
f94305b4acd2cf54ea6eefe7639d82c7c6b7ecf3d4467815924d4bb08bb2aa90 1640718410132 1640718418970 8838
e9779952d8c8194edb998d6e5cab83c53dd40f48b37edc64fcb4376ba3f90d4d 1640718555950 1640718565913 9963
e6adba2f81f2caa94bfa984dde4aad36f7cac76374b5ec2f243cad2728e7832e 1640718703069 1640718714684 11615
4d8dfbf7f60aaeba3922dfeac1801a8393af01e6da557ccd4ef81a45a373d896 1640718851908 1640718866685 14777
0511e57aae6729ed90984ea06cc3e940995b4a88ec326db0983ad4e146020175 1640719002782 1640719011351 8569
ed3451ac933b7c110cd0404fc75e4ec097c786f75bce156faea8b312a704dcb7 1640719150020 1640719158507 8487
fbdaf2502bd0468506d77b6f4ad5f2b0b496e87971b074f6c9ed21ef0c9fd369 1640719297554 1640719308732 11178
20c7c48e3fde9e3dd365c2811b3f10ef135009548ff31a1e054e8f38a1613aad 1640719445706 1640719454921 9215
06235856adcfc9ea7d8a7b81733a219996c004d1bdaa10bd13d5ead6a65b2209 1640719591987 1640719600674 8687
57b917443895868cdff369208c78f7538eee4e288b0a73c5bc667a841598a96d 1640719737932 1640719747175 9243
02259278fc53dda74633492131ff9cd0e136b99e1ebc1049152265199d9831aa 1640719884622 1640719892377 7755
36b0bddcf070a2aafe72aad8f941e08505517715a9428e44a149813b07aece18 1640720031588 1640720041815 10227
5f318d111fcb917834b7eca989f7982499196aedb265a8b4b7d9a7cdbd53162b 1640720178497 1640720186593 8096
