62e509442ea60ce35175263ebfc35ca6c724a349d6c9e726eb5c6f02270cdccd 1640717388851 1640717392641 3790
47b9da7d7ac2e237c764beda1ab86f4071a40160effb383519aa84f26c15e658 1640717534370 1640717542014 7644
e1509b63b9442e9b8561ca4c8c5f7f616b924ae6793d25c1454f3c8a1f08700c 1640717679434 1640717687715 8281
82885c592c2dd5a73539b22a9a28dcdde310ab5bda233a04dcd073fb5fa3743a 1640717825674 1640717832008 6334
c89ad239ea6d053dc33cf8c5a4838e672709443c0067dce3bcc465d874cc2255 1640717971334 1640717978018 6684
d18aa655e1ea36582869b4d5676e83ea0b3fbe2bdafd3e10face95a32e6e68b7 1640718117312 1640718123418 6106
5e6fafc0aee6b795149e22fde2329420cbc123a8583042e3e361c51a773d8340 1640718263980 1640718271036 7056
5fa88048c25e66d52baddcd28c5495732262e465fdee75981c48d188d55cd098 1640718410111 1640718413870 3759
05bf5646ff6072c69642e0cab22c72e1af4e49a7bb9136c07ccf6765ab9454e5 1640718555926 1640718563297 7371
1a618cc82185240b2259ce19c65c15095ec9b1beef8ba5bf3c2a2a428a3360a1 1640718703039 1640718709475 6436
16c5177b5fcd2f5c58081333c817753f8fa5a35ad2dabdd858ee0a487da51e48 1640718851875 1640718859565 7690
94cbeb10c92f48bb10c34c5498f52d65f1ce03a1f1bc5e897fee268072e80adb 1640719002750 1640719010003 7253
cb0dfa1295b950a30a26b2e20b3d35128474eaa0af704aceb483e293d8390199 1640719149989 1640719157881 7892
544aeaa71269d95f43b2dc56c0d3632cfb23f061a0f3801fe36bad2210b5001a 1640719297520 1640719305254 7734
c9b70494140c87242e6f7e97d59b16e5bc0356183d638ea3a40420d1d5a403ea 1640719445670 1640719452075 6405
4f29fb08c76b10eef7d18318f277b7c37840218afee12015000f62291e05dce7 1640719591958 1640719598283 6325
3ccb6ab2eda0b7d88735909a9620a1ffd34f74a20f8e56921b4b8655a2562e12 1640719737901 1640719744056 6155
3cc76f472b64a00e9d210bfaccf1952b79bf9f235c1c581c9b2881a42026f795 1640719884588 1640719892663 8075
cfa4d1c38964c64d66f538860070548a78a7f0014ef7af5e39dfe0f921164931 1640720031550 1640720040850 9300
3878439f1b3fb6a554f7291e7e8e7bfa48c84b7ad1b9856eae8655338ea713de 1640720178462 1640720185701 7239
