a72ea732bbacd7a313cec1ec6dd51e7b245a1d264e0516a2314ac2c0dcc1ce5f 1640717388841 1640717392327 3486
cf24c6fe0756632f816a7775879967354773f9988dfea26d880ffd17ee4db128 1640717534359 1640717542585 8226
9f14c17ae165213e7d254093e0fb51b203afc7635bdcee08551a0b2ffa8f96b5 1640717679423 1640717684424 5001
7bc8565c1a828b0994b4238c8d85442294bf60f6dc10dbec428c0bfe846b4ad4 1640717825664 1640717834909 9245
7ba34c315fe1c9d48e12c854618b04b7c32aa54de29d1aa149eb3ae7d4644be0 1640717971324 1640717976557 5233
784b8266121b1a24951ce30d15a914b321328a2faec3b8586631c143c8f217ee 1640718117299 1640718123419 6120
efad27eea914b4d7c1c556b4b8f2b55f2b24c13d96ddbb22a95b1f3e4d472dfa 1640718263968 1640718270861 6893
c516634bdbea9ace4f7113c6e7e7ff41801e0f1327c5ff5ec018c78719cf1ccb 1640718410098 1640718414249 4151
8ae869dac5be38df2546030058b26d7c758f2e3a449e16a5409036e678695e64 1640718555914 1640718561836 5922
c49b4dae7bbeb290e8643b8746d6074fa8a96fdd23c4e47e0569778717b752e3 1640718703028 1640718715218 12190
d14e4155020f4e0c8a087482c7c9ef160602a5e6e313712664fa5ef0e2c61307 1640718851864 1640718856953 5089
c81f244c5c42e24e49d4a3949fb32ff8248adc57b7d349f78aa7f37b153a7aa6 1640719002739 1640719009588 6849
0f1805341715ac43ce42722afec33cc98314ac7a19c61cc0357767f4891f63d6 1640719149975 1640719156392 6417
02946e0c496e912bb01bf674d80342f0438cce4ff7ef155ca78446a136118f3d 1640719297508 1640719303552 6044
b777ce126ae99a37299fc8a88f4800d50918696d7b172b89b7daf1037465940b 1640719445654 1640719454454 8800
280493d17d9efa3e0d5a0e42543830e530229a4901c90e4c1383f035936c4213 1640719591947 1640719598458 6511
d342fb14649ed1ee8012609f0da71d93ee9e56da6c08d66e403cb64994074091 1640719737888 1640719742012 4124
7bb900eff2401e4a30c0ca42c6f316ef3cd8e5a76c96b3ceff7a765815fc38aa 1640719884574 1640719890872 6298
df6fba11bf78aa385b9209cabe3943a166e17dbb57decdf31ca3a3bc05018425 1640720031538 1640720038174 6636
5d677479e1466e61cac9f4e4bf91536d4eae7467c180817182dd33778034fd60 1640720178448 1640720184526 6078
