5dcc11e58319aa7defd9c72c7206a499a15e4c4d4afac58fc5b7e395c0f3beb1 1640717388825 1640717390156 1331
fd5cb51fecfb2c9ca51d6332f8edf02fe7e7b1a05e55c2978faf379f07f78ea9 1640717534339 1640717535572 1233
1c0bc3f9c36997cbf5166dc5b626e16c3ff9f73b06318552f6e7904088036e4d 1640717679402 1640717681051 1649
6df10e0a9de89ab408535d011aa5fd938c3c8de5d3f9a5216c0e8fe4ef8c9724 1640717825642 1640717826958 1316
bc0c522dca87eba4b60e6ff80834ec55b4a24ab97652533fd66ac0a61e42ffb5 1640717971300 1640717972626 1326
1522e4bbbd90648cd899da247dce7b03196809841ab5dfccfe311a8a68d73e59 1640718117277 1640718118677 1400
8028f6de2d867efa959391cd05e1af290ed43a11fa25da08130ffd39c930be8b 1640718263945 1640718264988 1043
789579e71a2c76b0d7044c3a704f47c0bd20dff03a37b80d9d48b2879cdeae56 1640718410077 1640718411730 1653
7caaf8e372cb91d25ca41cfe217c21b7b2b8b51793392a13099ad4a680bf6d9c 1640718555890 1640718557248 1358
95ef55c677d24d12d66aa2f92c27c34b47638e193e21a3c90b50c1a62c497730 1640718703004 1640718704611 1607
a79f52be483d1fb1f1464b0cd50d006669b1d207d85227119986933c9de5adcb 1640718851839 1640718853655 1816
edd76d64f08cc74f1b771aafb754d61c69c3d2d06e2095657b8b1fb5c89f4969 1640719002713 1640719004128 1415
2ed4891a6dfe67d16961ae1cb75abaaeff176a9c428e35be0fa7be9126dec170 1640719149953 1640719151114 1161
24b56281eab594efcec289793408eefe0d2d43ae17c83720ee164da7b0e53571 1640719297480 1640719298856 1376
6ca507897ecbe0673d03ad4c652417e50c208659bf36d729852070b4fc59bfda 1640719445629 1640719447360 1731
989994fbec557454e1309dc98ada2619fae910b32487b0fcd7b9458c596528a6 1640719591898 1640719592464 566
e09dab8a6da9e4d314c25aef72643e9f688205581168ad3050b9665dea6b11a4 1640719737862 1640719739924 2062
7f1e14c931420939a14016223daaa533eb24e2441f7d32741edd089e8d22d38e 1640719884548 1640719885969 1421
061c0621232e6de8287ce3c96f68f60e1254e9973c64997c8f88b7f8dbef08b6 1640720031510 1640720032771 1261
904fed1b844c0f7ead15167f95ffc6560deac1aad419b495f1afab446be24fd7 1640720178420 1640720180133 1713
