f66cdb521060d91c7348e9086b095f173052c7b580f43aed258ba2a8f36979ef 1640717388860 1640717396619 7759
0a8296d24d4b3f47b8e6d459f88ea8f71a2d83b2718a3d9a0861a0612b1e27cd 1640717534386 1640717542126 7740
ed4f43b7d81dd18affff9b357ae7b0a72e9f498d4afcc366525af8c7bf764e2c 1640717679445 1640717687406 7961
7e6e0b26d6e077381dce708b0d8df854f53e41e2fa79ad04d5fef9b88ef13a56 1640717825688 1640717830746 5058
22bd74338195c31e54ebe3582703a117a89e6bcf3a180d62ae1a7a6c5bbcaf9b 1640717971344 1640717979484 8140
5708ee7e19cc6ea9f495e82673056fb95365fb7918a2c87517f2820974b781b0 1640718117329 1640718125275 7946
503c2d68683b1e71aa66e585ae61d305ceacd823571b9d96ab3117788686f416 1640718263994 1640718272456 8462
590343e014328f5ed0716e7a4cd398be68f36324c8ce00282b5ef8242a3a42eb 1640718410124 1640718415389 5265
b5e15d3e5abf192fec246887b9fc1d85fe413482777e8f7a860976608cb55a2e 1640718555936 1640718565738 9802
52cbf80df0a188913c7cda910ac59f66ec74c05cbf741df9f0244b517f862bbf 1640718703052 1640718709226 6174
d3297d31452e356c38f163e11758f7e1ea47dec012c63c5c2b63c2492426a1e2 1640718851888 1640718862475 10587
1b4f7c745afbb57a830b4ff94d7553153b6e64b6795f631fd86941eca5693860 1640719002766 1640719010845 8079
2c1bc46192f2aa43b1cc619fb60c3693642023d60b6fa27dd0871dfb2477ade2 1640719150000 1640719158061 8061
586735a31e5a1425043ab713113aca39d3bd6b0d4f615cd1ced7e1cd0020bc47 1640719297540 1640719308828 11288
db8a7a9028457619c9e20237de344bde7e77a06de88b99ead7cd01c549201963 1640719445686 1640719452545 6859
03ac7dae105c919dc4881cacb45f12e8701dcb3c21ed2534a62b66e3178c0d23 1640719591972 1640719600673 8701
3a520efeb22d48175c686ed8b40a133fe61de56d8d34f4294fac51708dd566b9 1640719737915 1640719747036 9121
88536dc216aded0c53911dc349e38690042c21672d1b938f27ba745006f31da5 1640719884605 1640719892708 8103
bcbcc60c19ad17c2040a5732a720030aac16a39c3ca98e22784ada5892c27f6a 1640720031568 1640720041148 9580
3b85cbebc10a552d00149099b3c0aa62af949845aae67ad2b98111bc2b1068d1 1640720178476 1640720186694 8218
