1ddccc9c83c61a9cdf4193cd869de52a6d15380e304f330c78d6e8df1bf5eca6 1640717388842 1640717392324 3482
2af6c4ea5bbbd640296d1024dd11fb601ea9c969c05d2d9099619a7a6fad1e73 1640717534363 1640717542705 8342
8796ce66184993f360a94371728f1e9a0987b832bb2f2512b5babe7cdeb7994a 1640717679424 1640717684390 4966
e6e4b8578a2897230dcfdde926b1be6a0744e88a48c3cf27ff64ab9ec62be6f3 1640717825664 1640717832639 6975
44593986813347177a7fd7a2b0ca4317b632222e00e61a4e7740d5d151ae91a1 1640717971325 1640717977861 6536
b210b62a4161676ae66e952d22be5af1a1dc5dd99dffb40e6ffd23da71f84ff1 1640718117300 1640718123347 6047
6f448d403864cb2b90dc84df07fa9b3f58a06e31fbdb8138a376f03922f5f744 1640718263968 1640718270784 6816
d15ed90df0406fd3648dad53e7bd70907fa2888ffc495f54d128135162698b54 1640718410099 1640718414729 4630
61168a6fc8c78d5104287e75ad0794f14abaf8530720f6aab1ccd06c4481bd87 1640718555913 1640718563041 7128
0a63134d8065565366ca36d3a3f1456a878ec4d84f930cf94a0962f073055737 1640718703029 1640718707705 4676
b06f1848e1ee5c3738e6493e1b69e28257ab59d61ae64da1cc280f2c6c2933d3 1640718851865 1640718858214 6349
b75db926b673b43388627398ef74e95ca0075986db2c27c0ef3afd4f55c681a7 1640719002741 1640719008319 5578
f577060a31924b89cc913cb0607dca3ef30609ad0ead80644216aceb4eb53c49 1640719149976 1640719155462 5486
0c3e272408376d2e177a4222d4550ee91ff9661fb4e7fa8e57f04aa7aa168fe9 1640719297509 1640719303586 6077
2939c9b87a04770cd025a848a2ef873c5a7875147e0be20d19de27e34aa2be1e 1640719445656 1640719452774 7118
91f8c4eb17248aadebacb51ce7265e5c271a6ea83ac2ec6b82c75ef987049c66 1640719591948 1640719599349 7401
81b72b4c48a8b44dc6b02ae6322548711f201f04024d03d2f4d44e61b71169b5 1640719737889 1640719742297 4408
dec082d609994979dc0b73fa2366eed1c2323e38ed07d14558edb327feb4a342 1640719884576 1640719891273 6697
f2d31cb525a5603484525f1304f083efb7e7967e89471511468e3b3096e62a0a 1640720031538 1640720038406 6868
bb41503dbf4a732049592893dcef01cfc802df9296c97f2fb16a44c7607cb555 1640720178449 1640720184790 6341
