d2dfae9f250eefc12f92a44c54e0761437e565043587f38cfd4e804dcb2379dd 1640717388833 1640717391306 2473
f76312da09292440901d4b67a2f56426ac6a583211bb8887f420019019070a55 1640717534348 1640717538330 3982
ef1ac541c84f91e4cb0bb0967f726ba72394ba0f70a79dfc3ad55cf64d960eda 1640717679413 1640717683068 3655
86253cdac8fe270905b0f3cbcb4cddf8e5f8500194ebb8607568bc07f9fcaee7 1640717825652 1640717831015 5363
b8b20efb5133b43721865d335b03a5507d8334e8f2aa9ece52b754495314c208 1640717971314 1640717976924 5610
de6e3bea00f5cafe3b0ce202026a55c838c64172bb449d4842e2b5b96883186c 1640718117287 1640718121515 4228
38143656512b94ae9403c40362e45769db5866e4a5969a718f868cfb176a8e3c 1640718263956 1640718268455 4499
908aafa45cbe1102d0a676ed831481ee44cf0cdacc9eb0af42343d95aa9612e3 1640718410088 1640718414290 4202
5e5d13b6f4ef6e8814b53beef87d4a71c56a57c1fa05389c9f4a21e7f31e163b 1640718555902 1640718561039 5137
a52a02012aa0cbc4b91f36f5ccdaed10c47dd4c46d60c402de0a2813d1f8672e 1640718703016 1640718710426 7410
2eb4d5a6f2aed8afdb680e48bb1f87749159afbe5413989c45a8552735578ab2 1640718851853 1640718855582 3729
cb0d7883ae6f57e690c8fdf075bd3f6f27e592a10dec7f567aec765fe743e346 1640719002726 1640719008033 5307
ec3899dd995513b769e3696a9b06d51235ef2a61881cb8c691cf7bbde377aa13 1640719149966 1640719154056 4090
c7e2a205e2b3fd3f51cf37e98315ed0fec5aeffaa838a29cd40e87d9d916e335 1640719297494 1640719298940 1446
605b40717ee931a0cc74f6fb5816cf8d05c4991864f1e58d8e429982d45a0b0c 1640719445642 1640719450765 5123
ab4180162fc90a77fa6e2f791ea5cc6846892038926305e552333264fcce9ed7 1640719591934 1640719594587 2653
b26d3a4da58831072675a11879d39aa4b161d07fa94511d2456db962d2b82679 1640719737876 1640719742897 5021
38c6f67cff80fc135a5a9ca1019017d52d38ec475a2c56e9ba9e27ba5018bce3 1640719884562 1640719889231 4669
d266e09f28392ecd9b31bfddc6e92c5623439dd7cb39966a6356abaeb7cf59df 1640720031524 1640720035811 4287
ab9bd8aafdbf662aa0fba1d9be0323d68385b789f63ac5f512212f83ae3c56d3 1640720178434 1640720181920 3486
