090b2dbfdd1c7def028f0bb52e9861fd9b2e92f224dd2ab8b5007c837650dbfc 1640717388871 1640717396943 8072
93eee6123ae5f84d8bfa25a304c7e4d4d0cd482a28540fe0547ac16d7e307294 1640717534400 1640717543169 8769
c654ded2c4823829f5521e7761c77be684c7f103026de0de4266520fa583c17a 1640717679459 1640717687791 8332
955959c0776ebaafc0996665aff5c95109c13a6831f31ead66d1d758ab9d4d94 1640717825702 1640717833259 7557
5c6d4ad6c21d98ce919f0d8a585436483289cf60421f259760df940df3e40e17 1640717971359 1640717980878 9519
712343ed7749deaa6aabeaf59e6ec971c4d641a8332445ea0ea562eb85e41324 1640718117338 1640718127722 10384
dc4b5b39471739648db34da4763cf6941f003320250f92ca693ef8835b8a6b2f 1640718264009 1640718273390 9381
6f318fff03aa83db7097fe4083016f5ffdfe863823c90d3d72da58c756430f14 1640718410138 1640718419174 9036
28dc4cf7f4f036ca9452f74a568de83356d27dde6ab55d4b3b4caff8ad0207ad 1640718555950 1640718565758 9808
be0912fe20bf07b8bb805d22a85e780050d6e3696e77ca63d3cd8cd1239d1661 1640718703064 1640718715555 12491
463d07197200cfdb0120d552af9acf3499badc33051d4c750da0758d90169f79 1640718851911 1640718863013 11102
b756506789ad6af4cc596118b19f3ab836ac29c9de937e3c6f7202d96f5a742d 1640719002784 1640719010506 7722
dd8eba6a3905a3ff81837c9a8f8ec616ec45ad3ab8bd513c4ea845ee6383cb9a 1640719150021 1640719158315 8294
89bfc5d5bcbe0a8bc091c6eafbd126c045439728e698c741210ed165c83a9b07 1640719297554 1640719307561 10007
350f29f63ecd53d9af6e3878397ffba3b7f5cd54d4cbc64f9980d57e9ba7830c 1640719445707 1640719453037 7330
6264a0813da11e354a76fb56915b83736435eb7f1f427012332f8817cdea4150 1640719591988 1640719601277 9289
d6f3e92b5214d48a2faa63473a3b52a8a87de4acd22f5112214d8257cbebc91d 1640719737933 1640719745365 7432
995de416b6b95aa34e13c2711b5a2930a53c9146b2fcf48ec17e59a0b8d49d1d 1640719884624 1640719892943 8319
0ad12c010662c5dbd68a3439f68fb0ee538406dc9f53c926629a3f12ab12b024 1640720031588 1640720041233 9645
425a81a9e32ae1f8895a9540d081e42477cf6485c1969e77e004a2eb9a57b83b 1640720178500 1640720186970 8470
