66f3faeefc878b80ef550585c6d928b57839c595098b7d13e099413626ccb3bb 1640688935261 1640688936395 1134
c4211521025ae7c87b82eb3b888e9e8287e645701088340d7df25abff0dd76c6 1640688966027 1640688966822 795
a9f3ba8d5781c1a12457276638dee3298767ca6d9592c3d61ae3904d0ba120d0 1640688996370 1640688996997 627
1c20f06dbf81a9b49b0658517595e7bcadd9cdf92b77c0a3546ff4a42b27a414 1640689027093 1640689027858 765
88430f16edc5fdad6003a540417bccd903b9e199fc6fe5eb6af50c506e044a00 1640689057606 1640689058244 638
59ea4e71998f4a6fbd77f2c410cef42f84246193e9d14cf36c579690f2d49867 1640689088426 1640689089105 679
f25296a2c1bdfdd17fc0b571d9bbe54cb5a3d64e17ed8a95881fc489d2c64526 1640689118944 1640689119610 666
56a250ab620d3eada802abc9337997931d3e3a80c8afe54aa03cd52c1cac17ea 1640689149810 1640689150506 696
67abb93d643706d10d8d90a98c415a4aefc95a58f1ef083eec2f86c99a0736d1 1640689180100 1640689180888 788
7fb8f35e79ab00da2e0edd6c6cdaa0a80ced723035314e6add5634b90bc2a2c0 1640689211075 1640689211781 706
944e1660e6749daa52fd18fd91399882152d12f8506b9689a611325a42a5cd5a 1640689241438 1640689242209 771
cca4e386a409503951ea9a86e9c371ea5f237205a3b60a349004de7119c2327f 1640689271452 1640689272094 642
812fcd965fe589c25864aabf6abc68e8c25b169c5781636914e66f93f708d531 1640689301608 1640689302183 575
db15f53f1f014032de3a54d4f58f30019eb597b6abd9a7a413964218ee8caeed 1640689332058 1640689332600 542
6985941532244547843e223a576cd39274c7ddccf222444e9f4a7537b40ffb66 1640689362107 1640689362753 646
fcd5925f7b84bc46e286f5f9d259980a3037af8a07fc5536af133594335bed8e 1640689393489 1640689394335 846
8f78f30e9de7a5c4e05f35efff91cddac8a512f40a19e3c5ebc3152c5204fb2b 1640689424041 1640689424613 572
6cd562de82bfcedea864b8f6ccb94ddd91320aa05f2d6c0fddebb61850f3da9b 1640689455065 1640689455728 663
f2d2213ff42fc9aa2cee3f9295e6c9f4cf58bfca9e9ce0c6869778b6bce86616 1640689485512 1640689486463 951
4e94da8d56e1e69eb8fc28e2b6d2e5778c0f826ef03f12fb766ec0f8b1ad5038 1640689516164 1640689516801 637
