36074cd3ea1f84d6d2cef180c0e756fd2ee00a6357a4e584b3fe1420d04108a3 1640688935277 1640688936572 1295
9ed6ccd9bdaeb04f89f2e6b07c96ea5bd21231b9a2a6f8f83749359f58eae2e4 1640688966044 1640688967254 1210
0079be3511b96002f21b653d28f3ccc05f4e462a21b2eb227a8bb7c9aefc1277 1640688996388 1640688998034 1646
04952553bc1d938a7367af72bd71ab396c9c1a813c332936639e822e8fa61aab 1640689027111 1640689028151 1040
9f634df0849ba4a8d60c4da6c8690aa6574a32063e63ffcd2e7aeec90e89dfb0 1640689057626 1640689058843 1217
c43a5e6ddf2d183dd71a1e0658b21ddd57aae10a16fdca74e4d594cbf49da6a4 1640689088445 1640689089781 1336
b2b2f06ce7e9d9fe0d3777752c87efc56b9443ff30b1578e9ee8fc8829a6b2db 1640689118963 1640689120221 1258
1999a13a48861fcae322dc7d0db38977f4f31738284a2837037a95c73f31db0b 1640689149831 1640689151243 1412
28ef3ff77027ff0493e8e5d3bcc03013830b6c490993ac87ae3e8b7b9e75299c 1640689180121 1640689181321 1200
114b51c5476379a40b50cfa0db72e6920f12c0ae4af13f8d4619709ad683c652 1640689211095 1640689212401 1306
15afd66aebd22c40e0df6f119e2f57b28b53736d241611e101ac55e6fe1fb697 1640689241459 1640689242529 1070
8085264813a733aecdf5c86235abe44908c0442412d5c3d398d13f845685fec4 1640689271473 1640689272906 1433
fb39e46148dfe4bf5425926fb4d913ef4153f05baf9dfef189322f5cb641cf4b 1640689301630 1640689303128 1498
3bcf9f8e6a109d7868d8bb8824897152f7a102207fbc1d842c7fac183bdceefe 1640689332082 1640689333547 1465
8bdc4f0d23834a7853be09abed6cbdc146efd66afbe1f248ae376778de9ed82b 1640689362131 1640689363484 1353
f8f33515d349da631b0ef7eb48f548064218d999a489342b7a1c5b380e3650f9 1640689393511 1640689394542 1031
f712d86122cda3527def9e3ffd2a5085038c132ad2629a714b7996ca01d24a84 1640689424065 1640689425474 1409
2d8ad09c700c7deef416921a08125ff71deed143562bb0d2b139e61d11db0643 1640689455090 1640689456116 1026
f9ef1fe05be6bbe429164140622ea0edbc7fc22253c8cce60b8ec550a8cfb103 1640689485532 1640689486788 1256
8e02eed9c437d2ba96d7813a75fd5dd27af1587584cbdb3def447e09d6d8a0f7 1640689516187 1640689517569 1382
