8e66cc5aacc3b8f4b66c5a85bf808674648ef585da05f52ba817ed16815bd0d6 1640688935271 1640688936504 1233
8d7d7f21efb045d0b107323a2edf44762817acd6024fa965360454b602ec2621 1640688966038 1640688966949 911
73845fbbe0faa8c428039a9fd43109b0e257190a26913b73fb89305f3b8af93a 1640688996382 1640688997538 1156
d2c39c2bcd3d3b93a00c2e5fa20f1cce047e8048591217b57e8ac381e50bae4e 1640689027106 1640689028458 1352
f3b21e7dee07b677f5522e1cff47cccf03ca0697f047bf85667f14d1811d3872 1640689057621 1640689058732 1111
c3f23168ed6860cd3bd3b32105811306770d087e5266483c548c2ed8b4b931e3 1640689088438 1640689089556 1118
afbfed037e205212d2844b2dd6d9e2a594db80d4ba125a1c19ac6d82e02ee4c7 1640689118958 1640689120258 1300
addad939e24142ce86bf07f1ca2f0f3b3b59c4279da098b81469ec8b793c2a2a 1640689149824 1640689150992 1168
b342757fd8b5e9a8ab60aa18a50eda3defb25e9a6a80dfa81d326024fb172a3b 1640689180117 1640689181220 1103
391b6be162f923f559e796b822bc5e65887c9f9c3b3f821f25e5f30d6dcc1059 1640689211088 1640689212167 1079
c7bdc18570463387d8bdb5591d75578507b8efb6a5d4f9dbe9e70ee874ca15f8 1640689241453 1640689242540 1087
ba53c53ccccf9e4cfcd40fd83bc66821cfc6af1416186474e274f5e1be549506 1640689271467 1640689272736 1269
76b55f7df49a53059adc734da46d00d8fefd4e4ba2073f7f729ab2bbc3acfee6 1640689301623 1640689302863 1240
94304b5ee3e0f17a8225c2426ce08c623a4c2c5d37cc4e0ddca23d781b2598e6 1640689332076 1640689333215 1139
9531a9c59e1993d270cc808aade32077a3df2692d84d7a01821c5ad59648b1eb 1640689362123 1640689363073 950
ec02ef74f8c4121332af39e24e7894bb38b3f46bc660525b276a9985fd5df35f 1640689393504 1640689394986 1482
5c09144516087e9cf3fbd20c31c27c07496e15eaacc7730d80d4d8bca6c63261 1640689424057 1640689425566 1509
795a12c1f4d4919db2e7beff3858a69a6c2f28ac7fcc53908e666bee25d6c286 1640689455085 1640689456256 1171
f87c17171b250afb7ef8720b9d195fc2857a548a1c2b5f7b9b0c6f82c18b0698 1640689485526 1640689486613 1087
ca2706efe57f284b1ee5cc686fc427d7123b2bb48e12ca02500a832e284473f6 1640689516181 1640689517471 1290
