f7276539493ad6abe60513534320b294ca3488b65ce905b7e6a44071ead05e23 1640688935294 1640688937041 1747
1024a785e94f87da168cec1fd0f311fbfcd5512866f4c51b3f578a7ec1f078c1 1640688966065 1640688967612 1547
efe0832a263beb7423795c935a008282de46d49d1604ee88c19b944f620b8d9f 1640688996408 1640688997850 1442
ccd34b58380973d8a59f06406483a18a8c4b9089294be0a18815b5faad22696e 1640689027131 1640689028782 1651
6a98a08fa8839416b4832a6c932ac3700a645e79b01b44874d0019c445c597dd 1640689057651 1640689059421 1770
8e6d69795c783964364624ec72ec5fae4607d369b72f4c389543a7daaed94538 1640689088467 1640689090324 1857
9b5cb912d424ad467ce62de46eaa9f597e838e12697a6c25b0959f88b1a6cb74 1640689118987 1640689120771 1784
d7b99bb805fa274b45d4aff2d4459e3494613f7ae38a7ea53a657fc5993ea9ea 1640689149849 1640689151795 1946
0570a18b7cc6c0f6108e0c2f0557e2f96445954fd3de7f362e6267669a052dcf 1640689180142 1640689182026 1884
506b5578ca45d06776bbc547dde82db2324afacbf27f781d14040902a50bc501 1640689211120 1640689212881 1761
345c9aab55a68b684edc5dd9d301778113abb699caf4bb900a771f57490ec6b5 1640689241482 1640689243239 1757
80579accf66a07138bf7ac81f5d9447083f704578a79a5ad3ebe5f977f0dae2c 1640689271496 1640689273355 1859
bf58ce9292af097883c5eec015989504c6836c119b9f2d103b861ab1882b143f 1640689301651 1640689303765 2114
fb5e950131d284ab19228e6396d6580772fc1dc413fe87a1de53a8bea0d2f72c 1640689332108 1640689334158 2050
b39f2f519c17685e6474ec22759ea1f12a1dc7ce87be2cae718ccb692a425f52 1640689362152 1640689364055 1903
fb744795087e462b048350b422840dd9de66b7b3fb64a4213b7762dbf0320d3c 1640689393536 1640689395255 1719
9ae5f678b40b65e5a919f55cb92c738e3f0c7fa820dbfcf5ef494b605c5eaba3 1640689424087 1640689425933 1846
5ea0855ba0f71477bd699e358e5d9640546c620d986251408461b39c7dc1f4f3 1640689455114 1640689456922 1808
b38f6376e822e7317e785940f8def08d67ac7ccb080ceea9c84299ff33fc0fa9 1640689485559 1640689487571 2012
89c08ee082d28f2c35809d3db5b957190b76d7cd45cf1c6eb330f3646a213f41 1640689516212 1640689518149 1937
