37e59312f4302ab6018bb5a17448abc05b264a4c854dfcefe3403a0287434b52 1640688935286 1640688936727 1441
5c832420b43c562669af624ddf1d5012515eefa3d98e704120642ab3c3938610 1640688966057 1640688967843 1786
ce7bae689c0f1d601eb9e39e267f426112a015ea6668691e8068d3e2e672d5e2 1640688996400 1640688998302 1902
e59da666eb3eec2adec1c41655c5961369a19984f397b3fccc6ba143011e6e11 1640689027124 1640689028884 1760
12e10003547481d4d3c9142b83a6bd6f93d1bd586c229ad2093ae58ad62c312b 1640689057644 1640689059472 1828
4baf59192c95340f164e9851154bfac0fabffc227f3247a185f602ab25839081 1640689088459 1640689090102 1643
3c74c97ce35c03d095bafc3d81b87157b1f3002c87624d72a3b0d845144d88e2 1640689118977 1640689120790 1813
0fb36d8b8d891ee015818844147a67007061ebfb75ad39ee76239e955a167130 1640689149843 1640689151669 1826
8195bd6a62b7f769d01f9922f22841cdbeda051324df7a95a472be538470607b 1640689180138 1640689181776 1638
ea10cf53397e9e76e450261b04ad8860b2aa3f21532de3e9c6f00b27ba886cf4 1640689211108 1640689212914 1806
4c8520338fa6bc06093dc4026dcf60936ad2c5118163258b7bd324b780352947 1640689241473 1640689243224 1751
26831c71b3e1388562505876b112492c423f137defb715d66efbe912c2f7af79 1640689271488 1640689273288 1800
bcf26d93acb579ad52d2d7bf4d919251933adf9563c7e960f3cf56865ed0cf62 1640689301643 1640689303554 1911
9dda902c2881e9a12295c82e5292da50fae6bd5c0150681e9ad79c00631dcb76 1640689332098 1640689333728 1630
98d0fb42afb28a2ae6636ee4dbfa0ca988e1dda6991785dd252fde92fc6962fa 1640689362143 1640689363898 1755
0c4d8be0ce9c89cb59e423ed117b9de20385906b9b173bc0b7780f634a9919d9 1640689393526 1640689395220 1694
5b633f2393ac29696f0b72150cbf3623cff8596c5f8c3e1b833b16b141756f81 1640689424077 1640689426003 1926
ffb3cc02936a03486c471d292211502dda1a20da0070a69ac55559ac3f2d9b87 1640689455101 1640689456359 1258
70e8082bcf0c979f5868be2bb9df5f753551dfe6c88013704011f60e37eb17c6 1640689485549 1640689487480 1931
35cb7df828b703957aa1cbe3b4b2e8a56ef4bc15b34f195e91297c867c0c3852 1640689516200 1640689517796 1596
