0a10cfcfe25a3b30b49481f9c4c1ddc237b90d63b242e4ec70d2ab971da7a971 1640688935288 1640688936857 1569
0deb81014850b94e0bffc367f31482118e7530423f38d60114aa085e80d6a4e3 1640688966055 1640688967409 1354
c08a4736d25022c81edcee5be69b3d35a853aa54f3de6049c25b56d6ac3b4c28 1640688996399 1640688998229 1830
fa37a7a51c75da9d59f8f1e46d32fb7a63d6e5968f9a059687dfe177597928b9 1640689027123 1640689028600 1477
010b697e566142386da0171ef4e97db8771cf0e37b51668579bb7525de589bbb 1640689057641 1640689058839 1198
2d1056bddb87aa788ba97baf810bc8109982b74cf007b679748d62432b904bc6 1640689088457 1640689089838 1381
f21c530cb6936b9dd73167e7bdaea6ece2309f101500916bd3aa3235c2ec3061 1640689118976 1640689120557 1581
94f17ebc15a1fdb80266f70acc59c6e43aaacd3f8e414c9eb4d979d22d06d422 1640689149839 1640689151663 1824
8daa6ae4d261943e073dde4f3b55133e90f022a353a09f298ceeac56d46fad89 1640689180132 1640689181843 1711
7acace189e2dc31389df0352eb6e85494a24dcaa908e651675f709c5eb6fa58c 1640689211106 1640689212384 1278
76ee569015ba46837ccb211adc1a701f1791a40e1f9311d6651a06bb6b68500e 1640689241471 1640689243321 1850
58bc19f658e22973494d00fde7007b4e55c11ceeb0877493de4c416ff4cb07b3 1640689271485 1640689273472 1987
c0dbe3914cfec1c806dd5a57ed34052081f5beba1de25bc3b17e64c929a09615 1640689301641 1640689303569 1928
ef3fea9fa5efa9591534737dce1fde53c97117b5384320a41062fe995a8395c5 1640689332097 1640689333860 1763
7dedba872ed4b81d2a5554b85509161fab3eac46dd49bf906348de225556ef28 1640689362140 1640689364081 1941
fb036d807cd11be86a2c345fd3e75ae64986375f619038bb0248409d42f22aa3 1640689393525 1640689394987 1462
7c7e40542a7bacdcecd9e1d82fa917bbe302c6690af9a086bd74e20090c3d005 1640689424076 1640689425794 1718
35d11655b2aae8dfe0f6b365e703fdf7e113069cd82b173a85d527a7d8f8a21d 1640689455101 1640689456498 1397
662fdbb727547f65aed276000353f43b4202c909f2a50725d67d7f1f9122bd75 1640689485548 1640689487495 1947
4b18d9deb0bf3185cc740b88e1300cf92e7e35acc5b8dadd6e560ae8bca2b76f 1640689516198 1640689517952 1754
