4c343e900ecf943a23349a16fd17caea08bfe22c2bb035392c2aa13873a675cc 1640688935282 1640688936766 1484
a90646fd94c1bbc0e3a915bace94444cfcbceae3abe86d7402d6d962553ea312 1640688966052 1640688967428 1376
5db27678d30f53896e32ee1adaed061636d6e6557ac7e1ac04a0ee100f87c2ea 1640688996396 1640688998220 1824
a570a99a3b5710ef1eb8a535d087c0b25853d24778a6df1d963a2677bc715c0d 1640689027120 1640689028631 1511
1a3fa46e1f7b3845998ee050913e8ba0f7572d0e90e5c5c40966516144ef3fe1 1640689057634 1640689059219 1585
9cda2480b64758c5662a53d43e0257f78277868642c40c0720930783a170db2c 1640689088453 1640689089586 1133
7c9a87ba2f47e598219a2f46fc6bb1ac4e8073cb2e97eb652d89cb6ca70cd8e0 1640689118970 1640689120317 1347
22289b95625adc1da279426b940371c231268e550a81f81c3bf5cc714927f255 1640689149837 1640689151597 1760
2a37d6dbd21064f8e97157f804ca673dfa75902ba525a1cb88a77a13f4b9bdbf 1640689180130 1640689181977 1847
bb8232573c766787d391b171e5b82f3eafa135d5a48f0cb44ddfad9556086750 1640689211105 1640689212962 1857
bc1acaad85318617e84cf703c20d785826e31f6b5fb3d4ce748386e38b3f21a2 1640689241467 1640689243119 1652
430c1ded13c20eafbc3678195bcc694e39b74f5ec895d69ef99c59019d7d65de 1640689271482 1640689272727 1245
6cb3767c3575224bc782e8b4b685614b0638521a29af820cf070f8810f991bb9 1640689301638 1640689303157 1519
cabc0f613264957587b9795c679ffaac7e5c45c2c5be60bd50d3aa9a0809d6e3 1640689332092 1640689333862 1770
a131eb2c22a101f852961e189d309f252b5a8a83bf43d599f1af2b12d9fc8f43 1640689362137 1640689364083 1946
64533679c4418f9ab715e131701e4a910c86b72593958cf26f727d5f6be4a8e6 1640689393521 1640689394714 1193
13f8ed0ffa18540d9641129dabe8252b665a891b907923bab0eac7e53070d32f 1640689424073 1640689425864 1791
e8e02048ef5a5d1b6bd91d1df2417d345336886dedbe5ceeed430f5e32f43cbc 1640689455097 1640689456720 1623
d481ee5d36c178dea76c4fcb3aee808240d47a4f6ed0ffeec56e470294858a4b 1640689485544 1640689487261 1717
9e45364e98c316e9b9ce6522b87a22f6b293e869ef20691900082758b1161a51 1640689516197 1640689518174 1977
