bfd606b454e4f8fb740c8c2dd6b5dee20ee2c637d86d5fdfc59093656feb2998 1640688935288 1640688936838 1550
3d083dc1e91198d06d36c398ea01a5ff37de1aa23c25967bf4bde704b3a41b46 1640688966058 1640688967755 1697
10a2b1a124b0452a40cf3ab83897cfe2178f1baf7e8fa55f95bcf7b05ac1b1bb 1640688996403 1640688997835 1432
4a8f7b05c276717a7cf23ec85091c5bf5421b04f29bacb3ff6ccc32e302afc2f 1640689027128 1640689028954 1826
3dc0ff12bcb19915467b06dc97072f6a78c8b82535f139e22c55ae3578482875 1640689057644 1640689059419 1775
cc078eee93b2f4b3bf1ef4ff599e4616f58ed4f0accd309297347ca302c5e20e 1640689088462 1640689089574 1112
3e7374c8097ec6cc274be7c6706e60a082d5d334a0046bcd588abfb700e6481d 1640689118979 1640689120578 1599
f3e43d1dde4c7e9dd0621e77ce08cf9844fba5535160580e883e9660c4ff4aec 1640689149842 1640689151669 1827
838486cf5941ddf6e0ed2f4080fe28b55b85a0b7c4442bde8497a062cd07733d 1640689180135 1640689181543 1408
652992c883d099a64bca310aab98f1afcd52de8d8d54fbc0836d6c22d28d15ed 1640689211111 1640689212993 1882
fee2d1af29b00823cfc6f4b3e1ca59bc30205129f9e7eaed01977224cb9b718b 1640689241473 1640689243328 1855
9efdd6ddc28a38cd75fb68b8571b5677d590cca48d5fb7ceb2e7315dc194a2ce 1640689271489 1640689273096 1607
a31e9138383aa2ebf2300c48dc083cb180e26d9be9d30381b3aa7c7304083472 1640689301644 1640689303571 1927
83988f548363b1642da705a9c3b895092825a47bf98ca2b3756c6adfbc0fb6ce 1640689332100 1640689333897 1797
e6c4a7322a331ebfdf36003fce6eea1af33d9cd345139f90b878c69d247c6aab 1640689362144 1640689364084 1940
0081996ed038ceaba75d804eb5b1153b233b3117934b3eab754790533c7df91e 1640689393527 1640689395249 1722
909cb99de5d2d349457c9781bc3ad3fa20392bc7998a0f01f4eb9024c82022eb 1640689424080 1640689425960 1880
7e8fffae8ce9ffdcdd034ad0be9deaaea06898fb0170735ca32e755efe271815 1640689455106 1640689456915 1809
ba35e7bc1d8e935a49b16f2e9a9482ab377e97ccec6983e1707daf1312340d45 1640689485551 1640689487518 1967
f610c37b808d7e73c5303dac111dbedfef49c480bb3d61c593ffc226b48432cb 1640689516202 1640689518199 1997
