88c8d4ff42e5315b5e4b8a7e6fbd7311e746cb1258662ef197cc9ad592b596d9 1640707189408 1640707193746 4338
c818bee580aaa5e9c1da4bb23c9ff99953b075f6a0c0aefc73be63e8a466975b 1640707267778 1640707271395 3617
310b2461e5bf287f0b4264aba99e5d069fa79042cc436134202de0a1a93a9939 1640707345165 1640707349101 3936
5ca24582ca5d29b19150535a554859fa23d78fd6921c572120f689d4f9d73355 1640707422904 1640707425982 3078
6be1ce787f1437cd6a3a71511fa188b68d88875b9975832960eb1bdab9bf0257 1640707501261 1640707505120 3859
287bc22bbb7287d4644770a5c1131172c83ae9a9fcf2b3f207866d79027e23f9 1640707579076 1640707583339 4263
43af16a118adcaaa2367a7b5dda25f60aff60ff18eff68efb80d2ff149590f28 1640707656751 1640707660113 3362
dee959f10195be40c5c70710885f75de0db4f11703603bc049c8f26b45c00c96 1640707734417 1640707736745 2328
1784c95ea0c83abe84d97e8e63e732a9ed103b5462f1b05304b6b71b3e811889 1640707812771 1640707816992 4221
0825d0a56667dafa8101e48edfc1ade469d6df0a3e06561d522636178d1606af 1640707890717 1640707894643 3926
9a6acd7560f377c10dc6b0f20ef88b5280f7a7c724e886274b312718ad0088b8 1640707968898 1640707972855 3957
a8727a2a91ec70a7dda2960efc24671cd89da1dfd927683f6bb68d9ddf45b240 1640708046763 1640708051614 4851
6973f6ab13ef201e9cd005d916d5ad27769c106b8b306c3fdc16897343e02637 1640708125132 1640708128834 3702
de2687eaca650ad2e6f91b54dacad03679436755213266a570e2a91329497825 1640708202421 1640708206090 3669
e16e0b94584fe404e1eb18f68ecffe9c3332d7bafefbf75cb3b3bd9e8bdc6da0 1640708279914 1640708283807 3893
9dfa36f8302c8a9ac4cc66d87b920bb846e4e7aeef1d7b8248fdfabf53af1de1 1640708357561 1640708361773 4212
5f4eb407eb5ecdd6d45ac6790c507036ea9f43f7bb3d44a1df324df82cf4a884 1640708435853 1640708439875 4022
294046630b4b5fac671e54e1822bbb9ab7a4673c1b66075985d461d2128fccc0 1640708514023 1640708517802 3779
59a8839ba0808f7d0c508a7a88e1928f5ff309c3ff8b64268f61bbd0d951271e 1640708591808 1640708596256 4448
5a15249c781451486e9f75f50f524b1c55e0b5471f8b3b6af86129bf6ebfc72b 1640708670004 1640708673312 3308
