9efa818d6f5defd465af4c969d8991149009d4efd961d7902e3f7ffb88034458 1640707189414 1640707193692 4278
6f50c419c2df49caaa78eb18d158b2ebc06c36ee397e8666a15a2464cc889da3 1640707267785 1640707271772 3987
0b634c7ef9ad59edc3046ce8af0e473f6ad7d0b44038fc748a9c7936468486d8 1640707345167 1640707349553 4386
5728639cac555582315d0ba393045f59df3552f30e63a8c4c0948f7c37c04df3 1640707422913 1640707426954 4041
bc52c90b874a7f8ab378ae33360c91f0847b0955b3c91eabad940c6797edfb1f 1640707501270 1640707505065 3795
e2212571785220c58e6680e264a7612d7eec44deed925e36fdf05844d18fec39 1640707579084 1640707583214 4130
fc3080a5f1f88c0b18f41ce971fa7f6d007b28db808a36a886caef30a94a7713 1640707656757 1640707661171 4414
784e611a4d4db269227db2e576d002a62170d3fb82174238ba22201d0e270655 1640707734426 1640707738169 3743
7436e3ab517427eed52f6f63cfd3cda2d8d280917d31032a1d4df9898341c9c7 1640707812781 1640707816515 3734
27244d25c582ae85a76954f86edc7b510a0046c1fdffd62075ead3192b532375 1640707890729 1640707892531 1802
61ff037ab66a67ceae2a33b855e6813e83626860d4f75d234c01670e38f7cfc8 1640707968906 1640707972502 3596
13a5dee6ef7dfe518800b5fff6866957a085e613281171aa1d06d5103cbf262f 1640708046771 1640708050222 3451
e36afe71b0484310745dbd99083e2a6311ca42fd7f95097a9a39111092241324 1640708125141 1640708129271 4130
badb8843441c4e5653f0b4048255aa72afb4dc705650dcb089b29203f3313414 1640708202429 1640708205810 3381
3ad8cc388758167ee94df260d5c2007a0bf94bbb0a9e1b151404a1c1a2e8ac39 1640708279925 1640708283692 3767
7ac9569de8ec8219ac126a92e6acdf1ac0a47b199dfd03136133372bd5b1c3cf 1640708357572 1640708362064 4492
9f8491d0925db3c07751d82479a1eecc5fc141b2937962c1b6d28b30d09cc039 1640708435861 1640708440042 4181
1b9e06d8f2aaf43713c985923349eef895f60c035d4af6a9540fa2e8a37a4942 1640708514030 1640708518351 4321
782c11ac5832e853e18542a461aa4738a6399f550e93bdf80ee553bc647a48c9 1640708591816 1640708596295 4479
9e6f8c302458d16fd1ba7fb34b66e7ae21430742b826e695cf086e12919cdf99 1640708670016 1640708674129 4113
