06a120a45ef207f782a9d3f7b824605378b455887eda184b7ea449dad4dc4b36 1640707189396 1640707193220 3824
157bbedaea62cc3859d4f342a7c2e1e6b5126ec23b4d280b2cad5fa8bb3012cc 1640707267764 1640707270830 3066
850e3bf72da2096ffde8c1379f00a8bee2d952a86431348f997752f12d3a0a79 1640707345138 1640707347531 2393
e6e51efe8c4cc813cd93291f10d15a9b54e2f4a3efb98f7635e229c1651d723c 1640707422890 1640707426278 3388
060fdbf29f311d08209e4275c3b905e3b41c1bf2ab01bcf67c1a3f027613d9ea 1640707501245 1640707505107 3862
ebe0b22202531818a0ef1c01fed54d0b3715466648a9947d7ca01bebfd3b47e0 1640707579059 1640707582218 3159
5ed74455c0d9e9ee0806303f522e09243a84ba5daa55b46afceff24a0cc46b7b 1640707656736 1640707659594 2858
56c0c6eb7aaeba27a5d48efc2f4c6ae12def563a246169d6ddc1fcaf965b5f1a 1640707734403 1640707738188 3785
0366a8d87f79c7e1ef7ca41887e846ad06122cd5ffc2dc400fcf751413748132 1640707812756 1640707815000 2244
91bb3090d13a7621a36be4c5996804e3211d5030d265724528e007262679e5dc 1640707890703 1640707894237 3534
607da0468a0aee76a1d21550a2d7775e3342406d323d82bb1785c9c0228e1b25 1640707968885 1640707971564 2679
a7582fc3276ce971a502562eb0e83f6bdaf817ff97c7fb118c6d1d7b4644800e 1640708046748 1640708049868 3120
169e5248680f157e64bee309e5e1d3aac3e1e1cca6fdf57024fc31d019937419 1640708125110 1640708129299 4189
1d9e050ab7b16377040d265982a457d52eb7aad3d2af22f4bcf4a4b860f950b4 1640708202404 1640708205041 2637
851bffe9f2d0d0c403012da737a76dece1617a46b89eb37adeb0be1bdd11daa5 1640708279899 1640708282697 2798
5a9f7c13bb329ba62d9c239e1675212c7a6973b9caae4e679460e070d914cc5a 1640708357544 1640708360815 3271
5b72e6263829f557344320cddf4ff413f9e5bbec4dff180006975414ca2d848b 1640708435838 1640708439670 3832
64a3f7404486ac3ac83f01b2b412419c95dc7fe5ad633b6d0d6226781c9c7fd9 1640708514007 1640708516432 2425
79f27b56630c560e28eb903f137a7dae0b6b32a576946423fa5bae24425d744f 1640708591793 1640708595026 3233
f872de21827ca01ec4eb6ecbb0302d7cc7ea4b02009cbe0ef0a2f5e5f398e7f3 1640708669988 1640708674562 4574
