6dfe55c9afaed38632dd7c9efa3ce2dc097fa810c8092b4f7bc0569bc74d289b 1640707189391 1640707192068 2677
b618b13ff8060d94d2730a14a24389760a99d18d171a6ca2e46b2029784e4acc 1640707267759 1640707269733 1974
1374f8b6fabb0a1f90bef89d648e47688df6f7e4463739a281d0b101b46d3527 1640707345133 1640707348071 2938
83acb733e2886e0aa5bcf32406f2dcad79f6adf6cdf33c708e2be852acf99060 1640707422886 1640707424763 1877
386c33d7e9ba8f9980a87758a1997f5b78f6b9423e36a31014844fa8f4445acd 1640707501241 1640707504262 3021
b1f328cb08921a3ff85333fd29da2cc923b752dae6f62fc51b54526fe4370923 1640707579054 1640707581487 2433
50379d7d387e060bd9f4ee7f2b65753b1ad34b8a2a7ed2465018e286a27528f0 1640707656732 1640707659503 2771
8b968f572644b6b166bda4e5cce395ef9441bfb39b6594a444f0283751f0e97d 1640707734397 1640707737900 3503
6ea1ce92887e67dd03caa06c4618851ad6d00ba623726e20e5ac2396f1761e71 1640707812750 1640707816273 3523
6718f194a80bee967d4a4ed8acea6d5afc983f72ee7b852dd09ba89395ca2ffe 1640707890696 1640707893993 3297
a71ca220a1d3d3f766a82c6a8e0811449ede93eb98415b1f48306293009122a8 1640707968880 1640707972171 3291
3d7560682848f874ab215db9e5d7d0accb76b4d28ab1f34473d84981985893aa 1640708046743 1640708049727 2984
c2a8fcdcf025eb616cb9db60c47d34be4210bad1eec6c865d535e1902a24d8dd 1640708125101 1640708127612 2511
92c3b1eaaec90516a1c5e59954a512c6e3306eee2384860898b20c48110e7818 1640708202399 1640708206311 3912
0d4cff36b88acc15dce0a2a0ec4e5d3e7b7c8c8734fba549852d27c4d448bece 1640708279894 1640708282615 2721
1122ecb6344659382342409f3756716fe503dcacc4108ebc4cad0cdaa7b26952 1640708357539 1640708360279 2740
ef97e86d822eda8988617f809e5dbc34c2d3c4f200caefc122fc698dd6833c30 1640708435831 1640708438008 2177
dbb8a3f788cc92c835b3bc23333396ffca0cc917b047add85a2dbee5e1933ab2 1640708514001 1640708515978 1977
0bb2bb2dbdb5ec6ad7b48440c4f0ea8d1a6a370c67809dbb0e7c4440329c215a 1640708591787 1640708594019 2232
f9f9a9eab6798b53715d53875b1b6c35996f885066e0a90cfdd0e1f542e5cf6f 1640708669983 1640708674455 4472
