e5a1a11104cf8ad1d9c5764b0ceefb5764adb7b24b2d30f754cd6c95a36cb9f7 1640707189410 1640707193221 3811
dcf27a4a8cc43f8020cd50ba073e1f33e2989f367b6b689d04608d3be930f202 1640707267779 1640707271068 3289
735c3cb7d4a75f06ee912eefddbe76d54f7675db07b6b9d45bcc8e242b3b84b1 1640707345163 1640707348038 2875
5e263efd11d7fb97c4355289de7ba11c385a1c468b4aa7185a4265cb8a13ac42 1640707422904 1640707427185 4281
0d08baf82cd477d38f6c581a28a9f026d0b0a91ff999951bba09655279a22a70 1640707501263 1640707505420 4157
96ab81b6ebf1001b496aad0ed070bfed34b1a6ef6769dafb3de59bb47150602d 1640707579075 1640707583699 4624
7b33003345f5a94d4946cb1e691a95045d0b0db1d01989e4ff9e02b1354d33b2 1640707656751 1640707660251 3500
d2f30365bd9dcaafd108b9b09baa0155017eecf6d331438826d9c44d136b76e1 1640707734418 1640707738861 4443
340e2d669094436b3d5c06ad7509246945911d6e2d556dac988c3283aeb068b6 1640707812771 1640707816635 3864
16182612c0e4ed881cb58dc94745760cf3b05c3a56367bfab9a7fc2f4fad7e22 1640707890717 1640707894571 3854
c7902662ea5d05f24a1b5fe06d8260088b3516d8161e4c057c46d84817e80794 1640707968899 1640707971265 2366
b7d691e884aa5aec56992f2125ef9a05d472612bb950c73a7b1b13b9b76320f7 1640708046763 1640708050514 3751
7ee16b2326bd963eee1ed4d0306e19d00905b556cbac53663618e31ecfcbea22 1640708125132 1640708129255 4123
ad7611724e09ef73802ea3db2b62aaaa968639edc24883a18387786f529908f2 1640708202423 1640708206090 3667
7b2a20da74ddd7f4f4f50e92415b858bde06a5dafe4ccffff069118d33e963d2 1640708279916 1640708283839 3923
4f3abc512fb6352d86ef3ed156f2c513578ae3b26e461aeb0c3d24be53f4ce64 1640708357564 1640708361530 3966
2e664a5daef2427816af991a6035c5859b23ac9d30a3b5b105e18173dd067811 1640708435853 1640708440048 4195
d3300dff218d2e8a05b9800ac618c1e532bdb11f0731470e68edf3a195938c90 1640708514023 1640708517811 3788
cd905869ad39d9d39bb28741322a2e84e2b7907d57544a7696b58930ab6e5ed6 1640708591809 1640708595879 4070
dbc13ecdee2bdb541a7a597cf59cc605cb79c09b3bb093d1392eb884db7398c3 1640708670005 1640708674667 4662
