31ff46978217fb31c56eeaec0bab30d5f2fb82f775d12785be966c14a38739f8 1640707189407 1640707193723 4316
fc9e5521f781851d485bc052182ea8d9491a52dd19c296ea7624546978e9fa18 1640707267778 1640707271969 4191
1100b8de0364cc8c9bc28a09bf32297c7438f4405e39890a6cce5a18e915e876 1640707345158 1640707348773 3615
e215e1c1880a3cb23e76447dcdce7a6ac333e135c38428001bf3f09a390f8d1c 1640707422904 1640707427166 4262
24b9c5583b2592f9c7fa02900d5d7e343323d7a618f2dcb5435bd9ee0df10f27 1640707501262 1640707502012 750
e1b56041a1f14fdedb0def80b571636642bfe03aca73143cc9e1648c6c548302 1640707579076 1640707583702 4626
a1fb21e50c54250e43580e2c103526fe42a8d727d2361d822633f27a4b1959df 1640707656750 1640707660503 3753
8ec9609f5a77c4c8daed94b3e57dcd1892c89b58c4559e26cb0a9ca8152872d2 1640707734418 1640707738425 4007
d1a7ab8f7b1bfd05a6f8da10744258a8320d496fc6785a70369de9d19f0c5988 1640707812770 1640707815402 2632
18d930be4ad2879e1781a4bbfa968d746379a856f677f72a4b15f2cae7e925a1 1640707890717 1640707892278 1561
ee67fb41dca6c9da0f29bd600dea3c3e422c50fc1ecf92cde9c781674317e555 1640707968898 1640707973577 4679
03c720024d538e615f7a391154644dba7ce38e434574c5d45ed7b375facb9784 1640708046764 1640708050149 3385
6bfa593db6c408c06984fa3bfe4d608d385d22b76f900fb4b1fa36ce23258aa5 1640708125130 1640708128523 3393
6326e9df1640a9da3a588da7cd5530ba0af453fc2b972e36a7eb3727f3b141d4 1640708202421 1640708205603 3182
558278f243eb8707690204e2afde60c82c749e7ca6eb98b39a8c025ac0aed72f 1640708279913 1640708283196 3283
daef106648ccb403a5d443e99cc5478dafe81c98fd80f81cd4ea38b11a4a52be 1640708357563 1640708361329 3766
0effc7cb90ee6a42f62790bc3c21210220dc765e03763c1f776ab0d63a03ab16 1640708435852 1640708440029 4177
871f8125ddbc04bedf4655d086e67c5def16ec88e891ef9d6cb29a0dc69eb209 1640708514022 1640708517386 3364
721c17542ed6d27ed4abaa016fc480ad1bb467294d09c82bf15ceb569dbc9c59 1640708591808 1640708596295 4487
0fe9c0e6e63ce4093b1b6c3f6d0eb567a17d72e25e64af996f5aa6377bfc37d0 1640708670005 1640708674575 4570
