98ab7a5f2365fe15f843026161b1c51a2be0f21b8249f4812f0015eebbcc6f91 1640707189381 1640707190540 1159
5cf43a5be7647f707f2f56a58f2d340aa593b9a9f25f9670a1173f7ebb09c465 1640707267750 1640707268802 1052
434e941277073b671621db9b277d0ed6aa0f0e7a96d51629793274aefc0df28f 1640707345123 1640707346680 1557
e67fb88603a099add4203d870b58576f0d89f9437774905fc72ff1a0a4f15223 1640707422874 1640707423794 920
728ac37adb9c5567b67715ef0e2c3348755bfc3ee81bbf01dc9180a239d7d9fe 1640707501230 1640707502108 878
e55f1b42d8178b8a1e6df416b16fb52cff7101406a6225fd89cc76ad4de5ad3f 1640707579043 1640707580112 1069
28a600abde5e5ab1717245d8f3201a3ab25ed0d5f0c02bef494cf58d1cbe8d5e 1640707656721 1640707658363 1642
e661dcd9ac4c24dc8bbae6f8e0b62e4f163f0b35942120fe44e2641b1d0a9a96 1640707734387 1640707735395 1008
85284f80686662ac9910c51439f542015a23aa1ed06cd5abad1ca4010e020631 1640707812739 1640707813468 729
20b2cc297440ea818337a229c88a5ce1b586874680d1e81bd4bc4e24aacb8995 1640707890686 1640707891463 777
359df7eb0440870dfa3e995ab280a2308929bca39268491081af9a9c094ee5c3 1640707968868 1640707969823 955
7e10a0dfbe3d5a536c86ce90e0464a489f1ed47ade364b386f2487dfc7036edb 1640708046732 1640708047541 809
1a0d29f92efe47b53ae94c75a99471995abf7f871bcfc2a0ea6564823d804c20 1640708125090 1640708126433 1343
1de81c2ac27111877a3bf4f6c5633ba8dc654c56d09103b6148db91634713cca 1640708202387 1640708203541 1154
39d29d2cd20ca16d095797a814b1db76514ebc0b77311c21ac090c936b2ea235 1640708279881 1640708280579 698
53d99ccf2d5925ca4708640b3dbb35a528d4aaab810c6cf5458ed9360f2899a1 1640708357527 1640708358523 996
0329f7116743c1160064396901fcb0cb55a33be2d8b45222e7430bae6114da01 1640708435818 1640708437069 1251
037c8188314178e0a4bb97b36265147136592390967f37c9ff2ba0f5609fd22b 1640708513972 1640708514770 798
1761511719867300fee83585bc97e16ebff8af0dd527b072413900f43f1a16a2 1640708591775 1640708592871 1096
f7ba0b663814ada5e3d0377e25ca771daac7ebc0814769ccac07f5b74f352c1a 1640708669969 1640708670774 805
