ed3673ac241f546d19dd7a8cec63379715b12a9309c5981d4a4e465875226350 1640707189393 1640707192013 2620
41806f0b7bd243047640975a8b3285266848ba6146c4a1c17525175a4a71b333 1640707267762 1640707269778 2016
e7244290d80e2168affc4e741c39ae36f152d54b432312aa9716c41133050afe 1640707345137 1640707347998 2861
a3b6b7a0dfdb9d2c07a626e8343afb83f80e983a9e68b6187aaed04b0b15a8fd 1640707422888 1640707426496 3608
0cde5333f051d80483e8f63f638dd073744bc0d5648fecc23f89efcbf5252bef 1640707501244 1640707505553 4309
a231c573e5bee8551ac7922591aa9d586699e74d09e180ef50d2d932c1a7bc67 1640707579057 1640707582933 3876
487d58393cb513a233b84fdc742a19e200ed24042da9b90ccfde15aeefbe1991 1640707656735 1640707660922 4187
f0743f4e54357945424fe0744daf36efd7b138fdc5b01ce8560dc3e3e54a4d3b 1640707734400 1640707738104 3704
d66f0c26ee7b2860e64bdb94d35a91e412eac17af46cfb9ad8cdb9f4b48f91fa 1640707812753 1640707815766 3013
dfe864fc6c86eec90d13e2001725dca0184398ab6659a1c949c4bc9ebd10d042 1640707890699 1640707894056 3357
9120370f99a709fcfef1159f070b7fc0fe6e78921fef376bdb25fb9cc93e83b9 1640707968883 1640707971078 2195
1f9cf8c0bd93d5cbe7be90a47e4afbfe033f12a61627d07b6159b23c72773f15 1640708046745 1640708049407 2662
8123b895200855622ad2843c0f70639792e39573a0bd7fdbabbcd035d963dec3 1640708125105 1640708126511 1406
a28bc83cdaebd9b9634a5b1ab59bb367b33ba1afbf5f97e918683f01673e4f41 1640708202402 1640708205710 3308
272e43bde611f976f8c7d7cfa28754179810dbdae54562db92305aa1a481be95 1640708279898 1640708283056 3158
36864b57a4fcc76156eff3ba92376700c339fd5849b85bbe5cb57ae5fcf56e88 1640708357542 1640708360301 2759
f9790163332a836d9e9abe617b4b7946a6051b52b506dc1393a320b7e7bb32d9 1640708435834 1640708439022 3188
9a19b0f86b6c950879d97faa7421d7d7c09fee11563e82ce827ef24afe2d04d7 1640708514004 1640708516870 2866
267ff7ffa8bbff147a1be33e7b1e0db585ea6e61c1f2c2a107f00aab16d0f1ce 1640708591791 1640708594861 3070
532b6364cb3273da8c18aaebd984fb92b4d1b5fe86d132bfc7c579b57785b914 1640708669986 1640708674567 4581
