487c8d8bcd7d47b145e247a213acd521b806c97f38d081a9c53047f341a56ce5 1640708749373 1640708756755 7382
bcd0436fc04284d3ce5559549c6847cdd7c1ac8126521bac3bbd82ee9314d91f 1640708869585 1640708876658 7073
c6094ed9c0a33713a2a4d1f37f54556f6b68f49993a096cf7962d8e1624e1ff8 1640708989893 1640708998369 8476
bd3752acf7357f33af9c3b1ff716fdce306f928132c4f05d1886dc92d75e9889 1640709111022 1640709117329 6307
69e789e46350117a02660f7ead4ca49b1eb7fdf5727738af4ca04b4494771546 1640709231263 1640709238275 7012
fd65eddc191fcae6d573305c16023af2e9c01d68f691cdfabe6c7e4674057618 1640709351814 1640709357633 5819
474b1747e6f43241c2acb7acdd9a0ed5b4edc28d7b2ef368a23247ae51a922ca 1640709472495 1640709478268 5773
7653da4cb3416ecbc9faaf65d362856ec4a886c89e6870c95efc78a542158d22 1640709592165 1640709597045 4880
f7b46a99ff80be0607a0665de4151fbe9969080d8323e837aeb6609b3d8be40a 1640709711324 1640709718192 6868
2bc58dc954f78cec50c318718932598c102eb85f5de3cc4d8aa9bba7b97785ce 1640709830798 1640709836963 6165
ad3cae94740efc52eeeb628b46db4b7b1349988a29c7aee73729a577a55d4306 1640709950769 1640709956563 5794
217157b13db15e76ddb6e0467082fa99f1137a62e46dad297b0a8e6d6e79cc49 1640710070412 1640710076666 6254
d2d78dc0cc0093936b3f8bf2f431a9b06a59e55236ee71190277b37bc3c63e50 1640710190576 1640710197750 7174
442f27c4ac8ff3a9981230eaa1854f7ef7e97b80c57ec214696e1f38b54ae9c6 1640710310727 1640710316402 5675
d2c0336521b448f14dca7ada9cfd1653a37153458224ec7bff657fde1475796e 1640710429920 1640710437737 7817
52523af8bcf869feb8960334be5e666db5b100c23102244c81249b7b898a97e9 1640710550272 1640710557692 7420
3c89981ddc00716c98c986ca4940abe75625565e18e2ef6be2c67a8e9fc7743d 1640710671030 1640710676553 5523
4bf712bfd9f72bf3efdc5c37d29378ad9cfd0044787232ffc5ad28f73255b8a1 1640710790865 1640710797358 6493
83aa1447b0527a3804e7ac4223a2bcf87e80bf38855a8a3f19c6adde387c16a6 1640710911216 1640710917168 5952
6c19eb96de0653f1c74ff5713a42b7913894d3b7d54654ba245f049e8b2e799e 1640711030668 1640711036872 6204
