552ea76102c3d74c2634bc31667f808e850d56a729d9000e59624f0b02a77b44 1640708749378 1640708754676 5298
190f91b02763f5435d7402f45d771fae9fb1f48d7d11977d4f4ec7e8faba988c 1640708869594 1640708877456 7862
39e6abd4a524b8d4a3ca05571e1172331d75ec849419a00f5513405971a89d84 1640708989901 1640708996689 6788
22fb7345e324b78dd7d9ac9697d2780b57fc18897963ef63d4878a544f158f5d 1640709111028 1640709117272 6244
fd329218538129bc424703fa7766be642f4f1cd9740d6678b0fdc26198242115 1640709231269 1640709237468 6199
edf495f82e5a25c8afbe9a6dbd19c6ee73e7b63c260f53ebc35272943a798ba8 1640709351824 1640709359953 8129
fabb499d5f8e22b4d935320e608e574913e105cd602cab874629ca46d94e3ef1 1640709472504 1640709479366 6862
b003f9a2787ad03a76b1cb2eaac33edfcf514f656d5a23ee205c96b59f669865 1640709592174 1640709597286 5112
d3cd560f95681b8dd6ccd828b03d39091dd4b8637fc3fa560f36d2ba30e2bed1 1640709711350 1640709716586 5236
f42dce0be0455bfca90fb064998867948f76763ff53a020a51e4a7f1c7e36cb7 1640709830803 1640709837246 6443
19017220c5ea4e726b21d26d8e0e0e06619908cd09a53fb95d874cb3c3c2ec4b 1640709950779 1640709957710 6931
b7b40efe77c355f5b8c6357cf5d1d606b9ab4537616dcadd33282db3957eea31 1640710070422 1640710076651 6229
eccc8c75dc868e7942fd59b9a49d8863814177289358b2f308f9508554dee1d9 1640710190581 1640710196930 6349
8268ae85386cda55aa43aac15f2c3b09c1c7e20df387f7af4650d97ceafdbb1b 1640710310737 1640710316969 6232
3172023ddc8dfc27360d662bad617a2e3b98224abe95fd1e7be48eb750980f08 1640710429930 1640710436691 6761
3f2bff7e3293c01f0187d64f88583100add91f12c15d2daf8aa60e055ef6ced6 1640710550281 1640710556680 6399
5e0baa05f7725829c53daf6ed074370b860b479036792ca50d4ee0473b97dfac 1640710671038 1640710677150 6112
fc2056003e36ace71db87a9a97b553457e3c4bcce33e6587841dcf32b5df2535 1640710790871 1640710797802 6931
b57962a98292993be50b21ee20219afe9af5ebe7d80775a75c821c6817c2e5bd 1640710911225 1640710917775 6550
87eb0a292ef2e5e881730aa07ad45d02b214d3229345b01fe9328d3ea9d68b86 1640711030676 1640711037423 6747
