135962c66c20959d114521e02d51193ff21b1ff5c77754a057928fee2222e409 1640708749381 1640708755568 6187
b93a2f22ded7b9150da0700938d294eb5307236fbb877fe92f6bddfb7c0f95e9 1640708869599 1640708876578 6979
2e99ec3d18232bf16e20b8c7fd59f15040b03c8c7d8975a23f7dc29811d413da 1640708989906 1640708996233 6327
7e6af6568a2d7e7fc7a7988125e8ed9390271b1b59d41a7293e683dd4e7794af 1640709111035 1640709117438 6403
8d538d52c3873bf1cdf16a85a93b753fbacb07e4bacd91fa644e56fc876d7e84 1640709231272 1640709238478 7206
44eeee9c06f3f179862c3b145ee51e35874a2171cec0aa3aab58efe86bacc757 1640709351827 1640709357820 5993
b4f2223de63bbe51dba3f68fb8aa9462aafa1d0fc89c21a6feea83d872c9fec8 1640709472508 1640709479635 7127
7bfad4ae4fa59f83bff5dbd38050baed29e3811260f4b6855675315426c56040 1640709592178 1640709596488 4310
2b835dd5416a84a4931c3d33ec4b254568abf6b575b5b6b030ccf54ff70d5527 1640709711350 1640709715860 4510
caff8b389eba61254d0af2a26197b73fada5924cdc7abf12d66dcb424c719aa2 1640709830810 1640709837143 6333
65209136ab845a99d196fc2978bc024e68a5b434623a77d98838147b472ac3d8 1640709950780 1640709957337 6557
670add6b23cc60c6727bd86a357576b01910e04049f2d0ad5aca6610f0fcf0a5 1640710070429 1640710076680 6251
67b0258c6aa72ddd3d0d21a3c9382b4b63da107ea98fe4bde9b096fcdd7b5381 1640710190586 1640710197807 7221
ed5fd7bf98c8079069a1fc80f4bdd4d236cf0e68c115104444be1c0d932821da 1640710310742 1640710317154 6412
b1910409de3a05ba203d27c179af6220c837d0c2f3a65def3f8404ff23aee7b1 1640710429933 1640710437509 7576
1e1ca7cd7ebe9594c671fdb4c244b84dbc1f13912074c6b188baaff41de34d89 1640710550284 1640710556611 6327
3faf94b7ba14bdbe1cf5ae865d4e33ec808ba76c4c239910ed6ca5da5323255c 1640710671043 1640710677851 6808
a9b0ca3ff87345d51f326ea683e9362fb14edfa3f8302c347c686e6a0ae6f714 1640710790875 1640710797777 6902
d5a210b9ecc1e0b37c44a4bd129f26ab743da8f670abe34aaeb268b9c4efe917 1640710911232 1640710918219 6987
e55c8dad540f5345821e1daf6e47f34d32330251e4cd0b5aab799fece90b343c 1640711030680 1640711037471 6791
