361a99028293bde1fc697b82fca340fe7295eeb385920cb5baf6ab1a86213a3d 1640708749386 1640708756600 7214
f67694a81c209c46336a26998c32c8e351db52abbf9cd14cb82346a790b74322 1640708869612 1640708876738 7126
ebd523af8bc89e40c42535c249d1e2725033d7fd44db15270015735b6439c48c 1640708989910 1640708996790 6880
dcecf9a82261b3f29cd8686ecfdd5989bb28b375ea72f849fff3c58eba857b50 1640709111040 1640709117605 6565
18e0984bfe2fa866d1d2597fc6a82123d403a47c38009f85879694afd07c2e99 1640709231279 1640709238476 7197
6c27a9975d40e78a79485fc570cf5bb291d081404441c8b7b27e11092bd4c78b 1640709351833 1640709359824 7991
657d3b15bb2fa210954edb650f2de78d75c93d88d8a0edc4366e26b8669ef1e9 1640709472514 1640709479807 7293
9f5a869a31fb3aacfdf78974e54ab24223d72daf888055d9a8d3e463fadbf052 1640709592186 1640709598427 6241
794e86c11ffc7cb9b7a2b373b6d90f9aae093dd585c337cb30e031f89626a445 1640709711356 1640709716523 5167
3e55da2fb9cd5c8c704d3d76c86b63ae6214fcf765ec8fb3294c74eb48640d21 1640709830816 1640709837386 6570
d7d0c22222c86fe40bab7180288466694cfd63637f26921976503c4cb29acc4e 1640709950789 1640709958166 7377
5915a803fcae474fbce7e03015eaef689e9e8b33176e179721c40886c33d2815 1640710070441 1640710076654 6213
ee90eb7d374287069b860456aeb81b4055cd69e90f0f4edd22c7774dec8e8411 1640710190597 1640710198065 7468
15a649ab2cb48b3fb95b20881f44a09bd9e0552b22c032563b490cb6908dae18 1640710310750 1640710317714 6964
a95c07eba38beca15cb92eaef753cb8e453eac747443392021031eddff7563ee 1640710429940 1640710437528 7588
5e43df5754c7b4d94e402eaa33239b0681f335c7fe0cc19faa2a38a7fb1d3939 1640710550293 1640710556469 6176
f9a0e34238de74538698f4043228cc86108f298c294fcb476fd9d59846cb99bb 1640710671052 1640710677718 6666
76c8857cea87261ee5f93348c39c777a4e76c0b4bd14c0df5bbe08d165c44ea0 1640710790882 1640710797854 6972
dfc9107f7b9ce3e4df695531712755cdd1aa234bbc79115cbb596b75d3ae769d 1640710911242 1640710917422 6180
39712cab2ca3f40b18fcee442e5d014405371fbc484a108119a6733cdf73fb46 1640711030688 1640711037265 6577
