10ea80b7ca9573e6092460d567c9afcc2a039dd25bf9d27637b8246ce323c53a 1640708749343 1640708751534 2191
c29a63b2802666a99309b78c260024200fdb2bea616000f03d43b857c64f38ca 1640708869551 1640708871903 2352
580be43e69cda975196e40db68340750e56f1541ec8677c3f2939d56ff5faf4b 1640708989857 1640708991940 2083
153073fff044803f0e231549951e7da8b82653a7f7fcd5d8566957cfbc87ac8e 1640709110983 1640709112443 1460
3f04e10a6cf844e035d973b73c208c09dba775badba94246dd4335ec78b89257 1640709231221 1640709233559 2338
117349981fde26ded99979856704f31c3bd8f687f35307eb5ce445ea896bd9ac 1640709351768 1640709354743 2975
54a05033f832f501c6d583b3bf10bf46810a5cb8957c4be8742246fa0278904b 1640709472455 1640709474682 2227
38fd313ae74f44eb3024ecea81c46da5158d16c09c211c5cad5dfad14a7915e4 1640709592126 1640709593238 1112
2eb46f65c5118c8e29e6f88147cc15d8f97680656faaf85efc26973c97b3202c 1640709711280 1640709713504 2224
ed8afd37e3b01e28ef04ec78da842dad4f2c466fda3cd8a73632898798051c78 1640709830752 1640709833232 2480
3aeaba43ff1869c18551c09f018df74e17d880a69894eae3d58f24cbcad294f2 1640709950732 1640709952765 2033
e2af045b31b9cca5971e67d86e8e3041d1d4adc772179fc1f11dcdd84c2f0688 1640710070368 1640710072785 2417
53fa073b651108aa87b8667e3d704497b138dfc0320aed3702f1c878152bb034 1640710190524 1640710192260 1736
ea2841516c74348848acd57a8e735273fbc0b4ccc99392c96b32235377f08e3e 1640710310684 1640710313253 2569
8eed38356f455f9b54b3e85dee5fa296186959a5bd77361d977e67caae55f07b 1640710429879 1640710432172 2293
7e6052a038eff820187550e9687977712dca16e9882d67e35166510ade9b29f4 1640710550225 1640710554605 4380
3f403fc509f490a6ed3cd27a22ec23ac978c62e21904678d142e230979ef9d8e 1640710670977 1640710673127 2150
b62619ab428ff42da605117109531d0470bf883bed366ae9ce974deb250a21a2 1640710790817 1640710793433 2616
1855264e663ca18221e23e42597cee8c802a45bbf6c83940a406bd7438ac9bb2 1640710911163 1640710913973 2810
da3977b97c73c05f51842b5b6d0c1ec8fe27cf7971aa6bdc3b0f91f0eafdf40f 1640711030613 1640711032833 2220
