5452306b6b0bc23522486295907e763032d4acff1194160012cc16c503954eed 1640708749361 1640708755214 5853
9876906157ed3aa07df7088b66b688cd53512ecaa8bbfe5ead97d0dd8984808d 1640708869572 1640708876581 7009
21397e07e018214c3abe4340010136de90eb898dd233f196159f54c8896a6fca 1640708989879 1640708995850 5971
05a5b24e725ead134a3ef7e190c9379f321c381b398bed11672c22c932699c37 1640709111008 1640709114322 3314
e94b01fd945a68382c67432811936195115c8162f5ce28343188d5503d12acd8 1640709231249 1640709236889 5640
7edd4b0be627127de568c14949be85c48431fd65aa882077d9d0568940a3b378 1640709351803 1640709357148 5345
9256a91fc3bf6641e7964d137b031280eff5d9eb582bdd1c8832cacf0d4be76d 1640709472482 1640709477742 5260
c777f1f9d229039c9fc0d5cf960eb0fd98770cd0eadc45e4707051acb68219e9 1640709592150 1640709597855 5705
2d7ef5364e630ab2e3b6e4f8bc94596ca2d32a36cb686e4f91e1d97e87881065 1640709711308 1640709715053 3745
d0e7ee1e55b2cb08e268945207102c36233c7c682a5c7978ba65b6d09ed30e1e 1640709830779 1640709836190 5411
dda3d763b2ab44f501493988d0a16b8e8da72a3f735fd48eb746fc8985c9cd8b 1640709950756 1640709957396 6640
d5ea811c84152e47b7c20cee3dd3ea21fe60e61eab2c21b746e69054cae4512e 1640710070395 1640710075859 5464
2d5a6112ddfbc969f5aa611a3c0e1991e174142d2cc0039564bea3ed7bdfd872 1640710190552 1640710196787 6235
4e86914409c74bf2fe4b6107822d7e1cdc77da4a312bf4a9a07ee47f1e4fd040 1640710310714 1640710316057 5343
4cf779fe8a577912ce49c28f714b1e8efccb52c6bc166055c1f80f6460b292b8 1640710429907 1640710437499 7592
60f1ebeef949f82d95426d0e22a5cd1efe7d8fa1964ce71389fdb3bf36747697 1640710550257 1640710557874 7617
59b7d1c8b69728aa065cffbc90fc7fe9e8ec6b3112134b81d6def86bc020d490 1640710671009 1640710672163 1154
fe23da76461d590d36eeb16c687843326e95cb8822115a322b5665ff8b5c33ef 1640710790844 1640710797020 6176
929261fdbd16ddd4dc23c755ef1d1d34b8eb126399af9b15fb5b71dafa3abcf2 1640710911196 1640710916616 5420
7442bb85425a17f06b521f2ae3eb340b74a70e49844ec26dd3eba3f53421fb99 1640711030643 1640711035906 5263
