927f3819f03057c1b9fa64945b5748822ac3f41ce86e713b9cc25436888d8705 1640708749335 1640708750023 688
c53d7f1ed0393148c8b8613aee348a568cada80d3d3c2c30edcc27842b960bdf 1640708869543 1640708870114 571
63c7055167f01abdb37d629acc911633585ab54785fef743e72f7e2a69f2c5c8 1640708989850 1640708990563 713
0d8c0803ee12012272ef42eeee9741cda812b340966421bc26e77f1e42a865ba 1640709110975 1640709111480 505
d50662bd88e56a904d8cc007bb728171e8f0b02d1ee6e8f7e55ab8b32768806f 1640709231212 1640709231666 454
3f0f0a5661b09e515e94453a1a34f80958e70111612da29c35fbbceef90ae19d 1640709351756 1640709352487 731
a41756931737c5d1ee21158639e4c0447dfe16446c9589397dca0708a5d1f141 1640709472447 1640709472957 510
47a922f4db94180559f4bc459cbfd4ab249766d763c69711c4249bf9d7550246 1640709592116 1640709592740 624
b69db569509df30cc5e1088794aab809810104275bc5951c8fe7ad3d40cef2fa 1640709711270 1640709712665 1395
835979dfddddc9966f8f4482fe4f05dd4ef471e88fcd313144c643ac19707577 1640709830742 1640709831286 544
0073492a869c7016accfd1d30d5b2ad005cbc52db76b1fc19faa263cb135862b 1640709950723 1640709951441 718
01a20f3c485d1f7cd090d04a21a82200a9198a6405b9a23792c1bad48f20f16a 1640710070357 1640710070863 506
d9f87d46ccbfc0e76194cb616e75fa4f3c55c83bad5516a06faf8d5eb0aab4fd 1640710190513 1640710191079 566
a32bdf8a367da87e4afc16d97bc4a9a24648ca26255fc0f540108c5f3d033a4e 1640710310674 1640710311366 692
39fb26e99a73ba596195274ef3d28a22c2f687e178f134afb78e007102bc0a5a 1640710429868 1640710430792 924
e546cad2c8530101aaa0ac27953b5bce93e70b78855fba064b4a4a84cabda799 1640710550215 1640710550742 527
d0a56e0b8991c829903c6c891df54f1f177f050eafa9ba41c66212c8544baa33 1640710670965 1640710671564 599
da6d74484db0f97ba4d9d452c229513be614a4b224e6a652c2b42a52a1add79f 1640710790805 1640710791607 802
b344412fcbc6e86ec4092cfc8e8f929bf6e90efc63d65b89864fd855a4bdbd5f 1640710911152 1640710911704 552
606b37181510bb448e68c4fa1ebc01350a64111f149360b660d882ecc9aa0a6c 1640711030602 1640711031142 540
