9df595be145dec1dd4263cf3737ff14036c55493a504acdcc9fd1f28f80814f5 1640708749359 1640708754559 5200
48d30c297d00eadf3123ab8062d20e507c910f5c9c18da20dc2e50298c00bfa4 1640708869570 1640708877298 7728
76de5e54814940e54e0ddf5029520a7c1a607df4d4558ea0e919403ecb654b1b 1640708989878 1640708995245 5367
5155a9e4acb91f68beace610cfe8008313f808b3b57a69482c0d70a87037dda7 1640709111007 1640709114190 3183
ad528ca8190dc7ff187971d95d7d39681636305236f61519a8f955519543927a 1640709231247 1640709236954 5707
2f6a59cd9520b14baaa0de88c764f7e3864f014f361c955caee7e432af687846 1640709351802 1640709356278 4476
5ca524e9eb945222d9170c0ce6e7698b5ef870d3c5590f397ba1e63152d38d88 1640709472478 1640709477691 5213
ec36ccedd7be0ff5447e1c4b40d83d9a540ce1e17b186ea43797cc2cb10b56c1 1640709592148 1640709596900 4752
25a67754020fb24bda91e16b5d5583d21be2666fc2146aa36a5aac7349d49e6a 1640709711307 1640709718293 6986
fd237a3ac0709f7f499516d261a69fb08756dd8045f6615724b04888512449e4 1640709830780 1640709836213 5433
d741184305c733b58c45bab4dd87b1dff929773c5c141ded2f86894f72bd6d7c 1640709950754 1640709956763 6009
c656efbaf787e9df4c1ed9565d4726b2660a772450a5ad7a26d741e6f45321f7 1640710070395 1640710075702 5307
6214c48567bbc600af19179121f8f97879cfdaa6e600d17323a6951ed433521e 1640710190554 1640710193638 3084
9111d2f76cee26bc2741ff50ac04fc5d3d4bc36599497981ef161410e45ee0d5 1640710310710 1640710316184 5474
cb2a7f4b2a0c318dd2d1fcd2656cd5b195cf34ed837fa4bd8df8f8d9c76c37cc 1640710429906 1640710435094 5188
1dbee0099d333956472a214ea885422d1c9dd5596fce425ac31331a202377190 1640710550254 1640710556141 5887
995f1961a88e3b53619b8c804da56098d8202fe2a7b5635de61abd4005f596ff 1640710671008 1640710676570 5562
c4bf789b6fcb1103606173dff0e4c9731acbef7b473758ec8659b968a16f56fb 1640710790842 1640710797149 6307
f82e30ff4e277f2a4f4bda26f807f5a6d78ddec2750159cf9cc1e38cda12f43c 1640710911196 1640710916032 4836
c9fd2cc37bfe472a5ef3f5f7658b904e7eb21bf1aaa66eedee21c86b27462f12 1640711030643 1640711036235 5592
