8fa570dc8ed794fbc739408b57a9b13297a698e8019a6427c409aa56acb688ff 1640708749340 1640708751094 1754
1c61c4a1304c928550f24a8e2cebd30675da8ae93d1dd4f66da1cfc2aad3cdf8 1640708869549 1640708871915 2366
0f07bfa0f977fd10e0852aa0095e00738da3a4a3f8b1022a8854425e00830fdb 1640708989855 1640708991691 1836
c1eb589e08bfb0ca3ddb95503fd2180ba3f33da0ef98daa95e7696aeab0fa1ae 1640709110981 1640709112158 1177
7358e4075cf5025b30d1ef90cf8acc42464eb5af6c401da78f37a9812219ff16 1640709231219 1640709231878 659
578a01825446407eab1acca0c8a9011465806c83349d4d2f4e677691c11bb616 1640709351763 1640709354212 2449
ec4425314904884c6cd5a9376562c1f869d5d00180bb680d20ee6f7600869900 1640709472453 1640709474290 1837
29a2ad38832c3944d8ecdbecf9e52c83586fc662660e1fbaf1f467ab50770317 1640709592123 1640709593255 1132
129eaa1c002646345746b9fb258fe75d8eef774ba50a85f8ef2f69b795d5f453 1640709711277 1640709712857 1580
1ca66906974e1b8b78273d5a13566c12d175c0e66daf1d59649c12aa6e95155a 1640709830749 1640709833030 2281
22b7082e7dd3f471b3a4bf1d13e2abb269a54c65ba6f96a4c943cccadf1b4a11 1640709950729 1640709952751 2022
a2111e7c94fc0af57c5889d633e69411c4271749a65d133184462f3320f2d4ad 1640710070365 1640710072109 1744
fdda945a9c714b2e3a57c6839be4c93b7be0073431a1bf4538056dec429dc1ef 1640710190520 1640710191494 974
55580b8f9cf13c663cab3e71202e391c0498d9eea5d47e746109cdba9d1f8e99 1640710310682 1640710312561 1879
6a0eb8e5c5ae6897aa6b853be0e790e31d6c25b2cf6abd194919760a4dd97411 1640710429876 1640710430755 879
251c27354d05e3d545b87f382b124891e9480c63e63ab1864adc9ea2b4f60817 1640710550223 1640710554908 4685
bdb24c5b255c4ceae8daebd932d8b8775d8ee04d6eec5556922b02f253c0c466 1640710670973 1640710672456 1483
d50e0fd5107cae7f19656a563a721bd9bef767e7018e224779407dd5b50ae1ae 1640710790814 1640710793290 2476
a5fea0ce4424fc4581489df1ba364ad094a9d49ae4d262898aa3fb3a5c9f789d 1640710911160 1640710911788 628
0b0493b10820405d6009921888e960d85c662a01c4a8de09a72ffbd0f6b45103 1640711030610 1640711031444 834
