777e17c1bd69304c97c4665083a1d405bb37f4d6c35871c4dfe0ac850ae13f85 1640708749390 1640708756753 7363
baacb14896a38a7e94141f1d7eacf02fae2efae1e2e56c19f649ea27f00a9f25 1640708869622 1640708877398 7776
91661351d2cc50b2d79c78c14deabd7952e6183eceecf2a66ebface45962c68d 1640708989914 1640708996297 6383
73323aa7e53526f8665e163500c54b874e054c97de630bf1f9a29514eda9f091 1640709111052 1640709117524 6472
f9476819bc8d3891a8cf0348f43bbf46afbac1bd228ec74df56266cb75dd8367 1640709231284 1640709238880 7596
de711e1268669717ebd2c5b5682cd8b403a918769da85bf71d92add91e59c111 1640709351840 1640709360105 8265
4726d572d74a90dbf4e8ca6eabc7a4fa6cabccc48da49ed5eb3087c5f35ae0e9 1640709472523 1640709479794 7271
33bc7e329a0f452f88c0b64a0cc558dd759167cfc0d868e1c361de1a78cb45f5 1640709592190 1640709598902 6712
a1a2d53a8cb4164abb10561434ad90a68b936ffb964330f873a68fd1ea66ae63 1640709711364 1640709717391 6027
90e9c84d356550789e683829f40b7fd75dc21c1ae1a42af09a4f4990811b5f8b 1640709830824 1640709836852 6028
c430eea9d793c29a9b5aed44f5c3b9c396c82f59719ff0ec4414deaaa6b526a3 1640709950797 1640709957533 6736
73a35161b1c31567b3c61f9cb71984558a3aed8c3a0bbe4b99942a87aef43e70 1640710070440 1640710076652 6212
bc2a3eba6df6e2ebe43a0ea63d1e3651e27d20b91245c34112cf6dfa018726d3 1640710190603 1640710198090 7487
19584091a097ac0bb6d5a17839f4194957fee164639805ba0b303b026bf2a30d 1640710310756 1640710317588 6832
cfb9102e0fb0bf07448a63f29ec72db0e9a346f581b6d973909da03c9e1a9990 1640710429946 1640710437270 7324
5a407220c0433002781144e4431743a249b855cdbf8329191da7f610c676a0c4 1640710550303 1640710557916 7613
ba0c20afc2029e0acbcb0c08b840adf32f11460031fdeaf4f4001b91718957f7 1640710671056 1640710678237 7181
1044572bd73396a93f31eccdc37648f81359e0d062dc46e2ebe6d3087fd2c860 1640710790888 1640710798367 7479
6e9c30ce2a968e4c32d15f20e5fc67b6a715f9f8001e40bc2fdc5ba0f73917a8 1640710911250 1640710917775 6525
57a92da3eafb2de307b99bdac5840e606b49cb8741490df1dc315a7e3a6c4f51 1640711030703 1640711037429 6726
