53107d7a4ac6ee821f08ac1bd32d719d5b62cd02d574e3bcddfd59581cd923d0 1640708749383 1640708755844 6461
571f4097db0bac6b7e0a3122858bbd49aad56d21bd94a0b0d999dec07549d415 1640708869605 1640708877160 7555
35260536f2d4e679fe44f2dc0f223e3c4c7103c115fe08a9185d290e81221caa 1640708989908 1640708996435 6527
5c9eb46934bc49ef2db5c61296bb70248aa72bad8371938122f754d0e9b85921 1640709111038 1640709117824 6786
5748d8adb646a382965d781b766d0b38bd6b9eed24ccf602c8cad2420e1529f9 1640709231276 1640709238442 7166
6246e4ddbdfbf1d8c5a6e7eea31bc320b0ca69402e1d793108ad042dd8aee21a 1640709351830 1640709359825 7995
ef90fbfbeef3dcb18c804b4a55f040b539787f9850755bc5b8a358ac019d3902 1640709472512 1640709479744 7232
c6650952efd10f51ef1f53cdc20fae8ce532cba223cbd1faaa2d0dd7012df631 1640709592180 1640709597656 5476
a207a111c7fcfd0aa51c16ba2877f3517ba5d5bc3715e9e89da3354051918193 1640709711355 1640709716136 4781
56082ba9e8e0745128df5c89af3884802f2bdb2f4fbaae31d21f673eaf91d812 1640709830813 1640709837479 6666
61a45ba409dfc0590de56874f8d43dda5c103e2a91bb231f8858da387df3e218 1640709950783 1640709957640 6857
84a43bf3f5842f353d21d621fc913321f15f68782d7639cc41059d932e021bac 1640710070432 1640710076221 5789
58757e81b49586ae1868cf130012027a0f3ed23e4821433d67946524ec93dcbe 1640710190591 1640710197779 7188
c6777d788e1ceaba0081e2bd05f33206d2c0f8de2858cb52d4e06eaebf921d6f 1640710310746 1640710316955 6209
90286fd8e5fd5981e5b0d36cf0a2d883eeeb370633da54e6e014219e53c80d5b 1640710429936 1640710437692 7756
89e4eca792b574ee16a8dfd6d46e17cfac7647c8d68fafdf68f9523ff5192d74 1640710550295 1640710557395 7100
cfc2819c14727764fd4cd400323a0c0cd27b10bfce7526f6b41658852ef98496 1640710671047 1640710677817 6770
dbc5a41a863e9a77dfcc2d0e8a1f17a61897be6a72b199b599b90c0732f53bcb 1640710790879 1640710797908 7029
465ed4a2a8bf094e734937f215ef66ebb2cf458e20cbbd5d92c6a85b4ae36ac2 1640710911237 1640710917486 6249
dfebfb569cd42a12e8a27e98d9996c7f480a0479fd80cb3d20b8f7bb21af8812 1640711030683 1640711037651 6968
