0016289c6e13af69600d576b47c3c5c9d0953031e2a2c50f4c27081ddc24acce 1640708749365 1640708755032 5667
5611b2a9cfed81a4183983cdadf45a6b6a0f09bd61b48ce0d36795c90981c276 1640708869575 1640708876256 6681
8919dec858bb035a628c1da0190c74e0aec17e42742b4cf82a197a7ded012976 1640708989880 1640708995391 5511
b4ab4151e3ace3c857dca89a704400f9d70e5b0782d652ac0f270c76e7bfa975 1640709111009 1640709112760 1751
92527f66d16d6d0f733ccef2e4d54926d04b2ba3f4eaab5b574029721c2a8bc0 1640709231246 1640709238361 7115
153bcc5784e3b08bcfeead6f310a47ff488e282f14d2006aa512395fb7ca47fc 1640709351804 1640709356934 5130
750e6a2ff0f024ad822e0135d5165de6c70a9ee5d40ad7864f51ab458a26b025 1640709472483 1640709477733 5250
84bc10afa5e2dbda89b5c069620d8a121f6e5dae902df6bef2441352dd1510e1 1640709592150 1640709598775 6625
7411bd6f777ed7ae123203ea54524d44b13b72be7ac61866b5d6e30e7dc1243b 1640709711308 1640709715372 4064
2f60dea38cc75a7cf5e144376d9a6bf02b50de93ce711caa7566c7a02cdd8c2d 1640709830780 1640709836119 5339
088b8b0b89ae0757f9724c8a8c7558d86e72c2a4b0e497eec8a5599936ceca52 1640709950757 1640709956869 6112
70a87e3b1d21ca5d56b64610f7e2b60c0668f8a3f03b4c50b8738b6f97e5526f 1640710070397 1640710075817 5420
f7245ebb25ffab9f1e3d08c9ccf0d7635234ddecbaa0c972020ffb71d9ff00a7 1640710190554 1640710196714 6160
1c595ed626dfa34d227001306a32bc712e1e8c3bbab8588222c187e9dc0472dc 1640710310712 1640710316083 5371
79b45612b57af91f5dc1710846aceffd3876ea6313844b8299281df617b5de86 1640710429909 1640710435024 5115
a6dba938511c6334700862ce1e7f9453a56e41d30f6cbd09322b6fffaa4cab1c 1640710550256 1640710557674 7418
1eae2b40d205a0948c3a5888b06f99704db6eeb3db2c2e2676f1832858cca70d 1640710671011 1640710676467 5456
eba5da409925cec7a332959324837008ffb1a04def906757fd57094df6569ee4 1640710790845 1640710797419 6574
d000fef4d0a0f2c62859190cf857c7dba284ec183fb8d63556da1ad0b0de949c 1640710911199 1640710915951 4752
7125b586ca08b7895fd2cf06edd936d0355cf26a7a52cebeb17c6b402f38a804 1640711030647 1640711037607 6960
