f14f98f0985db62a5cab14ba8146a90c6fa751052e7de9124a0c09fc7ab43bb2 1640708749385 1640708756862 7477
d6e93e01213a1bf8141c7d40e9e75477bdbc146fcd28f8571deaf09861072c3a 1640708869604 1640708876579 6975
4a4406c3c19a616a3de2284329b61438ef3e37cd2e408fe0c5fd3d05f2c77e8f 1640708989909 1640708998101 8192
876a6ef6e600e5929da10f5520c26cc398dd4c7631d70bee61e397a5fe0a20e0 1640709111038 1640709117687 6649
87f8cf91d14702d3d40da70fea0a83a60781c472e2c5d014dede133dc915110a 1640709231277 1640709238428 7151
3ee71d97143167ece3e8d90959861523fafb875f0855c79baa8ece1bced43c8a 1640709351831 1640709360172 8341
b176bba4259f679eab5c173f032731857c1b7c57295cffd79556a36d90e416c0 1640709472514 1640709479947 7433
62c184ad789da0c9be218e85476c5092a11edc1f0b5d3c19abcc137738b4dbfb 1640709592183 1640709598938 6755
6715f6ed4c93ddcb8fd9a3bf6f9a40af848d6a8c37d1aca8e93af3deb1d4fe30 1640709711362 1640709716787 5425
3b52b9f447667ec4a574e0490f363a376106e512a083052f3f0c4a1bf2818e98 1640709830815 1640709836928 6113
5a08208f84f1f07957c13288734288fc27465a7a898a88e91b2632f7a32c30f5 1640709950785 1640709957352 6567
841e6172369b17abafae7e754a2e0eb5929251d444708e7f87ba945c8ef6409e 1640710070433 1640710077291 6858
2bf9c138f9adfe67d55e2bd63acd73328a8600b58afd1388a66bf4152b69e478 1640710190591 1640710197544 6953
9b4cd0902aaed81cb68f3249da197b77e1a8bd2d4088870f5b9f417850cfa8e3 1640710310747 1640710317305 6558
67eab3e5023f9aa31024aaa8bd45852b529aaad58d7efe218bfc8f6a4b85b3de 1640710429938 1640710436254 6316
8756fc5c3b1405e8d69609b85f2eac3d9a9e00520b1c7d2967a3adc5ef5146f5 1640710550292 1640710556451 6159
900a290e60f67eea12d78355dca7beeef8d605add334a899a94bee721073498b 1640710671047 1640710678015 6968
aaf0780f927761a255866e8d7d216e136cd24aa89bee5314767f2d309b06f354 1640710790879 1640710797346 6467
0de726096973a104ae4ff1809763a4b05f01a8e9de28cfdd6e6f97b65bc8c54b 1640710911238 1640710917557 6319
a895df2af0159a6cfcb97302adfdc9abd38f2cd3f466ae9eeae2770de4db8f82 1640711030684 1640711037425 6741
