efa6307a27495e7e75e265e52b6555dae944b541012747783c7553244419ce08 1640708749351 1640708753421 4070
205f8ad42c5bbc3379232adccbb15b678b3b959d6fbe2d682072ee32a08dab4c 1640708869559 1640708873015 3456
0ec7706b713cfd919f10e315ddd31ffed27250159057db64938bfb707b9302b2 1640708989867 1640708994517 4650
51526ffbed2e7991a08cb53304702d5a3ae36157184e3c2507c39f19604e7145 1640709110993 1640709115918 4925
ea6702d96a131c72339542252a9db3dd408c0423561f13f8ce609b6689accee7 1640709231233 1640709235048 3815
4726539f0e3a9ade278d356523e8b39fc8b5b6a79363207bdec0499402f0acf0 1640709351789 1640709355992 4203
8d9d57a2ca1b59c25009c0332d7369144580809c17269ba09036d6c2986794e9 1640709472468 1640709476585 4117
8d112866fffb3899a230ade5c3eb9962fbd2b0825334b1b442b4ece796ec8d7f 1640709592137 1640709598936 6799
62050cbd2f990b9a39d96fdfadb98f85d1918ff0e27a5607bda20e5cdd3c49a0 1640709711289 1640709714470 3181
94a20061bf50e89ba38b87c5198d6070bc8bd7f5ccb58271767e486dbef11bac 1640709830761 1640709835189 4428
f74c97f9152a5acd8d7ca663b077e7aa9c8dff61918368a1b1311bdfe1c014ef 1640709950742 1640709954969 4227
55d8f2efbb139f2a9ad372eee1d5abf4d5eec98e53acb9b99c4c497ac770bf62 1640710070377 1640710073961 3584
5fb88cbe3c664595e52305d6ba7af1aaffd3d103ac02975df315603d80bf0e58 1640710190533 1640710196411 5878
c887957871cb0f4378c17f6806946bda7c8dfd291153dfa642662683c53fef2c 1640710310695 1640710315364 4669
fa92e579920b4fee7a80b6b2fc67f043e0a54506b6d036f60504ae349999ce72 1640710429890 1640710434057 4167
9b1e06d3e97b900651e2f900c85ed0717eb4a23305eff55fe1049df654512e44 1640710550243 1640710554066 3823
1ee57aeaa81cb057904ea38df4cba8e7f1b7bf8e9d39d06b2791174c5085f609 1640710670991 1640710674829 3838
8b52054a73629d8a66e1d9ca05e37fa82d18cbd117304f2f1d129e0c81410e3f 1640710790830 1640710795190 4360
458ec6943e43ac6489cdf0ce4e122ba2115bd7625f9248b01be866a8fbe0cf3b 1640710911176 1640710914777 3601
3dbeefb0e8afb4a2f474692900a1a3343ebee797c4743def3e2703c121bcbea3 1640711030625 1640711032873 2248
