d67af1230474271a68b93463bf5968833cfd15b651f69234710017163916cc65 1640708749364 1640708754902 5538
bed34e7de0a229fbf6ddbace05c58d56d1d2621beff361bb17e02a1666874d42 1640708869575 1640708876569 6994
1d6143f3e8de8d902e140a6966bfab3e54fb86b37a2f1324ac9cddb0763e6df9 1640708989884 1640708995929 6045
78d2e1fc58c385c52900fe4159d98162ff41924706fabb8173f9e2626e8486da 1640709111010 1640709114190 3180
27880bac8e0c6f51325e9a08164ed27c94f8917118551294447b367ed23fd758 1640709231250 1640709237637 6387
c0e18713e97c219482bb424474aad39bea59e54cca08facd981a46638c6b0e89 1640709351806 1640709357041 5235
7d9f591a8d973175a07b7ba15411ced1a988b4f1192ba275edfc8696f4b71e5a 1640709472485 1640709477904 5419
c6cc2ab3766b141bc45602ca61023868cf5865429d09a5b7094c09d788827356 1640709592154 1640709598519 6365
bdb9127b1def018816c738ff20fbe1b8d8e199ca51986a36a232df6a926f6cae 1640709711310 1640709715440 4130
e5a4f1d9553e86b44b21c6ae136f10c139eb79d746e4e391a2051cbc67beb08b 1640709830783 1640709836334 5551
ec869fd9ef546416ee4dcd25347847769d65a4674f6e1c7ec9a8c8715bf31425 1640709950759 1640709956469 5710
9de525ff7d9576fa925788e573ef4bd44d1b85952127b6589e5c3903ebe2837b 1640710070402 1640710075634 5232
27e96e53eb1d18745c3203c085973e34836d631f288704b35f553b79a9102dc2 1640710190557 1640710196469 5912
0009cf7e6c90e21b1f765dd6b381e0b1ef28c5e6a5be0f7c21f17f12ed4d3da8 1640710310714 1640710316022 5308
26f3ebae11c8d83e320b9fd6065bdb34019ee572bf2b574af8f7f5a423441d2e 1640710429911 1640710435912 6001
719b4ebc6d542074bb20950f05ce46c17063fdc63480839f039c3b12608681aa 1640710550259 1640710555253 4994
8e60811294d5db27ab210d646fa627cf2e55b1dd60b17ad6b297a2f2760ef0c4 1640710671013 1640710676820 5807
ecfa73fed5650800977df90b169b5fd2bbe4a013c404208c09bb895d91c57d43 1640710790850 1640710797151 6301
4de6a415b7d04160313549de2195c1a96470ba2fc9ac81cc633003a543889d50 1640710911201 1640710916202 5001
3df7576fe7cc320b61d9c66f659e83b763c5222e967665a765d2c6eefbf42ac0 1640711030649 1640711036628 5979
