aa04a691ed788673144d73777c879483b4a597ce0e17758dd8881c74433ab9c8 1640691912185 1640691913128 943
c9403930c8e916bf26d52b540c21bc3e9454f12c2c9135d0e03f8dabd978b675 1640691928478 1640691929258 780
5188b41223f36676b5583efacfd2fc9e7bdc5ba486be511b9c84ccd8829623cc 1640691944399 1640691945167 768
56669ea2c15c6ac7e3ea0a62d99a9dac21f2b4ed16232da3aedf913e742aac3d 1640691960270 1640691961034 764
7efea1e155b0be21573a53d783c87b12bd91d603646af748ade0c87a51a4575b 1640691976023 1640691976885 862
353bc496491efd1d80e26e9b173fa03ffbbc98dc318ee0c2a2defbed1a8f2daf 1640691991845 1640691992655 810
cee2fcb126f300c9d759428c57e02cc4eba3c5c0ad968b05f7bccc5b80132691 1640692007906 1640692008696 790
1130ce46f76e364e0bdf2efbdcec25c3947d5012ff0e54307a1b5492f93170b9 1640692023737 1640692024506 769
6fe02d3dc444b7736443d5a1c1ba04c57885720d6454e8a284ef3eec1fa2075c 1640692039637 1640692040562 925
a3e8c3117825c0934f9b0f464cc1ef490e69cbc68b74c8e478cc6d361e9d8755 1640692055830 1640692056583 753
e03fbc69f87e762c5c1dacb38895808d4078539b660180ce149c6f45918b7692 1640692071562 1640692072359 797
fa12342a675f124f45beba8711d4a03731ffe3a746de0385bb591d250696aca2 1640692087533 1640692088300 767
70213df36a0ea2b87825f9b7b9a89218d01d151b795866db3b1b0ead16909985 1640692102859 1640692103685 826
bc35db56ae1372293496e90aa1fa10517f646aab12ff5216fe356a4171ac161a 1640692119412 1640692120217 805
cc3f3a0d9fc80fe40132cc15ed5a5a0a2cdfca26372c74a28c23c181189fe210 1640692135538 1640692136285 747
8750d3e453ca133ad254ffedb1f38f16dbe44a585283ce76494417c8677ff4cb 1640692152007 1640692152777 770
b1c7c2b0a82b5762d2a875514d83026967449a15d89d910fc6368ed61c3f2b2d 1640692168228 1640692169021 793
7ebc915c5d4c40144deae10a9f3dacf04634089e78f05004cd60488fe8a9cd72 1640692184138 1640692184994 856
0946fd187ff7f88969769ef9d77575b70ad4871f16aeb680f03f645263803a95 1640692200360 1640692201203 843
047d2932d5094931df012eb01566be590ca57d3e6ee0f6d77d75a0209639948e 1640692216817 1640692217613 796
