ff4a5b0e8e75818592c1dbca712f751a5baf4c84f39600bbaf8d7df0546bd9e0 1640691912184 1640691913113 929
05119f9edd1ededec6b121cc5a2e4b6c6506ebbf5ad8d4929c1b34ecb668ff4d 1640691928479 1640691929263 784
2996318583e595f49dfd5e4ca2afdeee32cf7b617de52f4faa24cc57ea4778cf 1640691944399 1640691945223 824
0a8554d241a1b5529f9ba5313a0333bbe6705620dd5f484e09947c9dd6d973b2 1640691960269 1640691961107 838
2fe862b4f5f7d252945aa8409acbf37df9b99e8ecf02e880d2ee6b8172704ec9 1640691976022 1640691976818 796
cbfc8ae3b643f70a307deaec87a293d544d1dfcc537116efd101940b5b9ddf20 1640691991845 1640691992655 810
48a6463e025f7e7a651d3fc4516c75d60ade4bd2d44f3e040e1b0155d3d134bf 1640692007906 1640692008679 773
de1524f1fdabb53c79930f96fcb9b9889b9a5ce7e67e3503da0d447f3a80cc8b 1640692023735 1640692024521 786
b7ed3e43201839e79930c83997abe3dbb976be4c979f9c7bd07760d4d87958f9 1640692039637 1640692040596 959
35704c8d32fc055bd6a7b32bfbe501faf8adcbc80b7d1c45ad4e5c274a04470f 1640692055829 1640692056656 827
cf1717aa6648b466eb97e91f4c469f3c3f2084ab9f25d4865d1976a34fa2cabc 1640692071562 1640692072341 779
5e4f3e74578d8706212f5a655d3c475ca8a447779b6b0403078835c447d24dda 1640692087533 1640692088278 745
0b704f87f4288c3235a8d523a96c44719c8d20d3ffa8c685e6c47fffb4464dbf 1640692102858 1640692103815 957
9085edb18e2c2c64c987f59c8b51053e0a24b6f69bc03b9b564ebc71737516a5 1640692119414 1640692120197 783
fb15528be61fb35b8583498031374ec5e8ddaca2bf1ad2b47ce724a2a64fc8c9 1640692135538 1640692136286 748
c8eded052ca6b35b09bd332263be6b1aef9a73eb29a380b481f0f6a354f7688e 1640692152008 1640692152855 847
41cff9e0529df2480996442ecc7bbe50a7d639cb169cdc23460096c7dd3ac62c 1640692168228 1640692169006 778
708362c85d9f4c0aa701adb3813b0c99e9f52ed907e7b575d71ba0abd6a21a21 1640692184138 1640692185067 929
bf675b976c4faaa971b627c42b4af479cd1a31b0be07a8157e87505faf46c2cf 1640692200359 1640692201206 847
ab2ad4b087fd51b1246b7316fdc8b50b87d325e3c2954b0cf836d078795d508c 1640692216816 1640692217612 796
