f23353ef4aa91a50f5a11e02b37e3071c072b2894b354228a58a454dc653112d 1640691912177 1640691913003 826
fc055fe7ce8e9a951fb4dba39393d631df705bc768befd134e5c9d86cebfe7f7 1640691928471 1640691929257 786
1a91bb86728380b4d30cdfc9953aac946b01038263f4f7a5236c05815156f66e 1640691944393 1640691945145 752
27d224f5b496c70a9b1ec6e24b2bda50e19c4c74268e1c6ce4cef9fe0f5b461d 1640691960263 1640691961087 824
087e635937fc37d58202a57e4094fa712da6090d6fea4a02ac61ad68f619e5ef 1640691976015 1640691976778 763
dd9152222fb002f24dd9dc29a20985e6e2d223ae0b0f1f901e60364f3133cd73 1640691991839 1640691992529 690
55fdee3fa9808e8dd68f4de48cc3add72e611b4a5c2079fb788c2ed9223fd3ce 1640692007899 1640692008614 715
0cc93cc1c54e8b65ec0ac0ef7d6012e0da827e139bf27a2b0061b3c4d09497a5 1640692023729 1640692024356 627
ec6d7c7394099646ccafc55d7f8fc1d4758c15da5a1a38d8ddba863f43bc5eb5 1640692039629 1640692040534 905
97be8f00f0f9be95c3f986d6b9e9243fcf6771738faef48d225c479fbe710eea 1640692055822 1640692056604 782
66124382f78bb9939ffd5e82e08d13441a3ffe603baa2b86ef5cec2890ed89a2 1640692071555 1640692072342 787
c04be388ab4dc8719db5a3ecb88fce14116450da10ceee7a485d5e6e4687d4b9 1640692087527 1640692088230 703
c89f87b6323825ec25ddf90af3a04135c36c5c259a3b7ef83e03eccda47e0c52 1640692102851 1640692103659 808
2163778825d9187098ce2e59d78abe360b46e538df6f0f933e45aca5b26b624b 1640692119404 1640692120117 713
f162647aca2ff141eb04fa8b0cb5b6383d7ea90c376a7ffb32e1f9857d271b3f 1640692135528 1640692136307 779
bc19276e76c2649552ce0560f50a3812a02dc6c29ea82e2fddca318eaf8db5ce 1640692152000 1640692152790 790
2ef28eb6ca9d9034726f9dae4c330796467fc0eac96ba849e1251b0ec1b0e058 1640692168221 1640692168957 736
893cfe8ba4db274295d47b424b30d9e35417925815de3efb1175ea9e7e621525 1640692184131 1640692184887 756
bb337b27bc505c7b1321a04f2964b0fd989470fcf9af6d9b5e21fb854c6af5d2 1640692200353 1640692201057 704
bd049184209c27733051e6d6f240de19b1e596a0431966ecffe0fe9f547dcf75 1640692216809 1640692217483 674
