e7e876c3032941cc6d979a442ea8db06970b110ad7b6eede9467a6bc43ac1747 1640243249131 1640243265821 16690
1ed34d18b72139db606fc09cd0df76e23a8790cadf935fdee6ef319e30ffd249 1640243317259 1640243360755 43496
1fa19e7be99631efa41ce918c1820c86bacb5170189e5d0bd89aaca5609c0ad3 1640243407943 1640243453131 45188
11233b89b29d9c7306011d6d333accdcc4df1482ebe2e38b4b1c3d76e0c71e67 1640243497146 1640243561953 64807
c56d5ad5d0ed1ec3f911fe08272d252927ec4b9f6d7a064337b4ab1b288d9d15 1640243588196 1640243620603 32407
1fae5a2ecfb7e3852488513ddc60b85c644a245a14ac68ba5a133a381f030e90 1640243681382 1640243727723 46341
7e5df63dd49820121eb138adff3f9edfcc522d13fcb52e98b2cacae34cdacad4 1640243779480 1640243822218 42738
a7a376231ac2ad51d28bde93f7aba0ba3c49f1a24b5e635e05762617996f60e9 1640243873685 1640243915944 42259
1018e648b5e95a253014c0f9fcfca42c76ec86813613c4a45e8c9fe86034bc63 1640243971134 1640244027860 56726
6c3c32099bfe3569b4d3f38a23e1fa7903217262f1e24b33084637ae67a67213 1640244066292 1640244110472 44180
df08ec632b20273b3751fc04fab705e8f7ab09343467998e5e828080d2269346 1640244161223 1640244217841 56618
6d53c5f44a6167edd912ec434ffc0c56e647e3853ff18b3d992ccd3b7055b16a 1640244257765 1640244327202 69437
ae177a720dd392a9868427d4b1a771ea4974334d0a8f0fd10c87d68395a5ac0f 1640244350402 1640244399080 48678
677d54639a771d54bdfdf71edf5d786095d01f30042d8392bfcff35b2c2e2a3c 1640244450822 1640244501808 50986
87300b20b6b099cb5b8c9095e5536da0a3b2ac482ef31ee00c0ff270e8525847 1640244550852 1640244599857 49005
c7eab075e2c911a804c604d555c6c7923d03bb6bbdd76346ad9013e30b686f7a 1640244644897 1640244685703 40806
a734d6dfdc067a30dc56eb65dc27a98ea7473bfab5b1db984dea5e79b0767bd1 1640244748021 1640244791417 43396
f51cd78683b4cefc190374cdb05d9c260c8de7e4e5c89acc8efb335b1d212f2c 1640244843008 1640244895407 52399
a97eea80f4e3fb9e974724b048a0a56094519ab62d7aee01e427d1e4c01a197d 1640244942939 1640244988795 45856
3cf0d0ef98e49e9e7b93ab5f8a304c68bdfa7b417896285b55dda55f9dfec8f5 1640245041776 1640245086032 44256
4a712e26a2aa0e5796b8c078cfbd92453a320bc0c2ec70a8090252c618e3828e 1640245143136 1640245197532 54396
9fd086c59afb9d6655abc6df8fb9d9d0c0a6c3b4b33b71620012e98e6c9bf9a7 1640245245040 1640245286689 41649
399ced6b28b2034df3102480e28d92813f43eb2ea0d369a9e35b07cb8b2a0da5 1640245341458 1640245395829 54371
d5325775855f91cffd5f4d894c5165077deb7f8deaa56259b2fa98a28c367c4e 1640245450063 1640245490454 40391
d04ee53df8966ca3327e04b9fe345d8c2e08fc31a439e3a5995433e0cd0f6534 1640245546401 1640245589257 42856
c1164bab8ad53966097d5f9adbc187eabe27ade9c77e48bceae76902a9a39bf2 1640245645102 1640245690868 45766
186d898fa16ee06eafde6c803d8434fa43484f82208b3555b6eff2c9ac21ea0d 1640245747118 1640245801300 54182
af413d0392a50692d3ce971c16a48a34574dd67e4bc136c6573a88b668950889 1640245842439 1640245898313 55874
972c4f855d3487fc72828b4b40068475969152b7530341771ce0abab4cc82f44 1640245946642 1640246011719 65077
fc50ee2e241feaec82cdf7475eda6c1ead3fea251e1513795c33b7a721998e6d 1640246050885 1640246127827 76942
613daac1fb165a5ab8ede2c18d8fe02c89cfb86dccaf8f43890553b88bb2271d 1640246161038 1640246203790 42752
bbd7f3a2fd3eaba4a10cdc3754372561bd8ecf2dbf530f28ca838f90ef516cce 1640246254673 1640246299545 44872
31d98f1d3d10adb92e6a273e4f3c7003872ab2262cab9cfe9a1e83e473504499 1640246353569 1640246414905 61336
622b3d52aa857e2662ffb7670cb025f81f1b26e35cf25629cce1a3ad0f461e3c 1640246463136 1640246515193 52057
dae85c8f72724b424a1fca3ce7d4863f1724a9e78dbacdabb4838464add80d1d 1640246567614 1640246615587 47973
8a8f6b5c2de292d70fe251431a794863eccaea0c9df012d29938b23e70028cdd 1640246672278 1640246722802 50524
998c4a66050c616121428cf5eb7643c38f2234fa9c543e4a3fcbc38156513fa1 1640246768879 1640246836076 67197
2592b88159d3e6b685c5cd0a92077c3edf72fc9f61397fa8e1112b313e5f0657 1640246878043 1640246933223 55180
1df87bdf9c689f596f4e934bfdf01ce53f4c5995c2f3c728ab00cf12b27f08db 1640246983977 1640247040907 56930
6ed03c2bf46039dc53f10b6f54cc60709843d2c3ca0e6140a3a77edf463025b4 1640247095470 1640247144006 48536
3dfcedbf30e23a4e21dab2fa8d02ff85585e4ac68653b2bbf324bde673a05e03 1640247198348 1640247255578 57230
133492f15810319a3fbbbf18eedc6a7e8edb207f582502b0ac8b77a714bb6321 1640247309388 1640247365550 56162
04f1fd00ee7d182ed14040b36abcf1bac9007d7f275409fd1af50e3c79920741 1640247413096 1640247469012 55916
44e60e7690c6537b18619c8aff24ca18aad285e69b6848a6a6fce36777645e46 1640247522274 1640247571566 49292
1fb49b87242d773442d69491358996d3df7e5bb62372e5b487f68d44cd988893 1640247632915 1640247692065 59150
9df9decb297682b5fe604552c22369a6bb4347b5098c1906fbec895229920c79 1640247736160 1640247809457 73297
d72d04cb8d2c878268f79a9a2657331c6c6c105775784fba742b6622ddce9843 1640247847607 1640247921360 73753
cc107c781f645a2de72b6eb5c29cab0ebb879fbcf595c19f8be9701a15815430 1640247963669 1640248021912 58243
fe2fc37f4721dded3ca41536292a64b25f8c9d74552126851bdf96beef4cbd98 1640248077278 1640248132847 55569
f4d1b33e79f08a8cc669437d0193387f0ee4da8aabebd418c21ce23ef4d20df7 1640248180886 1640248241276 60390
