7540df03b7421401e0d0bb6b2c6d66ba5202d863a0e409546e4fc68b3c2f18a1 1640243249137 1640243278191 29054
d17da01d22f9c6d475372ff18a7f0d085585eb28fb6efb7f222af93478f40a9b 1640243317265 1640243359953 42688
5913faa726f60ff037f27877eb7d3c1abaa605553179405a06f085c5e5b76e42 1640243407953 1640243451035 43082
a8f01e03bdd381de5bedebc5567a378e6e8963a0f30377da7ed060d7e51d40bf 1640243497150 1640243544328 47178
40779398c51e39e848bad8049828cd3424d05ee4c4b93418289935802e6611b6 1640243588207 1640243632504 44297
8f6617c6d7c1b1775c01f1dadc705b9aa515dcf114c069b936cb1097550f305d 1640243681388 1640243761947 80559
c9331b09d433d44e044dbfd75e13b358d37f4139b07b269f2d29b812d7583bb4 1640243779491 1640243828920 49429
305c209b5686cf30c80c35bdb78e9cac4fc6caaca4ac4939a59391b9ec14ec21 1640243873692 1640243916673 42981
2119ae3fcbb52b7b424db1418b8fcbf64809ba249300696b58990570d43110ea 1640243971149 1640244020502 49353
068eefd251033fa9ee848b765e7eb51f81ee488b9926785dc8a303b67025fc87 1640244066301 1640244118191 51890
e7a49f547da747867e258b98e87d325577fcb5359d1bd7a6a96f42fc898b1f17 1640244161233 1640244226836 65603
6ceaaea17cdd193f0714f44747e7a6899af076e4224a05d603a19234826bf45a 1640244257771 1640244313246 55475
499903c988ff91c4f62ddcc85597d52dd7a0a4b808dd2a235a87167cb6e7ac4b 1640244350410 1640244407204 56794
b9cb5202455e8a3b1e6297d00c1f66581e63b6def2096202c6665b89ea802fac 1640244450843 1640244508148 57305
b380b656b45542c56abab85e8f9f5c69262def801cca5e9e58b84a28514639cf 1640244550861 1640244594869 44008
eff6a3987d451fd9500a4e79ddd56de1cd18aeed337d0fc40b130e36c25aad5e 1640244644911 1640244691760 46849
b2cca934c967f178376c5d54afcf223b081c5cde8e5a23403fa3adce12f77b64 1640244748029 1640244820908 72879
8950154d3161c86119a9333194cea5a50934aab649c520eacabefe4d6db0accf 1640244843007 1640244894781 51774
992c6a5ca31d839090d0ca8bbc1626609b062a94789c420b8eb2b3bec3496ce9 1640244942948 1640244992684 49736
00db457d689a7a8fe956ebc7a224a93fa144239a1ee1e5157b6facbcdaf1abd1 1640245041778 1640245091980 50202
0e2e8f85a8b2d42aaca4dbb8d198f5b9c726656d51f5d4b6d807b0a6a94107c5 1640245143145 1640245199610 56465
e3c1387ccf5f4224e9de4ee389b6cd55c014c79811f7644426b6d68cf6686f16 1640245245055 1640245328994 83939
98306dad0432b276f10032f7e1738e7f95ca48c3287924c09fa91aa60325e736 1640245341472 1640245410211 68739
78cb6cfdff4e70ebc5a769163fded9dbb76328a823e88afe551f0f470d1e3ecf 1640245450074 1640245501214 51140
7604ea8bae9b52b7cf86a44cabbaaa14a70572b6bf2a4da9ff98b95d830624e2 1640245546409 1640245594537 48128
93db9302b1654b08632ad199fcfac586e128f8eea2036c19f5f8a8d54fc9c657 1640245645115 1640245694078 48963
d9365d13c91b9a38d46ed15ce1e4fbe9517b0be30edbbcb691bac30bf29c0d82 1640245747126 1640245819512 72386
f2dbb5e6d086b430c41ef05528cce402a975ed7476000e8e73d3d620317f7c87 1640245842449 1640245900855 58406
943fe331fe7a439185b4e3c3633af0d37a5dd9e4310ef25f148516d33b4918f3 1640245946649 1640246005602 58953
4228bceb8d89a145f3cb709b408496a447bdb08e3be1110b3ae8e54be7be12dd 1640246050893 1640246105294 54401
0bb37353d274d5f1f0683ec787b6cf32fde69f5ca8f8c574485a78d1e5bb9706 1640246161048 1640246211797 50749
38f84d50e0b65e319940965ae28c19faedc716a1b4d81ffb06177d187bf5b0d6 1640246254678 1640246323066 68388
ef4b8dcb1702ab5a548cbcc4beb4ab8522aaf07648eeff9b41e4d3c9b850387a 1640246353579 1640246425334 71755
fbd28c3bf29ba04e2151df6675bd63b6d15cd3e8620df779a067368fef2c9126 1640246463154 1640246513284 50130
32e461dd3b97d8f64f20143eb92b6ba685e05bc9b94206f550b3481dde1d883d 1640246567626 1640246619027 51401
b07d19e761e0798e1041b2169731b3547ddf005b1fd53130e076d0e001d84133 1640246672288 1640246729915 57627
eace3cec03881b92fe102d49b7b226298db63c0b07bba720c68069d22b7cf44f 1640246768894 1640246847368 78474
5fd8dedcf7f4c81bf7d187b41818b1c94df88c9fe6045163ee59303d7c3abf86 1640246878059 1640246933108 55049
e5c613201fa9dbfd81b27ffaad93c992609af9fa043bf95f87124745594007d3 1640246983991 1640247046173 62182
d53da1ab62f696e62b7147191533f4e2526bc8d30dea847cea373b23384f53a6 1640247095486 1640247146451 50965
74e513162534047f0a3ff770d1759170d0cf97ee8fb65fa5848f80c928a4538d 1640247198360 1640247246709 48349
73d70c09273de64635da42d5213bbc67b0520460087aba033897006c6e9283d9 1640247309403 1640247378946 69543
654c89917b3e7325e32ed152fc929acccb73cec5ce28c5b01f2e2d3ef526ca8e 1640247413112 1640247472219 59107
e8a3e69a6e89b327eda81d765daf70781a6321aa181b27cc9fb83669c59607ac 1640247522287 1640247579195 56908
f119c5737dcfb3ad56b1ed2183753184de0b01308b19de87220836dec7b74641 1640247632927 1640247690926 57999
0729def4745c29fcf8b13252f5fbf4d9b148e0ba90332a87581c159b2da2c443 1640247736175 1640247832407 96232
8cec5dd60a055b259c86f8f79ba5a03305bb84d7eaeba00418306879207898ff 1640247847616 1640247905181 57565
18eb8c5cf5d654529452a718fc27dc5ba55961e8c8be602322b0b33e6c633298 1640247963685 1640248025322 61637
b962cd8a6d2859ea507d986cf77670f586c3d002f21902291fb446d0e1f23b40 1640248077288 1640248129592 52304
59eea76eeeb10cfddae8c3728f479aa464ce13129d0ce8df6d8f131fdd0532f4 1640248180902 1640248244938 64036
