a9f79667c1e984259e4224c74bbac4a3f5b7a6484656c8077282313879db58b5 1640243249159 1640243290620 41461
f8ae82f7a46f08c13998b9807bb3114b1bcacdcfbd2c8909193238178c9ab950 1640243317309 1640243379970 62661
2ee0b82e0e71419fd30ade82239b10eb210726921a6448052cdac6ac770864f1 1640243407983 1640243466340 58357
9ec457448cb047baf13f9af6d5c447bbfd8388bcf57f49580f390ef610a1b233 1640243497195 1640243559976 62781
24f77b5745b86fd2bb9645ae9435b0739f0f211827603705121023316c8c4fbb 1640243588236 1640243654415 66179
d4d2ede7066712afd9e3e9aa846bad00acc10d70f85c5e8b062171b1079c6ee2 1640243681431 1640243758658 77227
c93f6c8ffeb6ad9d54ba894756fd6ca0aef92d9388a5689cf0f95220ce65bf54 1640243779526 1640243840880 61354
2b4e0da6ca46068abeccc6e1af8756b6b41f6bf86dd6605a873657b6cad069a5 1640243873735 1640243949534 75799
da3307baac7879934c30eea44e9fc95c7f4ae522c6a865d2b5e16a394118abcd 1640243971186 1640244049808 78622
fe58eabc93eb6cc29b38a0a4d3e5e03ae2951f1fa7d732eef9158f836d3cc7a9 1640244066336 1640244133838 67502
7aa978b5598ab08fedf42555a4dbc8217c2ed94cb2ccd248937d4daac9c989a5 1640244161260 1640244237982 76722
4da1014e67b8657c89514d9b39711f2fc704d1ad3bd3080aaa96508c4ed45f22 1640244257831 1640244306343 48512
bd23d3867611fe3c7d392611ab850223a7b848281051a1cd357ae978c886c2a5 1640244350453 1640244417365 66912
2fed182831db01ffe67c0ffa886a6fc3b1d6a3cff12379f4fea75b86c293ca7f 1640244450882 1640244528704 77822
e3110a47ee7a5554ec927ab79198b8285906a7bd05fb5bc78d39b63030cf1655 1640244550896 1640244615555 64659
b8a572708e059ae89c53d88a758621f27b001f24d6f1c5add7bf04570f34863a 1640244644950 1640244728215 83265
e24abc7498fc15617ea9c38b61e9afcbe64ad41959a22f69deb6ab516bc1d14e 1640244748064 1640244820276 72212
c344d81b74a4c09f0d5bdf8c7f21e780797a19e32fbdfdea2cae6085c19a9a74 1640244843052 1640244931727 88675
8257b276bc59136e264a8f6a249ca2ff97f2f0bbded6b7e93ee2b94b123de38d 1640244942993 1640244992073 49080
395d041f9a99c67bc22038aa47e0b4b28dd6626b3c3c7c3cc2d8adb1d2cb57b1 1640245041822 1640245106466 64644
d2645d32456737ea79a4487c6165a421ec14fc63b23f9929fc5c5740e7cba1e9 1640245143192 1640245218026 74834
5de55f2b87c63dcb8617926355ad84af29e075399fc84dda67a45038cb525784 1640245245092 1640245304195 59103
2f49694877afbcc7745dc30c6fe4a0e58f610b9662c48e0131c57ccaaf9353e3 1640245341516 1640245408786 67270
1b7466815a0633b16026618fbcdfde8556ee6e623ea36e50c6ca9f67fea5b14d 1640245450110 1640245504913 54803
f1176e39c3cc31999f8f54ddd8061293b22d825c1a884c0d46d3e9e0a32d38fc 1640245546460 1640245610110 63650
a84fc7aa6dd422ffce67caf1df90ed244fd3d5af103c756d6d6f91242b064417 1640245645160 1640245721154 75994
55d5ba36331268b590ae7332a5f073845898ef6d0c4b7e9319f3fa90a436b8d1 1640245747176 1640245821755 74579
70c5208f394d6943e64a33cab2b9c0b86909c751f8a10deb120b61fd59756cbe 1640245842497 1640245926020 83523
09913554f77a6f87219150791cf9238449d72f84f2898147d70d65852e1a6865 1640245946704 1640246004133 57429
a2f1a875f64b2d6ade6869facd4f5cf98b879ec6966b153ad91c0944fa22d04e 1640246050942 1640246135896 84954
8991d713cabae97241543863e889f710c2dd1abe66e0b02dd94f552fcd7ceb88 1640246161090 1640246231410 70320
e9dbf282bb414ae3bbbbfabf6b8c8711886919ef9e12dbe487eb28a426452bff 1640246254728 1640246325318 70590
794afdbb0e5adc3864d8a87b962d4ad65362141a42da3249694c615777935f6f 1640246353617 1640246412802 59185
c82124daa080de95b5209b1b7ee1fa84f0a2fecaa68ca95a18206e83c4449496 1640246463190 1640246523554 60364
7c119ddc244510c46fecfc606048258e0ed9e4afa40d646aa382eeae73c92aea 1640246567671 1640246635656 67985
611095913db9e66fe54133ec4f0d9c43a973d5b31098c9a7d149557f145af92a 1640246672342 1640246732886 60544
357ced005cba283510ec3fd9583724e714c4ee947b3cc9d187035a5f91e9bbb8 1640246768937 1640246844018 75081
8bf030b64080084412eab8f89ec88901e6faaf70abbf0cdcb6f598b41e685277 1640246878102 1640246952706 74604
4184f449269f0a11e7c1bd208d9ffeeba639b239262e3066b31f2d37a3cf92ed 1640246984025 1640247059458 75433
e919d2d20f14f5cd7473c4a717489c07ee7a05886dc399e9014304f008096fab 1640247095536 1640247162674 67138
b7e1f179239f6450f51e2e2d59b7edc772a00ed6b7d4a089be06395a9b21d969 1640247198407 1640247261216 62809
b3f5855f88beb1c4f48b8992a7ed1833287e8b17559795d9767edb47b6791c7e 1640247309447 1640247392203 82756
302f381bbe90633edb0cd29c792c72ef1fa93e167ccf450a8b17eb9135573d82 1640247413152 1640247487363 74211
4f12b56db985855959e6fa020f6fb15d459ee9df1eb47b53c20663aa3b7d8207 1640247522337 1640247595245 72908
5244423100fb919adbab3a6e46bf0314154e079e1d61a3608211c90acd1e5224 1640247632983 1640247706843 73860
80a62ac824e18a4bc79dcaf9f80a4f66fbb90f9421283bd5250546c8e9aeb010 1640247736223 1640247813278 77055
7d570c038d29367e69599f7c7fceb9cea73a762d5c956a083c73b87803f074e5 1640247847662 1640247941575 93913
c4acc13494c4b85413ddfb03a262497b5603d9ba4fcbca8156e3d65b45b9ef18 1640247963734 1640248042003 78269
51e6ac0ef7ca6301aebb0aade8e689a587d1525fcf6929445e4e16f620b54a41 1640248077339 1640248140255 62916
0bbb05a74d8e87ffa4779415b3a9ae6159caa50a82f2cc96922bc409b36be273 1640248180946 1640248255119 74173
