eb713dea0102a5480311f8522f1e62bd3680af73d48596ba39f1bc300e598f93 1640243249153 1640243271793 22640
8d8263544e90f95e8250c2f7f8e8cb85f01c4c1fb822cca01e7d8c92c19d009d 1640243317299 1640243363322 46023
202403cc6554df976734dc855fc5df2cd27094335b3d9e5311278c4b6fc8503d 1640243407970 1640243444197 36227
2130513411695771a707fa0bb47d9df0006e046e159eb157b348aefc666d9485 1640243497193 1640243552763 55570
ffa8df17720bd9c396e79967769e8fc426af0ea166584fcc6a575844fa28e49a 1640243588227 1640243647493 59266
325dd1626ce1e1b3dea71e2457477c5dadf7921e3f058e0c55713cc22d31cfab 1640243681414 1640243756576 75162
8ac47c6c741bf364443cf2610c7e6578363ad1d8bbbfd4aa1ccbe9e1826f98d5 1640243779509 1640243858577 79068
ec14e784cc57b27c108942e02a25c68255f56d0b4e85685a5cb270b095117a12 1640243873717 1640243921722 48005
1b4046fbf5691e91496d0589baedfce354fef531fb2c1c8259c637b1595a7a53 1640243971170 1640244033879 62709
9eb946d9845efbde07182942b6ec4570c5d29dab2a389ce71cce3375bb6c99ee 1640244066330 1640244127442 61112
9016b5f6dbee59d5590d2e83795130f7de2a220ed3436e9e4f2d841f7dcfc721 1640244161252 1640244211662 50410
d45caf056ba55ed4af6e1984299ed093b4d9c8fda9cd9dd782ef9dec80c338e3 1640244257817 1640244316925 59108
9740ffec86d0c52ed8c1091dfc4921b21fde8d6600417e457b68a886918cac96 1640244350430 1640244421407 70977
bea5e0626293e892514b8b931816dcf77179eebf981aaf2d727f3c5d4a2dc30d 1640244450859 1640244508290 57431
fd5fdbc2fea145192c9ec272e9adb7cf927bda53fb670e34f950c26f209a7b5c 1640244550884 1640244616441 65557
53319930387a68a3812ef6d1b203ac2895e36c6b98f3df283dd5771add9edd45 1640244644936 1640244724815 79879
9abb4a92fe680b1a01be5b689752524ea54f7380287a4dd2c703072e9bc50c1b 1640244748049 1640244801329 53280
4f4c1464afdb77e68dbe5b808b8a5bac46db5106b678bc6fd76882295589e71f 1640244843027 1640244906426 63399
57748ac96616643fc21497e17f66adad55e40fc4d950cf2239c466b26e924bb5 1640244942978 1640245009994 67016
1a7df468d0e8ef14db8c84b56827afcaf85f8a094771dd7c4b3c6d4110958b8b 1640245041808 1640245103075 61267
4c37dc9d1c9259e21563291ec4215b62a9f74f82088b0286ef6b0ee998c7c098 1640245143170 1640245206374 63204
e38d9259c014825c0d0d951bbf395f17b1471f6d77bb87092eff82c7fbe2be09 1640245245073 1640245302758 57685
14ef58c186809714ff5f5f5f3bf54e658a4beef5082a488e0ff7f6816c44d6d2 1640245341501 1640245404945 63444
d3ef8beb0a4a56d29f8f32180c08fd62e623bae4cd11fd9d063278d6d304201a 1640245450100 1640245510892 60792
25ea5a18904d17fa56cd6ffe81ff7b057abed50812189cc865b407dc7c3ee7a9 1640245546442 1640245608885 62443
a4c9831b95df2a99345f452e77026fdb5a2ab5c0c1e69a031a1131676ad9a74a 1640245645145 1640245710985 65840
81c997dcf955d815773b65ff26dacc94e31a2ce1cdf86414f58ff49084102545 1640245747156 1640245806595 59439
c52bf1e54e257738c90a979c5ea635f06fd3fab435097c63d5aa64499c4972b3 1640245842471 1640245912961 70490
9987898b39d7e0978082f0a6b278f1d7cf83977f229f3710a7543f3cfe845242 1640245946688 1640246027578 80890
60963d3a7c886c88509b39ba96c12ce27d219fd7250fa6da3b62e1720d80759d 1640246050919 1640246100760 49841
73b68c8eb7d89645aa1bce3903be569fd81d7df7d334d70455ac5b4f53210573 1640246161076 1640246215189 54113
415f75943490af06e29d5c0409cd3fc4d335d5125d940e8e4e4b40fb6a34c156 1640246254709 1640246320506 65797
39612487c0d61a788c1c6f966a4ec2f21a3b0617b854d6560df7fbff4d0026bd 1640246353601 1640246422568 68967
6cef9bffafac2d91768386d7b6fb3c175c2dba969041c36f592be3981d8c0a81 1640246463174 1640246521224 58050
804b8f56d05d4a6e30840940e921a1de356d0f6a9d26ac3b205b6e2b8b9ce019 1640246567659 1640246632601 64942
fc6b21fb5ea203f6867d93d782630c385e6b4a92f8222e93c42868c77bfd1a15 1640246672322 1640246752639 80317
8c0a84d07ff3e49ee478bafaa5398ccd6c17e89d0e6d1f9433945aa34f553faf 1640246768924 1640246848531 79607
2b5445d4a7c76b77411eb021c16b87fdbb5568659bf3e3de49d5ea61c8c9cde4 1640246878089 1640246962945 84856
02cacf591b948eadd3f2d40ce125ae4122c2c8e927803cd2e64ec034d9e65181 1640246984013 1640247053655 69642
0be5af589cac146d46bb55192a13d9b645190ed7d9a6d81209c23e74992de598 1640247095523 1640247165772 70249
94cb8edc44b191c72c27a977a5d649fd36adf3a368e45de79ee2b4f78367183a 1640247198393 1640247258853 60460
438dffe326f227dcf29e5dbde270cd7f78fb948d6f6f46f2f5c17e3ed770bf29 1640247309427 1640247370694 61267
e0d8f2d22cd98ee1cee53289fd29aff01413f1b5c88ff4dce9eb1794d148d4a7 1640247413133 1640247502248 89115
b7ce12f9a8d32286ec6136b88bc512d8a63e600c9eac9b9871bdbf548abadb71 1640247522312 1640247585023 62711
e17bebafd577f0b8d5d5d4895eb51b93f93a4a85107990b198e99aee801dabd4 1640247632962 1640247698608 65646
376e0d0fbaa4582225e079975437c91f1ca981ec9a81cdcf47b2bfed4df7b1a9 1640247736208 1640247802264 66056
8e5edcb94f7b8b32b366314f9a19150d77971c13177d94509e43c3a3ef6c22a4 1640247847646 1640247943325 95679
2e95baefaf1ff7660ec5a10d9bf4d154467d8617f8922d245ded01c1877e0265 1640247963716 1640248055057 91341
0d5b73f7c94d742b62acc077682f468444f8f71ce1f451e061480253ccc09459 1640248077319 1640248148169 70850
ee34ae3e24eba4008350a282c79402d712258d772c34a73b09cb17c00a86506a 1640248180934 1640248265323 84389
