d44e36ac304688d79c93f170628fd7073932eaa2038df27cdb3407739f5d250e 1640243249103 1640243259914 10811
92ef8a0ee89d85c490d53a3db120291fd020a119e30f54ea49f04447c9216d67 1640243317246 1640243354013 36767
e38acfcbbc35d290dae9506b9367dd44c3351fc66b5750931fbeb229f317b0f8 1640243407920 1640243447180 39260
40206029adb27a79014223413399cb4894be4a0ac29f8e1399aff35a365a1f0c 1640243497132 1640243538935 41803
b74562479c2cae537bd5278bbabcdc9ba577267a70adec44860c6343b58e3816 1640243588180 1640243624237 36057
f01be86829799ea66e60873d526d3d94d6ea42699a6b6e577bbe4f7767dfc12f 1640243681365 1640243722212 40847
5d2e2b7e8eb8e5a9a7fab194165b555b1e5834af1c79513626cfceb24a40496f 1640243779469 1640243824272 44803
02cf911328d55a4fe3bb4664adbd26c6548ba3d432abc685f7929b2467699347 1640243873667 1640243928190 54523
9053bd20280fae58bc48cd5ae5545db912da4480c4b5d7a15e0363f8876b7287 1640243971118 1640244012873 41755
98fc0927c3edae2fa394c40a2612072e8cdb2b2b6a4bcdf9a063d490928ed978 1640244066274 1640244107446 41172
d8e2724738bcd6ff816fe787622d0a1a19a07e0729cdc84945bb64c2f6216be6 1640244161200 1640244207892 46692
d0fb9fa1632809e94b1ea0cc922bbede3506cc75a808514cd775b77a42fa57ce 1640244257743 1640244333091 75348
c146a487ee2682fc01e4e5c62c7a32fdcd9c109d4ae6dfe185bbac99a45053e4 1640244350379 1640244395801 45422
6e872180523d482467ac4a9f602ca4274de6b3473dd44a92d47bfe47ed66a067 1640244450798 1640244490704 39906
aaaf2d3a3276b0e3ec626009fd7b9e03e22b4434676cf6bdc130d60ca691955b 1640244550830 1640244590177 39347
9a0c23a1fb9c2865744ba72a320d01531a402c663dbf483cf745209227d5d06e 1640244644877 1640244689471 44594
3ddf7b160d56159d79669018a7a97b51bd2eea70043db21cca680768bd82ab60 1640244747997 1640244792564 44567
c9dfc5342aae056339e1cf45451c78eefc65687bacd48ffb0ab5c9097d25e3d0 1640244842978 1640244891448 48470
f46e78262b75134eccb8afd705755b2524503521a8ecf7e3cdec73ed599b31aa 1640244942916 1640244988668 45752
bdb2764dac22985f68b01568e877e3a634e800e28abe176ace39801c4764ed14 1640245041747 1640245090773 49026
bc22654d83829a133d73ddd3e611ac3aa28c18d19e30aab0ea446ee6e12e3e87 1640245143113 1640245188595 45482
e7257e92f77f1a7a260d5b4abf642da293681d27b716acc99123ca243f8c57f1 1640245245015 1640245279758 34743
74c7177d6fec8829d4c9a7792b387fd0534f9224667f9a7f4ee7f7e747fe429c 1640245341433 1640245387145 45712
8ab1ed3f6423c74dbe09471c9d5486dad239a85a39e55151463245d56225b25b 1640245450033 1640245487194 37161
db5ac2a236db9da893803ecaf41cc64aa4c78266d4c33434c61febeba08f79b6 1640245546362 1640245581267 34905
e5967a88f6460b499605c5a0f7d08c9cef6de5e99ba30c5c56aedd943a42d78a 1640245645077 1640245685680 40603
e23a90d953f68dc936dd2d8964ea186ac4afe7b66ceccd66ccfc70b0900ae0da 1640245747087 1640245787829 40742
61667b04589a3ce39362ddcfd683e9af5667ec72b06e97c00ec8745450c9a062 1640245842410 1640245899468 57058
f4e948f452e4759955e9a841e1c1f0cb403f9dfc41a3551e93b2a4e456d06c38 1640245946611 1640245995052 48441
c1074e43d3a004430422f733f61922dafc1236bd863da512653532d67d4d27ee 1640246050852 1640246094649 43797
2d861b783f7fa35a61bcf86c9e08a52b9e5756610d3fd49af9185721d0d02ac6 1640246161009 1640246199171 38162
13029083c6e192e2f1fe410152a590b20d21240da28214c06eaaf219967e9619 1640246254642 1640246292467 37825
73cca1fa3184a38650a6fbe4e0317cf859dceca70c84a2c53fefaec0203a4551 1640246353540 1640246403300 49760
a7cbf45b03d15c6e7d6ef734d61b05994fa9959fceaa3b71971c54f4acb7877f 1640246463110 1640246508302 45192
84317c7bf20b4bab509a5dd9d81b97c10c6bbfb537d06cf015b00bb328f997bd 1640246567589 1640246607623 40034
1a8f2996a87a627f97ff68695731a5c6b2b4c7c3a517180c1b1c6328faffa454 1640246672251 1640246688172 15921
430038c9dd57490883fdd0f7a85bb928b9e8c4bc435818541af4306b88dd42c6 1640246768859 1640246785760 16901
c3b3904ad2ca62bc7a5abd3b2703d5e581a86cedf76b197f381097046b7f189e 1640246878014 1640246895611 17597
7c2e72226b1a1d5da104988b6884c6990c409d4f50bf68de10ef094800e68910 1640246983945 1640247031119 47174
b4cdf749e5eb23634dfc8f1a90f470428e0cbea9ec2ea09dc05d85997b082ff2 1640247095444 1640247111139 15695
38c828b9795771bb86bff017964916e813086a6e1a51ad18aa4f1207ec11fab9 1640247198319 1640247246390 48071
f5512c4867eb422e12303cbfc3fd4c485807d040e97476ca4f1e8e13a3fcaeb8 1640247309360 1640247326741 17381
902ec0c4de62d0fa90eb90cadd57c4573db2b75574364ef809c9a43296dce5b0 1640247413064 1640247429446 16382
c3c010a9098f5ca7d9dd21bfe71d0f5c8f723e8ffd100f86bf5193bd64896bee 1640247522246 1640247570637 48391
09d7008b46c6d0f68745c684a4fefeb86215f6f5eb0cf773b73fc86a5f495415 1640247632887 1640247648633 15746
5529df711f4248a33e8cc531fae56b1b7386121e109d58395a99fe6bfb8f4106 1640247736123 1640247788133 52010
79b8c5edb67b54ac7ed1930e82a524fd3433b151526b2372690e0b4312b713d4 1640247847574 1640247865186 17612
5f234e07d00224f82bcd4fb3ed3623676a047eda688aaaeb66a87fc1288c01c0 1640247963636 1640248011605 47969
a4b10207b40885078471de7769431515cbb6bfa37b29eb27a6b85877455160e1 1640248077240 1640248093896 16656
b5b229a969e09665c7cbb2393736735eb5ffcb131965ea0997099f7b739f52ae 1640248180851 1640248235319 54468
