fe356b9f2156f57e90062bb8e55a01e54a51d2a7f4dbcfcffe86ad5ac7a12313 1640243249158 1640243269984 20826
04ed6580974a72d79db5934216a15b1dc7fa9e8cf6b445e291c8733716371a49 1640243317303 1640243380882 63579
af0b6e4584eea7136d240fb498a77aaf039d31e6212e7408588787c74b5e391a 1640243407980 1640243474711 66731
80138bc8ae090b88d2722560236cb51cbfe8795753071d84c36790cebf91720e 1640243497191 1640243577765 80574
0b14c1b7a694317325c98e4f149e83ed9d2b84787c7a461cc4cb7e098b59458e 1640243588244 1640243660152 71908
96df0a3427bbc4029ac01a25ebb0e5e22fa18cd73dd436622c0e9d294fadd5d3 1640243681428 1640243751359 69931
15a227e215f71f48a6e5cdcb2b614ef3315d4ef1666fb0d48bc2aa5a502bfa39 1640243779536 1640243844343 64807
c1328da179c6ce914791469b22bdd02b4eb3153b8439b2f5bed6e8e848345917 1640243873723 1640243927119 53396
70339f2b83f5a9c20c0d65ccfb5a2d4a4fbd6e43b106bb6b3ebe9a12db238f71 1640243971186 1640244045790 74604
617ded634990d97289a0fe87cef9e200612f8cadc172c48bba15fcea0fb5d37c 1640244066330 1640244126218 59888
c25b877934f5a7c28a08b5c8977d28ed2184372c23a1a3c51dcad36a639104f8 1640244161258 1640244233788 72530
24a135153ad0f880f6c46c43ec650598e0f63cbd93772b1b079430696917f88e 1640244257837 1640244305100 47263
7a161291daec4b5e5fc850a7db7d61405da7c05b8436f26f4e8e36e8a07e241b 1640244350454 1640244400017 49563
776105082e22091e8f8c0d6d96f7dab4bd6bd12ed597c620e3c8826c9d801dc4 1640244450876 1640244506537 55661
bf8531a14867ef61eac41da5dcbac331d19e59c85ad3acb8cab5f952e97b703d 1640244550901 1640244607038 56137
0463f8117696c299d5eba541ee749f805abfe8ce20d911558b2a8bbe1343b651 1640244644946 1640244728653 83707
f8b9701754d98b0aa2e4e432908a306e9271b678326c0b6238d20adea756e0d2 1640244748071 1640244829846 81775
3f44835d071843dd574ae6727533a369dd975eb11de8d5695eaae0305b4eabb5 1640244843043 1640244928127 85084
a1da751be0afad4bbcfd23c4b59846e22e58cbd7e8860791a1a45851f19d99cb 1640244942987 1640245006690 63703
49918b95a1cce2e532ccfd7dc4b69fa6d4dc69592618ac875559baefce37d994 1640245041817 1640245112662 70845
6f89a89236a64d3b743388f09c0ce08ccb6af85148fa6e53cc910f32aa6d63c4 1640245143179 1640245219089 75910
2338fe2db2bc0d41c627f04c025333fd8b1a852f8296d8b3aa5e02c1a287fbbf 1640245245094 1640245319831 74737
1bbbbc7e7e78fe7c65844ed8a359f2b41e51d2768c696c8dbc0e3df9c8124d6d 1640245341514 1640245413659 72145
d5b700546fe6e5d0b71672ae2ef90ceb996badd99737861d3eb663b34a1b9aaf 1640245450110 1640245522637 72527
83d7a740f03c26e262cf6dd23bd065d2d0923ee83499056fca6a90b7a9ec1c47 1640245546468 1640245614784 68316
2e2d8e7907f82c13fbe95fe1a883ebe12c116724bdbe9a18013aa35dfbfcdd42 1640245645160 1640245707828 62668
38d4372c54ac1069bc6218901fd0ff07389a6275f0489db9287a6ed704d96c21 1640245747172 1640245817323 70151
4bfe3a40efd5fd8d845c433f3e1536d720861b003be2114e295547f08a1189bb 1640245842484 1640245910464 67980
66bf674ca228818cff39ca105774b97da0f1d86a4ab8058c09ccce59011f4011 1640245946699 1640246024171 77472
2b6d810c7ad6a7f9a6bcc6cacae1969aee6e27ed42928324e5b66900599e4f7f 1640246050939 1640246138558 87619
b781e2008b87ad1caa23a00506735db8c55be2666f95fb32a5814f2a8f3ec240 1640246161089 1640246240415 79326
dfcedce1e0a402529c520f10725e54851a1f4e3872f69238fc0af476d6e552e8 1640246254729 1640246324759 70030
497cefe6749d8e6c356b1645ca8e8d423d8e7d74b280732a28cea724dbc2c1d9 1640246353615 1640246399216 45601
311e0b2fd2ee8d06cba937b9c4bbb0c05d140feaba41dcdc972a558fdeaff723 1640246463188 1640246518215 55027
a0566f58a6ddc4cb217e7c39d14ae0159873e223b214e722838c69c61bdcc4a9 1640246567671 1640246634550 66879
1460542c78045a195e62e8e7c3687bf3a2cd5a4f030e514ccda1049eb31823ee 1640246672339 1640246756549 84210
0c6afdc008601703dc7d5bb77f81e177b8e9e137079b1a82200d1e9978b4ad17 1640246768933 1640246842206 73273
105cc9a254be316b1b9ee71f225da9ad20302eb54918086ef23d9bb961766071 1640246878105 1640246962862 84757
cc2062cc64039e30f8bd733a0882e8f04c4dd57df3dfadd85025d16d0b2e3d5e 1640246984022 1640247061083 77061
28cd7fa2446b79add7753ca65a978caf6525fc09d3b79c3138093958b25df9a5 1640247095532 1640247158426 62894
78978e574b2b8285ea351d5b809490912ba683c4241465c64f371d1facc75981 1640247198408 1640247266966 68558
360464551ec916c945d6110dbb90df3cbf823768165c2d2b092eb084214ddc9a 1640247309449 1640247387303 77854
ead487d4d26a4e634457858af80e3d754e9d1adcd0b0d1a6c91ad1e95e188c3b 1640247413152 1640247497405 84253
7c1b9d573dcb496d0eba0e26c155d8aa09501c661c0964e5add8de5bf0b0b53b 1640247522329 1640247585780 63451
770da7fb3168be4803e442653411fd0f92f20167cba0dc48eb4723a2142fcbab 1640247632981 1640247698111 65130
c2f5982935a6d8a447c2fdc21d8d7896933227191c4818dbf35a78ec4639629d 1640247736225 1640247804809 68584
653ce6767bd952758a4ca5a8637da41bf244bdad226e877fb78e6ebb9cf2a1e4 1640247847660 1640247946533 98873
0b6f345dc92ee08806ac913c5327a9fe7fd324543d650c456c0837b8488b2429 1640247963735 1640248045108 81373
7806a68a6f591e5e66a80c2afaa4c89484dae2741df25d8127ea1a736beeff3f 1640248077334 1640248140737 63403
dd65957b1aa8f7e4ae4a857f9051cc8283ceb372f3dd31409ed1045ec78587a2 1640248180944 1640248256340 75396
