976bbc325c64715ffd2e213e27fbbf286f64aba0c2f458328a6f22fb15dbb23e 1640243249088 1640243256806 7718
88eb3b81f443b0f670067fc75851b5a31e9ac2506121fde08530f1eddef3258e 1640243317225 1640243321713 4488
c2270e4d9b630cbbab875204fdcb0196d255a5855f93aa1b327c39842188eb71 1640243407901 1640243413612 5711
e03ea332f17a7b031f819397374be50937586cecff20abd63907708deebe579a 1640243497109 1640243504125 7016
59f556917ec864d7903185ccc44b7de0d80cdcd98ba11417d4f86eecb23d949e 1640243588157 1640243641354 53197
2900979ab956604e46ca2c98a4a25a8499286ecd918f253dab47ec30897bd5dd 1640243681340 1640243687071 5731
0b60d947f74d2cd21425c5545a48ecaec6126279d78fb9024b3146d8ae313614 1640243779441 1640243784868 5427
b28c51a8e909ce06448922bef61e4939c9a313ce2bcd91ddd1c92d46ec9a18b9 1640243873646 1640243879108 5462
84acd6341517d6351c1a30823a474846c677c3a6f977311e40840d7c9cd88792 1640243971097 1640243974750 3653
2f99a5cad9432a235082cbf4672ed1a5144bb482aa082191d04dc9fe7588d7af 1640244066249 1640244072017 5768
e0a4c7b036b4c8e1778dc4935583c9362da1a6dcfba878e9d2b960e6e379494b 1640244161175 1640244165749 4574
2fcc75b6f1feff129799ce322bd99b3f96a37c528e0260c6ff4a6bcffaca2622 1640244257721 1640244263667 5946
7ad33da72103a7d01f291b1f0f76d033f1c7ce4ba6407cd8983e5c04f94f1caf 1640244350358 1640244356267 5909
353b5fe298a41678770e5235ef2e63a3f1308c8aab20bc8d55cc028a9d92af89 1640244450777 1640244457122 6345
b512b825abc9f7fb58b3c3e948f5f8f3a1f2f48706675be216aa40122cc2a875 1640244550801 1640244556381 5580
9ea5276a588cde690d53177bc23c06bfd3776282d8188c598175710dee978033 1640244644854 1640244650416 5562
a737758e86733d671aa19fa51d33190df906b2a68697b489da339db62ef891bf 1640244747970 1640244753611 5641
99316155cc759b46a4180e7c066caa2ea1c65591b14ce17c2094a644b8d03247 1640244842951 1640244848466 5515
29e78d475d3f49b80b1ccdfd3c1e5acb80882507cd0b9fab2d709977f8635cc5 1640244942888 1640244977410 34522
29664f6f802630ea70654da454e7367947f2c045e25d3547721041fa961eb9ac 1640245041721 1640245046734 5013
8c95a510ad0c285594302db78dd6b2d99cf4e90935909425ab832cb0d7ba57ed 1640245143086 1640245149068 5982
60f62a6120232433b4213618fffb797249bbec15c61192f168cc5746621a08a6 1640245244987 1640245273515 28528
6d026267adb9860d44d5b18a575235067c9fbc423491791b0ecc6577efa57d41 1640245341404 1640245348006 6602
b73e19e4a7642839cb6d2afde8853d238fd3f834bc95796a3ad39699ef60d65b 1640245450008 1640245478292 28284
9d07c8a97d8b1cbabe513ac41b3af8982beefcaeb6a2f10c072df8be9f11cdc0 1640245546329 1640245578316 31987
552ebdd0b5662fc1c14c73f42445a9aed3e8d98e475b24701b5dd01855e6a690 1640245645052 1640245650414 5362
15453c85484a558d7989d6f1aff205a934e84321e776c8dbcdec0b3e254abe75 1640245747057 1640245752134 5077
6433e4b7e5b7349c7765a4e43258c5d301ab092490c37288596f07b76c164dc0 1640245842384 1640245848959 6575
c1614f2d58d486841f5b87997e29a9740c1c93c49dacd865e08fc0453b3f684d 1640245946584 1640245953826 7242
e8246b9290568a10798da8858c5fce61aabbbe21bfe4596a2e82340db0a553ba 1640246050826 1640246057022 6196
213f7088ff0fa242ac66715eba7fd7b17ff263f198e4fd71d8f9a45dc2ee90a0 1640246160977 1640246166854 5877
cd60b8805f72021c75647c18787b0c73502a2eed4cc9d8ed1612dbc0535bca47 1640246254611 1640246290092 35481
676192ebf6d17d8c6c20933b59d1b19b61b0c10d7a851b90e72c15ccb7c4b59c 1640246353511 1640246359278 5767
b70e097edb2a77c9c7a376b11b1a636ec1f5157c67f8cf312670b9b409046ec6 1640246463083 1640246469758 6675
0ac2c28359df99c2d026c157e64fe46b9aa56a2b9bc836a7bbb74d574487bcaf 1640246567560 1640246599297 31737
e27e3adf2a9bff4af8082c56ea9803783c016769b0179ebaac108590136a7d74 1640246672223 1640246679401 7178
c3ebbe0c71ff3781b45c7355294870565b59fda68c89fff512f6d51cd576b8ce 1640246768830 1640246774661 5831
6c1322eb80f68e8a770891371974e4eae0eb1734ef99df8c4b72a783cb7e56cb 1640246877982 1640246885114 7132
d30264601b3b6bac8a68c8faf12a133736c0c84ef15a77bcdb8c263562e1d95f 1640246983917 1640246991892 7975
f2db6c7ce5f4c6cc6e7396f97502a5d5d61d9e937c0d592ca0456a3c8d21f070 1640247095416 1640247101581 6165
4a0b80c8472d159bd8dd185343a62ec9ebb4dcc7478985813318c52305c18d1f 1640247198292 1640247204937 6645
3df05d6c3f03770b41c55baffc4f422b8246958d6641f66a7a75b7e16c86a7ce 1640247309331 1640247316269 6938
0fa28107eb2253426bc20912f1ae131f357c01fd5de760a82df9b41416bacbe3 1640247413035 1640247419794 6759
6761142e4c257b490c8b9ea1166cc447a407f5cb6ae8ed0934798b5458907705 1640247522218 1640247530685 8467
9845a6c87903113939a491c833ca2bf215de4689ae4023c9668135f1bfc30ca7 1640247632857 1640247638838 5981
58fec439f0a9be1c31925a1f9636bb55bd01faec992cf1e20970d6e7ef747d9e 1640247736092 1640247742808 6716
1a5d9a2d1509b42ec2e5f405f617cc52c683d0ce6cd94273dcdd9eb3d00a6954 1640247847546 1640247854521 6975
fdf712bb6c3c9edae63b8b596beda4a410394b8478735baf80a0a1d1e89d4de8 1640247963607 1640247970094 6487
8d9371dde0eb61f4b69bf14e5563ada07df48327b9b30c7ee3898b965e95ecbf 1640248077206 1640248083617 6411
093ed775bf12b2bde71b0c8b01755669b07bf16436d9c41e9a33040baefc2b8a 1640248180826 1640248187865 7039
