dd7e2963fa3044aa1942ae78fb6d82ab14662f0491e6095bff3c87fda4750010 1640243249156 1640243269443 20287
791505b7fe791e39dd87fd5626f786e702a6d35405f73081da1648081d0ba41d 1640243317309 1640243372645 55336
bf7f9c3a2ae7d82399fb1c283808d6bba3da73dc6822298100f20fa08f7d5871 1640243407988 1640243463951 55963
1b79c743ab5d0cf55faf718c569412661bdaf779f87206c99ccac613b0b70f88 1640243497192 1640243550326 53134
eb0bfee56917c2edbadca89376e90390335c45b3456982e4e6a6bd83c76f70eb 1640243588236 1640243650643 62407
7269d014a5a60457ff073985d81db87e19b60e01e2e4850563da60a3c8ef3f5f 1640243681424 1640243738284 56860
1cf80fcfa39b5a9de3074f4c9e5765ef0aafc9c4c6aea527151edbcaa77d008d 1640243779520 1640243847075 67555
3ebf6fa86ff5aed0be498a06096cd0115333bd368890d8d6ee1d2f204d59ace8 1640243873727 1640243949873 76146
f0e07d90f5ae3208a6a650c875fe2a08c1466bc2b2edde044312a66216721549 1640243971189 1640244047268 76079
468b34ff7a209dbb5589015ab37fcb1a041971a4265e9309d47a68f9c256dfe2 1640244066335 1640244135855 69520
12c26f00e75e8be21a2e09ca35d31b7d61c22f397d276c88b5d58b1cf39c6286 1640244161261 1640244198841 37580
6816d0e81ef67cb758608eccca48f1d9f75a16e9641efc1bf378cceab54c8a8f 1640244257830 1640244302545 44715
dbb3ab704149968af95df19e66eb803810c226891df84833c4a5ef4027c6b16e 1640244350465 1640244412060 61595
47a44deb45ba71ac3f74de971267f0d5d6987c641d720d9b89774accefceb74f 1640244450879 1640244526453 75574
6870fc052183ea43d89f3d3a2e615d0e39adb9e6ffd59ce2b4879f4960f16032 1640244550899 1640244623446 72547
e8cf35c649c455c35b659a1567af970008abe22a666a6aff3d151c634258e8ef 1640244644946 1640244719230 74284
57c1a4abf3ed86d69b9895ce2a9af1fd0bf30a2c73fbd0088ea0b87d4ab647d4 1640244748068 1640244810143 62075
adfc2b96634ef4f1c50fe7d01bcb055d8f5165f2558a6ffc031c0ef6fbe132e4 1640244843049 1640244925414 82365
988fabe00e3f88c66f66b9c4f057f6d72bf6a0450374c33a0e6383b5d83c4143 1640244942988 1640244994693 51705
9feea77dda546073b60dda8fb2061459649de794c794b842a9cdac314477ec65 1640245041819 1640245126216 84397
bc6540ef611cd3e0f420dbf775252d6e247b1af7d2420f4a86ba207e74683f2f 1640245143187 1640245215394 72207
b9df6719cdcc14acb1089a453461406e3d68ddd749493fc34e4b213ec4d855f1 1640245245091 1640245328536 83445
066d133bac17fb05a67903dd9f5a42211a0cce9922dfed6797a68ff328fa1783 1640245341516 1640245406832 65316
9e92d318b32c99e23efedf7607b58902a5a194c4e9da74aa4291cf9a3f90d6ad 1640245450114 1640245522783 72669
ff5bcfe3fd32de66e192ee0b9cec91631be75317b3f0c937686167f40bc1c4ef 1640245546460 1640245613319 66859
dd1d845f0a9b499d91c47e0895d69952de0d5a2abf19b3990a3745544d1aefae 1640245645167 1640245710164 64997
2185f25cc79a68c99140e5fc70649156ff3e29a5ed9f72a2271fbb8f24337703 1640245747177 1640245813088 65911
56480264ef117d3c5f56514afd5be696b572e749c53668aaa6f2e0cfde083322 1640245842486 1640245919659 77173
d5aaf03e9f920f269ad0f5a0f074fed2a62c02454894c85c3e2b30a58afd9831 1640245946703 1640246022533 75830
6e7971d2d700472d16a3d90df0fb4261368dd7792217210675b721a41fc7098a 1640246050939 1640246104977 54038
69f23f9c7da63ba8641ad023431e2f1063b54bb98a0f8d8c6be09650fa034fa9 1640246161092 1640246232751 71659
eceaa3fb6d4c3745b8197d34bbf7c79c685d13b8eb943f34bd390134f1ad8129 1640246254729 1640246330028 75299
56243150d2f81c185625f3999e18ce3a1bd5728681d634561bc57bea72dc183f 1640246353614 1640246413757 60143
6de48663ed8bab33a2b419675015b85968723d57ab9b8d7d70c6f7598c08d770 1640246463191 1640246522335 59144
a073b453c88f79e6068d917c3b441fd3e1f9869cb1a940be60668dafb72c3049 1640246567673 1640246637682 70009
fabe8f740f4459a8846abf3ed24a58969c86f02fd8ce17420b3fdeaf21e554de 1640246672340 1640246731743 59403
01726b61a1a57798933b70a1389ba8a7de32ec58c6d328bc254ba74ff00becb5 1640246768938 1640246842546 73608
832c41abcc046bac2569a6fc95cd4e8318fe64f521a5beffad467e5e8cbd959a 1640246878106 1640246944101 65995
4f75dc9e47884735ffec8943f6ec8ba68385715c9d20cfd6011039e3d58c9a6d 1640246984033 1640247062110 78077
4574c705038875de00a585d7f918958151d8c5dc48d905e8d842f45becf0fbd5 1640247095535 1640247154571 59036
622ee52540e09d0fc6aea42d539282d99a2a7ea2c3400e1c1f2efd559a068a57 1640247198410 1640247258699 60289
cb87639f948e69e0967569b4465bb3772863b78c1f69630281f0234c12660a19 1640247309448 1640247390607 81159
3d04c71e029d559f4d5de3123a10397f7d7eeb1622e0673dd10c6a1966b3113f 1640247413152 1640247504789 91637
f6a930386b0903f77610d1499c0aadb2c13efb665788aea5782b495a957109f5 1640247522337 1640247590730 68393
5b365ea138baa6ca4d0e3de4adb567bb967db7cc1781f3cf95c1c6c91be05108 1640247632984 1640247708611 75627
8aa08c9e1a01d795f53ef6ef008bc04020c76ff7d924916a88544119994826f2 1640247736229 1640247829193 92964
f2eeed8b9372219f17f6c42553f712e11efabbc146bc919b327e0726b4dace6c 1640247847665 1640247936660 88995
935af81d7443bfee2ad5bb5f3c4fe21e3dce5045b1f2fbf13b630af701cfa2c3 1640247963736 1640248048704 84968
cd6178692c8069436251c4435a593190f8a01eda4c25ab4aa02bc109bd93b96a 1640248077342 1640248142751 65409
39492326d360ab34de665cd76d2e50abc5ea275ed4c2037a13a34359475a7957 1640248180949 1640248259344 78395
