7567a9d3d131e0d338a1be8ed251bb8f018bb9832d3b208fee806fcd17774761 1640243249181 1640243292660 43479
398c171e5444480c376ef6ea6c2a9dc9e014d56ea6772b0a8e9c46b818d21d68 1640243317322 1640243389837 72515
0b6403bf1fd430a615e63f7e91c29438f461c07637b7ad3ec1b85087ad2cd6ec 1640243408003 1640243467948 59945
85822db88f3707171fe3aabb1b2bcb4a948a33b7b223da69034b1b5a12bc1017 1640243497209 1640243570249 73040
17854d320f4cbf8a86ccb1034280b534a1d9ee81fa0444d88f7b73e5a01e6b79 1640243588276 1640243669161 80885
ba76cea119affa2a76f39321fb639ef657275c4b815e2fc5cb4cb33c358546ef 1640243681448 1640243761447 79999
d8a53570eb66825679a2fe92e30ffaaf61f8852f8b6a47a5ff912aaaab2f2de3 1640243779557 1640243844613 65056
95c7b0a72bbc103ebac6f6882ee3cd61b33ff6328704b96ff53bfbe72c8ae698 1640243873755 1640243948077 74322
e636b28af4de06c1a80416fcf743c3d299fee2a6c142b9fab2e20461666fdb74 1640243971213 1640244039382 68169
91eff0800c1b170a17ee1e1acab2f79df87fb6069d0aefb9d2921b3f076e136e 1640244066346 1640244139305 72959
e4b7a454323f9717c15f3a1b8d22b25c231ca76032c0c36c481d9a2a5d78cd68 1640244161286 1640244228049 66763
854c0dadbc828d50a5c40abc2c57ad7b0545afcd27f002324bd0554ae6a18d26 1640244257867 1640244335877 78010
d748459011c1d40896b17af792a5d1c6b615eae4e93bd46416169eba1f516fa4 1640244350484 1640244426152 75668
95aa8317e9eb653a908e2b5cc53930fcfea49b86a645141ed4526cb39d3463ee 1640244450897 1640244532039 81142
50bd03c9b641480e0c7da51ef87063c4c29abdf357eb2ed55a104a8b08170f35 1640244550912 1640244613959 63047
3dba234dd8c65dfb0b952942563888782785c5914435c96e625bd037b0dc3b9d 1640244644971 1640244717161 72190
cdedd5a9be866f5f6c78b4808b8fccf388b18b9b6e50d9e1652180fb8deb1569 1640244748092 1640244822518 74426
6889c49ae63c0eaea6cc5c03ed1767b0ab50bfa2e6f3b6435fc71d1670b4ccb6 1640244843069 1640244921000 77931
96009bb63c1617a45b7d4432affab4dd35869fb01591b5af6bdc4482a1007dd5 1640244943013 1640245025846 82833
d9468922d2ef251ecf2b677ed1bfb5a6e2ef7c17679f1e8114a5d4d1805d7e4e 1640245041842 1640245111309 69467
9a8d59a2d2db5eec6cede7037961b393e3fc9ca64cbb435e7e20d5a5df42ab70 1640245143207 1640245224198 80991
251860719339e6af953646288eb6f2ff7ec86927627ab2b0c3c365afe289d9f1 1640245245116 1640245317328 72212
2d163762d6eb8b7a5efe55214b702c092f809ddd06ebcd0ebb5bd24ee6d62730 1640245341541 1640245429828 88287
572b44c31a439d848309400d080590922b7c426a60e03f17947171b06b784d3f 1640245450141 1640245512792 62651
2a843399393fd874e8a7b5df568ddeb938cd36cffd5faf13e0c7417fba633125 1640245546491 1640245625447 78956
e1e6bf5c674fd2ab0012cb516eb29c494f7b81f15d641458b29b186520360e37 1640245645183 1640245728246 83063
1e42a93f528e9a3faa4593a2cd7be442b1a28494264830710308bdb7a71007f4 1640245747200 1640245828654 81454
94d92c0449225a2064c80feddab22c277743029ea72169073c8494d87233872c 1640245842576 1640245933703 91127
cdaa980ffa664c91f7d7e4a09b015c11f059be075927a837da8a549a481f07ae 1640245946733 1640246036008 89275
00358f7edef2d2c118a8873cd10ec48957d63fd586c74a81ba65f7588c892f3e 1640246050971 1640246126154 75183
5ee20dc501ad23f050663c35d6dccc5c988e300da53fcac38fbc56dae8e304f9 1640246161119 1640246239222 78103
f88924a9f440755390c330b8d20d3409361484835fe12e72c0a26cb1b5975061 1640246254760 1640246338839 84079
cf2a975b0942c8bac7740ce3bc7a64080056c3a59f98e4c693e9b8c3128d6033 1640246353639 1640246418560 64921
e941dc418ab9daf2fb5b77afc47fa6697b847da157617e4e135d1cc1b5a41d1f 1640246463212 1640246537280 74068
035eb5014d506b5c7d06533fc4a4061d5d7307ee2a8ecb3b5098dd2ccfacc5f8 1640246567699 1640246650151 82452
7bdef7fd09d0804e6d2dc0ad7aa14a332a71985bdba115b76086f829a2ef3398 1640246672363 1640246743319 70956
f2960d355bda931ca8622b7693f23c51011039bb6dd929de336af90fe4462fea 1640246768965 1640246856780 87815
bdac387dd0b0a51bffd4df60290004b9f0e5fc75dc48bd62e52c691935fd589d 1640246878137 1640246967242 89105
963584355c5a69080295d1da555caff4c32370e9f061c585f8b29561ea90bd01 1640246984056 1640247073458 89402
a74a2bc8ff6de0c85e877b3d47b662639df81ca33cc66e5f726a8820dacbf40d 1640247095563 1640247177982 82419
9d94c8aa87adc6512dbe34856ddf7bf2fb94b8d2eb2c58e65d8a1cd6439570fe 1640247198436 1640247277372 78936
31d5f83adb4feb406a3f5531d9169bab99d14ba86776b67522edb90ff46e203c 1640247309476 1640247398864 89388
06b9616c15f43f61ec23f02406b50677aa77f24c576a4c9176056d3a6633bad9 1640247413179 1640247486038 72859
d5c34c87296d68f325e6d6406037c5d37cda7070a0099173d3a05abf157df3c5 1640247522362 1640247614936 92574
7248ba677c5561262ce690e8deac3804c970aec351ea803cb4e57ac5a8490688 1640247633015 1640247724540 91525
c99a4071346b6b43c7b37198c7ae74f287ee3d98d800e6ff701b48effa04f806 1640247736254 1640247800370 64116
e02bb1a296e2a2b333100d39900758107163212a718b771658469a6cf36f5dbe 1640247847695 1640247926435 78740
3fdecb8cb1cd01364ef43122994f85c55be29ef4e943cfd2ede6cf4210579d34 1640247963767 1640248055977 92210
50e97c1afd7d1f428d7b72bfe7f9d854bfabefc07f9e5d677c505f662cd7ff6e 1640248077368 1640248165851 88483
7e446c919ae785f19b5b7c964d4c8cec9e78e71677a4a606ef22a0b04b44eb7d 1640248180976 1640248272011 91035
