c22a282efef32e9191394b7695c3028195132a36813c49c86baa9abee4bf03f5 1640243249160 1640243292983 43823
cf4a5994c1495932cc592cb16732e9325173071c7c6f0e1fbf5f8e4e065786e0 1640243317305 1640243365432 48127
f1d67be929b13b4cebb7a7f84a88718972506b2e143b860eb83326f508db093a 1640243407993 1640243479063 71070
bcf44328481b0afdd3b50e226266eafc3a3f26620554806b468f54282bdb219a 1640243497204 1640243576241 79037
ce804724271a906df9ad1fc724e544e24954f14fd99ca4304d6944e4c23a1d4c 1640243588246 1640243649568 61322
b0667bc6afa86cc6c082092b971a79e4eead93d2f7fe60d51ffcfa5124e0856a 1640243681426 1640243748101 66675
f5ad5a4939019c66b7183c8d85e4f8de008ff039c0e3461920b62618e6ca643f 1640243779521 1640243845235 65714
606e162771ccc808e21572bf5e2344ddda20f0f2ef35693e2636ea1b264fc301 1640243873736 1640243953518 79782
6ecaf71b2e30b629f8a67fa10e94da101742ba66cee27de55c696536b8a42c79 1640243971185 1640244030208 59023
23a876a522dee935cfa25cef18532f0e9809ecb919b717a1391bc680840d9a51 1640244066328 1640244126034 59706
f1894461eebe2e20b996881da3e42481a93be4c0ceff90b7ed0fa08f9aceadc9 1640244161262 1640244239471 78209
daea4619239ed9adec0d07615e2a6f804ae3e7c96d3ea14358a189ef3a338ebc 1640244257823 1640244320468 62645
7addf1337e41115c75e592229b0ccc89c87991b99499895bc0da495e38990163 1640244350453 1640244401367 50914
009157e523ae5dcc24895971021b07a53e81ab1ae66190cd97c6e844d2a27752 1640244450872 1640244502445 51573
e74dcf8f32f65433981cceee19005e973e16151117cb51cc5b47710a7ccc2a3d 1640244550901 1640244602393 51492
1ea10667cbdc2add9ddc319da898a0d9d7555d2cbe7cc58bfbabc177eb4a4dd7 1640244644943 1640244726016 81073
fe0600a20b14bd7aafb1cb31e0ee0f1d82bd39c75680f659186c81700ed21cc4 1640244748065 1640244809991 61926
74cd0800285cf3e94012077692f7aef8cbf19ce577888a0a4503a09ef2d5ae20 1640244843042 1640244898999 55957
adfaa3bf7ddeeaad9ec2299bfcf7458babe7e4254acd836d5c50d9ef0439a942 1640244942988 1640245026738 83750
d865a83b79451d828d75a3d3fb7224a89f5637b8d7fc1c9c78ae44c8c4a43f63 1640245041815 1640245106320 64505
73ff826664c61d7772f1aa61c4870cb9a9047f64c5cadc9db29457d3a31543d2 1640245143181 1640245212458 69277
1e4a51ba588b0fb607aa8d294376aa8d3a79aaa1950cc29f80cf4302ec010044 1640245245094 1640245322392 77298
003ce20c1553f5a7b16178e7d0248819ae844ae3058e613917dfc5549d0b743b 1640245341516 1640245412232 70716
e025e72aff984e6b106b707a57714d71d913b0aecfd097042448d9cd2ff16861 1640245450111 1640245525370 75259
5f16c4557fe90f71aed355c129229b619c6281926030d047513fec97fee3c214 1640245546461 1640245608444 61983
428afd725db558371915c4f033718f62999a7c29f84fdb5bda618b21f82e6945 1640245645158 1640245714699 69541
a8f466d3c4d074b6328236dfdde53370e660e147ddbee701aea7cb5ae76424e9 1640245747175 1640245814132 66957
13bd368b2dd8f66b9ede84338779160a481e7c12daefdd15cacc12f9e36b9c00 1640245842486 1640245921992 79506
717234fabac6429334d0b13278ecadda9b544b312ccefb75aa9437cc5e99568f 1640245946710 1640246016427 69717
621acc288b34268410eb3000168a54b6223e59fb379d65c41f697966e0cfa3d5 1640246050939 1640246122079 71140
cfd886cc669c5647face95088081e8d6e801007752e62bde326af7731f53cd80 1640246161094 1640246226609 65515
7841290328af1d7b34e8d9bc9f817fe5fb6823d7805cddc149b91630ed8b7e4e 1640246254726 1640246343074 88348
5e043c9a9cdb7eddeae52980a1595bf2df4b1ad329d07a3c3f566b6a68f6f90e 1640246353617 1640246433667 80050
88764a8681658dff876547fc97bc9632cbcd25c3629e870304c66a16f934d013 1640246463188 1640246527302 64114
0b1847577f1bce4e1e611bd469b937d9a0f621fbd46bad737c9ea22471f11ad7 1640246567672 1640246636144 68472
b9d41b68af0235a7dfd5ecc48a44aacb05c001c027eb95e253636e0fa5a49784 1640246672336 1640246756427 84091
3e244052d6cff0ceb92080018cdd613b5b7338af86717423f6cfdaa57e280c28 1640246768939 1640246854505 85566
bb819e2433cb5909b66d7b0d197fd6b136264b21796abff6f1749afe4b1eb6e2 1640246878121 1640246956043 77922
c77ecbb4102b6cfaefceb48cd2ca3906402a6ac21ab310bdaa6288e2c4e674ad 1640246984027 1640247057995 73968
3ad1b17286234a4766009a0e4ef718fc4fdc9012fe1be5ab78a400cabe6b84a2 1640247095536 1640247165574 70038
79ef5c32622b2177f329558b22fb0722037584f95b688ba28abc2376564663c3 1640247198408 1640247276245 77837
bb888377f309135b80c5469fd7dcbf88d410f9986b10ed68adae451d9a944dcb 1640247309448 1640247390999 81551
786337fbb18b5bacee33d7fd2b7f1660e76512b1ce740d71a402d1cb29f2afab 1640247413150 1640247482466 69316
1883e58ff2738537a1323445eccf0a4cd0a7505e48845fca093d58b62743553f 1640247522331 1640247591175 68844
133c9b65fac731bde4588a93d156fe23f3a327588952522d0d0d2633c3b1fc05 1640247632984 1640247712709 79725
653b8d872c066825e43865efff86e1588734af10e061a52ba669a580e7af4d52 1640247736223 1640247798424 62201
f6c1c30b04346005b6427affa90a8da53948a2cf3cdc007278a775262a1fcba7 1640247847664 1640247931947 84283
9e8a2b6edfb1290a7152dff108c0d704be71bbab6a1e637db90908b8219cb0b9 1640247963732 1640248041081 77349
fc7cc9114e8ffba24ec2916671beb98bd0626dc78d57396740bf4e66aadb1cf1 1640248077337 1640248139666 62329
b87a2142cf17f1be5b8223c5e000ac39cc1e1070b5c30e9d439bcebac765e71b 1640248180947 1640248257824 76877
