384be410fcee86dff2cb13c36b8dea5bdb66733ce74bdf1efd05fd5560db12b1 1640243249142 1640243273669 24527
73ebf96ee1790f737f13e74831bc8d93fdf44c1b804fada87dbb18ba202ef2f6 1640243317301 1640243379349 62048
5082aae6fd0d52d38a224af73e6f6b9c927ec1176136bccc8b86bf50442d9463 1640243407967 1640243471752 63785
d3fb87cc4ca6823c881ed5c1f1276c7f0709471478459606cd1f9baefe13c0c6 1640243497176 1640243545318 48142
ba3bae22b283f2f841a30ceff45b4f079d5f0503f2160e63a8d2930779c6c23c 1640243588229 1640243649934 61705
d66e73fd7311d77de2a0745b1a8da27dc03bf587fc75d7f65852ae898f3c09c8 1640243681406 1640243722101 40695
b744235735cd88dc58878160e5d1d69086c472e76bf5389c925dd9d97b88c18c 1640243779514 1640243836736 57222
2188b87f959ade860697202afb5e31ccad73fff606fbbfd2bd6ef0d5cb7e1a8a 1640243873715 1640243931404 57689
b4a7eef2c9fe991ff6e8dc54c3eab65eaa1991b51de0f8514e6d0083e625f2c5 1640243971168 1640244014849 43681
57fab300422b3e7b7c2c1c0061971c75479d5d27b29020361204c8afa4abf05d 1640244066324 1640244132923 66599
2dbb1e14d7e37f9f16f733456aaf5fd2d10bea47b40662d50ec8e669267f67e4 1640244161247 1640244215497 54250
494d4abae1b3389c7317bdb66b93a20d90c23a2d03ef85cc1d7eba27ac954555 1640244257804 1640244302929 45125
dc45b0edee3c7cf24c3e8371a29dd6c6ee762b2e6c2d967d237c6bfcab7d2c37 1640244350432 1640244405808 55376
c56975687ebb1880ee83c44e8ce7185fc33fdaefd3d68b92586f2d531051f37c 1640244450859 1640244510621 59762
57bcd70796d85389e434d2b686aecc93df1f2bca0d794233d92cc725ee64cdb2 1640244550888 1640244627801 76913
cd5f51a42c7c867fe0160a8ced6ffb7092e4696967ed4545beca054d250f2d4e 1640244644931 1640244723034 78103
22b2b0a51fa28a5d50aec57dab28aea4c600b15924681f18414a493e54a798bc 1640244748053 1640244796858 48805
cf552f7b1f37df6bd39f5e3a995b37b248b9d4ab47c4df5bc6c0506782f925b1 1640244843025 1640244909032 66007
a5fdfa2f92fde1907289e0f53364190a4eaebdb9792147892b8cc4679635fbcf 1640244942971 1640245028764 85793
5c463546dc963411ddf51895dae6155691333cdec00ef1975d8e9e2393a73fed 1640245041802 1640245109371 67569
1128b8e15a5c3e6710a220cd8c40ba5de9c6cb30ee5a69ed1b4c2ae18d9b05f4 1640245143169 1640245206678 63509
be7ba08b1ae890fea66972214a9d81d2203f780462ceed63d01df488396dc6bd 1640245245071 1640245315248 70177
4ea0dcbaecdcebae6d99485b814d334758c1491336216d6e162d41affb64d4a5 1640245341492 1640245397986 56494
58726be3791117b23d09855b1fd568c02d2a5197cb4bb69c1f9bf8780d0b3fbd 1640245450097 1640245508766 58669
06aff658757d4764d99bf9287be686b5217c6cf1261e6090fbfdc7f674492595 1640245546440 1640245603075 56635
ae29b8c89ec8185cc38b11be1f9e8024b128c4c4deb9243a18423f6d2730b401 1640245645139 1640245711153 66014
415922e6d63ef1b97fc5131a232a69f032d64439842d3799d85bd3168ee3133f 1640245747152 1640245806889 59737
16e7cc5f898c19db5f6fb9a2ab8ec36b5c33f061bfcaa8f861b3fdfa09df6ce7 1640245842465 1640245908235 65770
dd39304c8aeb683e474b84d7878ffd2b2e148d87b0f83c89644c817610c875cf 1640245946684 1640246021846 75162
aac6499a2d98dd8bcb1c227544200f293bdb239c34b5b8fdb7ba14a6acaba4c5 1640246050919 1640246101246 50327
2e2b505af009df0dac69ca6d2c358c79454d321f67d576354f344f0daada710a 1640246161077 1640246211638 50561
f10966482531abfd07ebf5211e3351efb29c068dd03e65ab8e0aea3b6dbd3826 1640246254705 1640246321125 66420
3b65f1be121c7ab8e750541e9d48ae10d35346393e0a3c1dad8c5df9b224e88d 1640246353597 1640246419148 65551
6f29482b98aae4b6d8e0505c6ad8d58d4954e96632e37678777ea05989c8eb6b 1640246463170 1640246526047 62877
4c32145309f03c183d7afd659adb9fe8b8da013d0f8d2245b63b2f1a78ee876d 1640246567654 1640246627860 60206
c58946764590ad74e7a68826fc799963c80d39de7945aa83b41cfdde22f601ae 1640246672316 1640246737712 65396
452e16f8f53494078681fc7d990f520245a0898788110ea2256e1efa6c83b0fb 1640246768916 1640246830728 61812
7ca44f0c8c092f12282ea7de7c13266439f347ae139727672ba163245437446d 1640246878090 1640246968258 90168
4d769770bb25b72a29c16bfe72eaa8716c9a359368c3a037f0e6a8499b7e4be9 1640246984010 1640247052862 68852
a8306ef3101ee405eeb366638f4c0c00d0cde1187c52982dd52d1a01497f5f4e 1640247095521 1640247150684 55163
691073b9527e1f8e8ace8dd189505066404cd49cdff73587e4804036e83f90c0 1640247198386 1640247261637 63251
ef4500a998b251e313f1dd766b363cb606818927f0000f7f29f4c410ba5aea04 1640247309424 1640247374800 65376
3700c929ccb4afd810bd2dc5720e08222c1a67ddad954a362e4da67ceb8971ae 1640247413127 1640247489130 76003
dbdd2d2eca24716ba1e8de369ada33988cd482e47f2d4d3c99e26cfdb981352a 1640247522308 1640247590661 68353
01c70cfc850f21e623ae2b4aaea8d1abdb59a5b2287c7427f3019a88a72d673d 1640247632957 1640247700724 67767
5b82a184bb0fafcf9488dc7023605c316e4b07b64adfc8c6ad9be2ffb84f30f5 1640247736205 1640247800073 63868
3bf4a1c56131d55f21714c2309e12af36964e50b3fa60d86ea0fc4ece1ca4fdc 1640247847642 1640247917899 70257
a9f5dbff7727d5cf64d75b54961c2d6294c1d9a8cb7cfec1f5802b7c34cb52a7 1640247963713 1640248034283 70570
0757be57b2b3dc9555e6c25b12cb5f596208890d805927a61a2e2e2ad0c7d575 1640248077314 1640248122181 44867
41119c1677601cedc6c919338cbd149d70744134b518dd746e1db70b0a3e2f85 1640248180927 1640248254494 73567
