04e685e4ae50e1f361218bc16f272dea981297b44e82452464f4bbb87b0dcdb1 1640243249175 1640243289410 40235
e82204accaf8f216dab2c8835e973f46cecf28018f31d0ea5f9d8d09eb0275df 1640243317322 1640243379067 61745
b878d610b1be44c8f0f96d61eaf0bfa417147051b32ae11c701ab9ae079694fd 1640243408016 1640243444286 36270
6e0b49bfad301fa7cd6a639529189c4bdf9f7071f8d9a453ab3b2bc430ff8f3d 1640243497200 1640243544782 47582
44dc3dcb154c441ca3fa991f5268cd4685a5fc8b9a6a7a29ae2103da30b4702f 1640243588270 1640243668410 80140
9501e58513c25bc33272b0710f3a9171cd041e511f433cd775c225f4a668be41 1640243681469 1640243763113 81644
f25a902931779c7784075d4ae042011803965f0b756e13c78e235e3af5618106 1640243779551 1640243848878 69327
9411852db6d3791c50625fe2274c1d03c688e9ffea8fe1500ce6757791333ddf 1640243873755 1640243941992 68237
d874fddccc20f2be3bfcac2c081448f2b6b774a0544dd14c39abffa892d317ea 1640243971215 1640244046374 75159
e9ff900680f82c68e525f29647101571d3a027a4b252da1bbc5ebdba3d57f7c2 1640244066354 1640244138570 72216
46f2f61584012b92a893e638ca6e3cbbf8bd466fcc54c5de23e6a4cc739dcbc7 1640244161295 1640244223791 62496
c33c4defb67166e9034b9ca76ac821850093420db7505a1d286c86989d1d6bbf 1640244257862 1640244318434 60572
bc47d68ae4e066424d574c361913ff48cd280be26d38be70da63f23e24f53c0f 1640244350479 1640244400736 50257
1f6ca8ce6c9a5171e8e7e0e8875acd6dfa6c8059e546340255719572477dfb4b 1640244450899 1640244530824 79925
f3e74861ffd1dea86595c8fd58ff9f932eee4dabdcc4717b96d0ebcd287a50a3 1640244550921 1640244624416 73495
b01168c0ec2610d2c0f8fc35a8a480257e47aae9a4e77625eee5d9bd0a9d2b62 1640244644972 1640244712955 67983
53b13e82769562080ffa4cdd50af2617e7f75c015922ce786f6b281ddfc27ea9 1640244748089 1640244821291 73202
0dd44030df30b316c3d75986f203029b711b946cc51038f7ab35c656c594e0a5 1640244843075 1640244930888 87813
a9cda072d99d0058cd47323990834388182ea24fbbc2fcd1c733e597dd96c280 1640244943017 1640245021870 78853
d6a82ca92fa77edbee5c90ac2164a7a024a1b4b57a5a23646a0409918cb61b84 1640245041841 1640245118039 76198
2e72ec09df6009268309b848a5af3706c5ef25754dc91d89efdef5093b296b67 1640245143206 1640245226141 82935
94a5232b3efc77978d4ba8d5dee7361447f05174d2e73c2d460bfea53d0e3717 1640245245117 1640245273650 28533
24f5e55f299d9ad49a127e0a5bed6de8d6562062107fcae12d9c3e76d1524816 1640245341542 1640245432100 90558
95588b396f77442bc1b10def1e494a6f980998415d1b4f5391de9f8677c20ecc 1640245450138 1640245514834 64696
d1762a9fe2710ba7ddbe6a4dde70422b7e247b54c877b1e7aed5a6ea458d20cc 1640245546493 1640245626840 80347
951da2adaf995f4e820bf7dc5c67af8b7436dfb3b9eb4f8aaea49d3ac930b87c 1640245645187 1640245729554 84367
50b277b2772ed533b1be15cb766b29b2ad76ecbe3957cf5f1e609c33e0803908 1640245747206 1640245832125 84919
acf24499253494581240372d70d33f35c3f09040a04fe436cefd5f04eed24015 1640245842563 1640245931487 88924
9cd5bfe0984ce16918e2c0e1c998e29806d9100f9e72ae3083d222b56c365485 1640245946732 1640246029920 83188
53ab7236c73c53421895b47597257521e80d5e391fad227a0b7bf425a3e8affc 1640246050963 1640246111079 60116
4e694a20b2442393181a1e2c11172013376409b9101ca8c93c0f1b1dfe403527 1640246161122 1640246243050 81928
c832d2015b57d6a87c445073d492222fef097dec3ed3e774108eb29a48feadbf 1640246254760 1640246319004 64244
5edde4fb3a5b8ca1cd174ed448393ee7eaa7c3d20cb7b919def4c3f7b5d258d4 1640246353655 1640246438163 84508
54e80c1fb38b5aa5d0ab21bee49121881db0306aaaf1fb67d4ee2a30987400b8 1640246463223 1640246539373 76150
817ea82378b16ddc369a7c4b6e011e9c7de334aa3c0d64b905ba04dd1b3515eb 1640246567702 1640246650412 82710
5f65e417900f6dee8ce68040e868867b69035ea8bc80d3306644fef39cc52b20 1640246672364 1640246738063 65699
0d78a70ab3af1798a7639e367c66f7059ccc7e766c2f67f37345457e3ec8d06d 1640246768963 1640246857809 88846
4f8bd051922aedd0da2f080fd3cb19729782fa909e29502efdd64238b1477426 1640246878144 1640246961922 83778
1c177ba03cdf02ee4b5362df47026b2e31592ee624e8b066c107c2336fc1399e 1640246984063 1640247030159 46096
6754f480c37d10991f9de60c7551ce1ebf483096e357173e0ab3ea748eba511f 1640247095564 1640247181992 86428
7bab119572aae09d2f6432fd1b26211a2b521a4a2f0d09203e86a08ca9c58ca1 1640247198439 1640247280018 81579
2716aac61839b05d5fb7084b1da452de89183971fb12b110b1a646b0d2b148e3 1640247309480 1640247390340 80860
7c760ece0262877e27ee5ae17bc0d2dd0cff360008aaf0e616b6eaa7054499e6 1640247413176 1640247487534 74358
153e57afd10df093b9e968b45e3d33c4a85763ca7eb7fd7ea63c1b31cbe1b8a7 1640247522360 1640247609458 87098
91eedb952e41fadcd168cf9ff278b83f61bb4cf04b629cac34bb01b79ba2d71d 1640247633014 1640247719323 86309
aa097a12b08609447c017fca5c0524d582229f33fe5508f066281600717f73c8 1640247736255 1640247806370 70115
d20a02c18138e92ed887a8bde4aedd33c30002408e6621290269ef0267c7e094 1640247847699 1640247929818 82119
6cf88ef9bf2cfb085cc5ec2e8b751edfae7b84dd6c132086b58dee2df30257ee 1640247963766 1640248053653 89887
1c9e03cfb6b5eb8db9414b90838f84b5556b5842a44c8133abbfa409a75053d0 1640248077361 1640248153274 75913
6401962b4ae55b3135fdddf3be99c68aa98480a7027c4b0a28f70167dcc3315b 1640248180982 1640248277294 96312
