2089027b2336a12816495310aed27afb1eaa5036e49545534cc09d0906380e4e 1640243249139 1640243283455 34316
04774b32015c4cea815455252498f0a41835daf0c367dbc8a49035d2acffe678 1640243317288 1640243359524 42236
386b1f046d8ff3001a7ea7a057ad9dd543a3ec97191e7969cb952d126ce1fcf8 1640243407970 1640243460504 52534
0267cdbdba1bf6c75c6d74a9d5306e0a23172d6151e1da013d4a4b209d1691ae 1640243497174 1640243546423 49249
ffe484877e0d21d09034b3a26539e396da4a993aa5873c1334243b5b2b77bad5 1640243588227 1640243639537 51310
15be874db0367f1e30791aeb372bd086698198d82025b06bfa5804c7e0816e94 1640243681407 1640243759516 78109
89d5b9368712a1c2d4bec12c3736a21d9565b823ed3938509d6a1b12e20694f8 1640243779505 1640243837771 58266
814f2c51ff2e9db27d6c0cc95b671a804893dbda6a8556bbcbf56b62d902011c 1640243873714 1640243933932 60218
f889d31e9f98a6ab540174fb706c7cbda4d1a6305e31f64e25c778d97fc5dbb2 1640243971169 1640244029918 58749
55f3233b8bd4c42030eabc86306c6451def464767c17c6e725756207da3a2699 1640244066314 1640244120774 54460
d60f0cfd7225ee088c615eb7f24cce3e057da2017e3da131ac0d435b1304da84 1640244161250 1640244212394 51144
080bf3d301ea12fb4a70e1ce83c0617ddb142f25e806b394fd5380c4946223dc 1640244257799 1640244303418 45619
18497fcbe787a1341e168533e47dc738f321370463f0c84ba3653b6e87b02d93 1640244350423 1640244420219 69796
bd141554d061bdb7168cbb449d2b12faa8074126254a1b956d844a0a6e0f7f2d 1640244450852 1640244513982 63130
0f7083bb46d0439aef20b93d6f5c5337e2219e7f30c4cfc5c322edac63f0b381 1640244550879 1640244618327 67448
6f97f95ffb03aa86215c110160315b794740de7548afbc8a9a7a8793c3523737 1640244644924 1640244707811 62887
dafa079a8b07d10b794ee4e4b92228d2c222e9b14b87a996ff82c6cbd57fe868 1640244748048 1640244817546 69498
5c2d4921106bd378034f7ffb223f2fb8fff9fd8e767973791d1c3ea0ee31e626 1640244843022 1640244907229 64207
a9d324bcaa785bb39ef214b0141a4799dddd5fbd15fb1e53445ef38b14ae1b1e 1640244942969 1640245003394 60425
d8df4dfdbd4fc1603ce5d31f0386deb2157c375eef4cd018c66bcde5c87b33f1 1640245041802 1640245110461 68659
684c4f8b8e922d57ca6f2373e551352c7bfdf8488b8a21f0fb9b71b72aa0a01b 1640245143166 1640245206943 63777
dd83919a4d99f090f43e190e37b12c6354e9728f190e3f0f1712d8b69508384e 1640245245070 1640245312813 67743
bd53d31bb40ee0f79310d6b85aa1f7a50f75ed3330a66c76663d157ee05d1469 1640245341493 1640245403771 62278
2080a305ed513b4dcbd5935f471c34e5738fb347425afc7cad473606d87dab85 1640245450091 1640245484638 34547
f98dfe49c4a8b1987916bf078800a1cd2e395c1f42f35e583e632adbd5263639 1640245546435 1640245604941 58506
6b17600eb5691113d741aba89b6395de2d47e59ab81319f8c2d26f491cf986b3 1640245645134 1640245708560 63426
6f1e457ec8700cab1d4d799ddddc7eeb824a8361b97033404212951c79280ea9 1640245747149 1640245801684 54535
86ac1e14d69cb8bfa28adbe6d71c63ed4a46b567d7fd55d781c41c62f735c24d 1640245842464 1640245915361 72897
563fa08da3e3d15d574846ca48093f5a873ba64664f5284eaedd98e643a64d92 1640245946681 1640246011441 64760
ae29135d101d72873e1aa2b58efa613600cba8980676db74e1d4131321cddc90 1640246050916 1640246105146 54230
b171795844bea726ba82e581fc24821a77eedfb5f500bc4a6e7d3fe61e5bc7ad 1640246161069 1640246216372 55303
359e6dc20d577361c62e5506b37dd643700b4332a9fbd8be8a8899c283c25b1b 1640246254706 1640246314029 59323
cdcc7d8d4c0b281e1cf4c425aa21dcfb1356b25ce3de83cd6b75d6b0504417d0 1640246353594 1640246437256 83662
9840aaa2c1e9884a55d115e49abe8e42eb82c716c906f49d4a4d1b518b5da383 1640246463167 1640246521985 58818
e16ca04d7c58f1fa434b0cf10ee179526150c2e73a893f603e4c70a662eceaa2 1640246567653 1640246626768 59115
450499c6bb63421fa994cc3f88dfe83c43c07ec2ba473ee239380cf4d22ee403 1640246672313 1640246736033 63720
9d162947a393e29d8851dc56d43d5cf27854b1852977f6c2ae970b8adddccab9 1640246768919 1640246837377 68458
96a9ac3a079a90af4650fe25953d9dfcff6acc8af425053705d74e57b9109047 1640246878081 1640246945124 67043
cd750bf38aff92a2904ab796068b3a999b8d690711c17c68bfe2dcb27269f455 1640246984006 1640247050087 66081
1b2ce9fe4f3474162335322ed69af4470e3d4b4c59d16e4977f2d3707aa7986f 1640247095512 1640247152882 57370
f4ba2b810aa9bc01c65f0a871042695b2695bf12f46ac26bdcb7d98167078cb8 1640247198386 1640247268403 70017
9cb03ec34370360198ce1acdf43395452bfcb2ef95aeca2dbb7bbcf700b908db 1640247309423 1640247370200 60777
e3f7be154ba03371302f1c1f25f27d233aa931f813de61860c854e3f86fe7b85 1640247413124 1640247499503 86379
42a8d46c3f156ed3d5809364f5589773d5e04d879321967005dff3845d9e37cb 1640247522308 1640247589295 66987
661216396309115438c9c4f975397f138992b27b8eede7d15b20a2ad6cf7a380 1640247632955 1640247699862 66907
28de38be82cc1d4ddee1d814f1238050c84e4a08b54a49596e2dd56d145b4cb7 1640247736202 1640247829867 93665
8877b467a2c3de6f7c797e58d9bff6e563983bb32ba00618e203e8c17e848d34 1640247847638 1640247916444 68806
96dd6a32d08821dae1c769fd17be2b84f7f092997120874301a971ed02062e22 1640247963708 1640248052129 88421
4cf9d89c6658649d8728f55cb908ac79d2eb870b00f17769736ccb50e62c07ba 1640248077317 1640248144436 67119
80edc01cda2509690f72648f7237f8f399876947d544336702412145d75b7735 1640248180923 1640248244698 63775
