2e7495ed18ce0b83fa78025c101394b518313487ffe3368e222f214ee23f22f1 1640243249142 1640243273768 24626
19526027f56f1c754ac53f64b855a03594b83822f587e318c0cc5e59a71d8a70 1640243317269 1640243370630 53361
ab2937c807ce1d0549bd72c2bbbba52348b6b6398688fdefa2049a8bad1ebf04 1640243407959 1640243453976 46017
b731826703e23818d86313459edffeff46f4f5344243f9815a31149c817b310f 1640243497163 1640243554410 57247
bb8956fd1332bb7c48d4af55cd95a2e0852a13d5d6d7fd669ef6a17573c85daa 1640243588217 1640243640633 52416
b96c34b463e2e7c73bbf7b26ba89e003221744af64630c531eb742bd4108646c 1640243681404 1640243737735 56331
3918de62ac22ca66b3a39c7226f39a9a42d2da8cd8b04303a78eced092d56994 1640243779500 1640243839262 59762
ec550230f95b61b3a5ab3a2e5373abcc2af23f827bfb45545b5277bfe0ff847a 1640243873703 1640243932737 59034
3d409c3234d7d155bf4031b1e0391a7d07134528998135c97893099719e68ddf 1640243971162 1640244020867 49705
024df9cbe3e3b9ef2724f56b35e898bea853593d19d3e6a6971cbba999a81622 1640244066314 1640244119736 53422
e562056ba24606bec854139e9de9fe8b84a30cb99f00dc986c456471fd388080 1640244161239 1640244228509 67270
3e88de03f00b96e56577e680dc75ef093ab47b8b298443cba07c2902b72ccf47 1640244257786 1640244327373 69587
ccc25d9bd3e69523b023e3b128847be9fde706f92e9f801436b8edc7ca74e4c3 1640244350417 1640244423099 72682
e9ecc59d555857e229826ee6bde9de7471cb2a7f60f176d3d5aac851ac69aa1e 1640244450844 1640244515024 64180
87933d5672327f8bffeacbe97cc09e1c55b09261b09d0ff1d508a645b262d970 1640244550872 1640244619821 68949
ad11455540881302aaa28c774e9af884aea6143f526819d557c4e6ee70856fd6 1640244644919 1640244707197 62278
8d1637bd216b1a38a8aa29bb04c346cb47cc0df97ef726abe16b8a9c4c1cf33c 1640244748034 1640244815805 67771
ccb1f5d88fff0165787557293b62e1fde2256a016a5172458fff66f16de26df8 1640244843018 1640244907393 64375
6e8abcbe7a3d1f294166d5a533852adf085f2053ed3808059ee5a3a120f061da 1640244942958 1640245006152 63194
0ca810d8ac5ee52c7ee94288667e41b604c47ea287dd051b0ef80ed97ccdc314 1640245041793 1640245087415 45622
3426c335b8c1a3a4eacd06140080e72bb9b14cf6bd91717091b1ef454cbcb0f6 1640245143154 1640245204361 61207
40d4634af97594faaa290ac944cff4308b35612fe68b26e90769565fe7586b0c 1640245245061 1640245323332 78271
2fef72ead5dac98dc504bec652e3e96842583eaaea002bbf9cac5ab681a02e5d 1640245341477 1640245403132 61655
a840ecf01d5eccf5c0d037e081bd948cb15de02f4d5e4d0507dbbd30df5d867d 1640245450081 1640245495304 45223
a686555ba066325e4357875c15d806ba4bd54abd898c233c24bd56dec0e599de 1640245546427 1640245597505 51078
05c63b9a95818935b31f2135591a23370415509f55ba6a491a02bae654a89a56 1640245645129 1640245729698 84569
d4915f30945a166c02d28056adfe7125bcf2387548764ff4f71324e6579e4506 1640245747139 1640245803109 55970
5ec52f15f4190450d34c3f4774da4999078f31d1dc6494390080d35185a7a8c5 1640245842457 1640245910296 67839
9ca2587e7f1f92e8be5fd98408cfae7a0ae2267f6606fd16467173b846eaff59 1640245946674 1640246003280 56606
236acfcd0997ad46c0d7612fd297c2d5555b55160fb8c130f7d27cb05689c0d3 1640246050904 1640246116230 65326
5212c27c9d32a2e7918c5f135ab7735819e950aeeda29d6d47b4d10b543f1add 1640246161058 1640246224775 63717
b5755405923c8e8d119951445ee1ffd338d29154ee5b41727945991fccac3f8a 1640246254686 1640246304402 49716
da20a481f859dc8e21c54197b776623c1a0b2fe17b478b82926c393e660a39bf 1640246353585 1640246439494 85909
dbfcd92c05539bde9a693cb3f8e76a052df601466d4ce832f774fdb80e1e4a17 1640246463166 1640246523233 60067
21fbe3f6125a9beb50c2c805a35acd4eb1b78632eb9339db496d902f24a1b1a8 1640246567638 1640246623690 56052
f2200ded2ae301e203ef03e4c2b5ca5914feb07b0ada87b2c15d2989c5815118 1640246672304 1640246726818 54514
3975e67d5fd5f5889fa56f0d4af931a11282e374403482076f2bc0e058b68a79 1640246768901 1640246826569 57668
a25008d9fa932d489031e44dfd55ff698c77fbfde8a7af14ad0868bed93c9ffc 1640246878066 1640246942006 63940
9a77a74fc819d5dbb7026c71ab0e749fd34205df418a49d83303ea4bb8e3c4e7 1640246983996 1640247046625 62629
d65b9dae4f4a30781c389d67720d58b508683de0b02d3dd6e544182d69d7880f 1640247095499 1640247163009 67510
57dd28358c9145576f4a3d6db22984c7b9d7f386ffc59404188afdcd9b3bffaf 1640247198369 1640247266077 67708
0b663248bece36945dd2a189fa28125446a5baf6ce6ad292981401cc24715688 1640247309410 1640247375297 65887
cc5d8a8505abc8bc262157b53130897dd55a438b926cdd77eb4a23db1ed6b4fe 1640247413114 1640247475196 62082
75486ae42001a493d8decad72a6a8fcbf10cc112f6dae6ee40de4917f97e5e11 1640247522296 1640247592393 70097
f334f75d7cc8dce4a8d935987d8163fb4702555bb55527e2a06b48e345d278dd 1640247632942 1640247700477 67535
76d345208dcd35409aefdc4084347c69298e5931d379a311927f246f50b313fc 1640247736188 1640247810725 74537
020cc6f368f1fd7c9cadf600bb8c59bd48988ef92242a247c22712f4bbdd8dd3 1640247847629 1640247914850 67221
fee79e066208c8cb193eff2ea078cedfcbc8016fb95288151df4a316cf3385c0 1640247963694 1640248031385 67691
38fbfd47c10b4941d9d5c474843815b88d981e85be62d3fa6021b0719e961445 1640248077302 1640248148603 71301
c5348fc0101374e993d7dd34e74e6c4466f4961352784ca99acdd44be6651b01 1640248180912 1640248248385 67473
