d98cc4c3c1ace0e84feb3835322551e421d37f41a880d802b450928df1f2923c 1640243249144 1640243273327 24183
3882aaa7cc10e12c034a50cb3c9d95007d1e77a67c26ea508000e15bd411f43e 1640243317270 1640243366754 49484
5b794a322bfb293243bdf662e946b05232fc6a9a68da096b82437b696bbd8565 1640243407959 1640243454548 46589
702fe784b87ae61ef298b5a33b96b78c40cde0948100262e33fe23e5ee4a7371 1640243497166 1640243568766 71600
868279b8fa9d08308d86c7f75cf03107ece4ebccf6491614d9b96e91aa6895bf 1640243588215 1640243640012 51797
3324241585902354c610cfc62bb019473b43abec1e433cc488cd3afc83bbcda4 1640243681401 1640243733278 51877
08524163b4ca552cef18989824dab09b4fb5483e48c970204266a5f818a4af0c 1640243779502 1640243820705 41203
33c32124edb2e2b4575beb8efd251a42bb4db6ac7a0d7eac1be7f42ed799c499 1640243873711 1640243932982 59271
182d250e125e86a227a7c35f4cf9417413f7fcdcde39f3951757c5c5ad673ca4 1640243971159 1640244031630 60471
8a67c099102c2ddaacd78dcee93616d81fb2017fee3ba2c5e4434619d1ab6532 1640244066306 1640244121494 55188
484d600ed855762f74a1cf251e969610c1332df8988cad981f3e5ceb130b97e3 1640244161239 1640244210367 49128
02a577cd2a96bd6dfa337842225f84dbfb7c4113ad22dc12a8fae9dcfa3e8a60 1640244257782 1640244302228 44446
04d9fa77b995af0644e47f89c1ef02e8d364ab6a4e5f2575ef42284f0e7134c1 1640244350418 1640244396124 45706
9197c3b6292ea57e400d70ff439d0a5aa22f8dd69ccf799ca7de0fffff93902e 1640244450849 1640244511301 60452
438e5489316d0951cc9fe7b029a375e10d08020b89d9b549a0c631054a970891 1640244550871 1640244607167 56296
d8734cbee90ae31fd11721a117e712d44d78fbf04c9f924997e4158fe5c8c8ea 1640244644916 1640244701057 56141
8ed00e655f52f0d224ee7e6663d45c7e3061305452fe9d1df2be3739fef0dec3 1640244748035 1640244812209 64174
591f1cf99f81f895c41edd8150bb5dd74daf6992eeb4858d90fa16dd7eaa76fb 1640244843017 1640244896787 53770
bc7f21291c946f5df156e2054d16bf55469689a489108f5ec9bb46b7f7b9d759 1640244942964 1640244994060 51096
ba91d4da946591189899ef54a6613e119b0bca59089db48867d9572d9c3d05b0 1640245041790 1640245090909 49119
ce232e9ea5722ec9f7ae9e61d1c4b71144d12b208300cfac594abaecca260022 1640245143155 1640245204541 61386
d5f9eb367d235805e0efa28c7fb5b8736aab6801c8d701ba5ec576928a2abb62 1640245245055 1640245314772 69717
1fad4b2a67fb4d37dcb3a151a15a5f007a7166c12d883684891533fc08a39882 1640245341480 1640245417296 75816
462bc575539327034ddb0d16c212477b496de01bc2ce0d6577a138e7dc987949 1640245450084 1640245505467 55383
aefb86d353b158b389377c87c6bad41c063536253e38831ee6007b7a0b687dc0 1640245546422 1640245597096 50674
12ad2e708b326598f62d5cabcd10b860d2afe795673987ad2e56428338b938c5 1640245645133 1640245714498 69365
71759c169a327485903421f713c329e7bbce3e2b836ec7320db5d4bae199d4ca 1640245747137 1640245803404 56267
fed72a04cef440bb8283973439754088b6be5a593b4945e7d72ccc9e351c5736 1640245842452 1640245887103 44651
a4a7a2b50b740d938f459d7d68e03fddbf34fb414b5bc5773f2998b0525b941a 1640245946661 1640246008580 61919
979427ad87a1813f61ea2107c39cad5381faeb9a58dfeb611fe3111f3d969ac9 1640246050904 1640246108056 57152
7a122bd8682287e5e291d3d41fc444c03f035f77f138ff6b180eb35b342f2c92 1640246161058 1640246207316 46258
4383aa84908beb152895db78c7ea608752cb601bd278c80fbe8ab7d168b5cc7b 1640246254685 1640246305979 51294
dec74c15d11d0f647a5bb0eb3d2a8fb7b7da887c02b92277ed62f29726c70a6d 1640246353586 1640246413978 60392
fe473f3f9830644ad537d550ada166cf1a626d169f11d7a00f037d707986c5af 1640246463157 1640246516213 53056
517dcdcd7c95fb3ed926db46193e5fd681757e04fb8fadb6d1f162abf383d4f6 1640246567637 1640246623036 55399
4056150f8ae7c61ce7fe8cf34ee90db275b94473c5c06994da8900c5e6bd8788 1640246672302 1640246730424 58122
dd0ee0431b5d27b7bd08e36beb0ee431a18ed59a92f07c04170d0ec01d71fe71 1640246768906 1640246826004 57098
1de837218cc512ccd4c8ab512b0187381ca61886692fe61eb56916c085daffd8 1640246878067 1640246937249 59182
dc73baaa0d5631d843b17a3274650c77270fdfdd150efa378dde6729aeae9d34 1640246983996 1640247041906 57910
1595b4e628788734a4a1a42b437757cb08214f903683f5b01965e28da70d08db 1640247095498 1640247159531 64033
e38e14ca13b6b4387833320d4a0d1be93f874f8580b9d5e297cb1b9b2e13b310 1640247198369 1640247267681 69312
9c2531c0c856feac7ec0b4768407490fb28d8228ef4cfc315f161dc6e8d14c09 1640247309422 1640247365867 56445
e42ba3f9dfa0bb9c0ece2fed04f1595611e5742e9631e58cf9db9116b5c33581 1640247413117 1640247478793 65676
e9fa7f5c3bc6ecc0f697f37e8b4252e6c90957cc3921e480409d8ba3c137d010 1640247522302 1640247595558 73256
96b4087d55a9d68e668870225e2c52de83d5bc1613b09b31bce0eb56249dd8cb 1640247632940 1640247708031 75091
b5b9bf741ff1e34367373ec7967a8128e7cba64d5fef29f645cb5930927b6c90 1640247736192 1640247826578 90386
11c4c32ba10f438534e7e8c175d79c50b269d41bf970d14235372760999301ac 1640247847632 1640247919762 72130
7bcee1f684d4ca66526e4773711fd4a7033074991c3e8932b57f665bb27b8b2f 1640247963695 1640248031778 68083
bc7951c85980fab9ce7eddf11ee6c8cf88fc09e698a5d4df959382d0a2860277 1640248077301 1640248130136 52835
a6613025d449be32012c4b150fae7f6a706050d17e6d0ac80b7eb85927a064cf 1640248180909 1640248249271 68362
