bbee7bc9c8c9133512ee5f37f72a387e6794ce43f546c15b20b1ddfb4a8f2581 1640243249098 1640243249972 874
8dd8be35100b68a2dd2ada48090f21eea6e7e196f9eb5e8ba62c0d3ad1d72c53 1640243317234 1640243325562 8328
1c14929a235a924fec2972df61997fa72238f1e6c1cb2681dda74909bc525640 1640243407913 1640243419212 11299
4866a1ad330f3ff0702798e6b583c88b6bdd2df4c1f3e3e63ae4812c327e6354 1640243497122 1640243508390 11268
03eb07e5c0191817ae5346a38b86d17f0b86535633ec10e91b4add039bfa4a1a 1640243588168 1640243645515 57347
e3d891cbf76332376782fc93b428008651a4991ee290569410580dbc34b360d7 1640243681351 1640243690894 9543
de79432e306a2c28324af9a2f391c5b8f74ce379a3176a46e85460fbb6bc58c4 1640243779456 1640243790447 10991
55f4e3ca3eb473b04694724df12f1ea831ddff09725439789d9f0488fea4bce7 1640243873661 1640243885413 11752
287eb45c55b2161554bffdc7bc64bd63ff8ba699dc526fbfdd9186dc432795b2 1640243971108 1640243978348 7240
b0703f049368d91e572801b16443a1be78080689f76288369b9f21754049b8e7 1640244066262 1640244075829 9567
67245385b144e7a7f900ad7fd7d176b933ab74a8da68c0ffb2ebf2f0bd346b12 1640244161191 1640244172319 11128
429542420bdf7e1a88a4377825c61caf2ce8921b1cade62ad4d5f3b5375f24cc 1640244257731 1640244267928 10197
65641dcdb880eccd0ee2afa4f82840327d20d116f6528385af7b643aab28a0c4 1640244350373 1640244361738 11365
1d06ca9760aa187bea9876735a430697cdfd8cffdf63bd52ca3e11e6343f581f 1640244450790 1640244461121 10331
d788d89ade4aab452d002a482e839f238903a702975246b0821dffffba0331ec 1640244550816 1640244563123 12307
48d3479338d559c9ad9c774206ad32671864c93900f93af1db8309e50d7fb8f6 1640244644868 1640244655804 10936
e380ce2bafefbf0770e07f7224ef2530d9c0a5099b9c1e3326d9e0a6a0fdd16f 1640244747981 1640244756468 8487
d324e530f3543fa80e0d80ef1d77890d030badf49ffd63551957bb9644592a0e 1640244842961 1640244853433 10472
9cce4db6de5f39913e1aed00b53c285e9efd77d4dffd960493238ced6ff8952c 1640244942905 1640244980145 37240
fb98cea190678119b810714b7df4ac98a4658b56128453286950dd329bc99d8d 1640245041734 1640245050712 8978
1e3ec3192822208a43ef3751c2857b522abb7ca31719a9944b74ebc34bb533ea 1640245143101 1640245153806 10705
e428528d3c02d0994e1679692664b617295bae50485bb88387fe7580c958f827 1640245245002 1640245279837 34835
89940c5336961b09cf404590dcf2324352ca27500e4d7b0e86a3cd38eaa55f39 1640245341419 1640245353710 12291
a9cefbf2c7fc3384f8507f039cd59ecdc26fe7ef1a38b72b5892168bee22a589 1640245450023 1640245487758 37735
8f832a233cfd0c5c56d9416059b1bf2344a79e48a1c8f84e6127dda2951d72a5 1640245546349 1640245584886 38537
188b62c9f98b74c75aea8d268c46437fe769d5f714639543323833501d98d217 1640245645067 1640245655011 9944
af5e042fcd99430529dd3314a14d8bb4481d8726d7ccb3768e8c0ce4e98b0887 1640245747075 1640245757657 10582
22742fd59ec3e90140b243641bd9f8019f57130bf4b2951bd81e340b6be6d5f5 1640245842401 1640245854142 11741
0869e1e21a9fe8f3a79558ab96a095a23e9467b11f5f9e76b1b5ba59ad7484ca 1640245946599 1640245959103 12504
770cbc7f34ef39bb3ea0cbd29c9aa9d4a7010778ed8d08050a2c2bb63f3f1c44 1640246050844 1640246061634 10790
e5f01576f659879ece276efca998c19a6a1483c64ec9914e5a2ee98c85c4816e 1640246160993 1640246171294 10301
e48c7143231e582e6c1bf9d07baa7cd32a5c27f447bd5b66516e62e694d39fa1 1640246254629 1640246289866 35237
8b5b075436d1102f79ae87070d7744769ad176a9b5affa8a36affc80c32d2f1d 1640246353527 1640246364811 11284
88cffa8f8c4c97e68110c929c68ab482d948e28695b9b5326534b58519248948 1640246463096 1640246474419 11323
8249c93bc98822d4204b97893e4ca5b250c1a4f5aca4b461a751e63419d97981 1640246567575 1640246604235 36660
7b01caada4d6229ec1d175fdf188b37e1f362ae1fc262c8e87d4ae1a8af2cac2 1640246672239 1640246684178 11939
545cb370be4a7cb8c6467f040d6d88e64ce16e9b86acd40c684f5e8f08f7aba6 1640246768844 1640246780681 11837
f4cf68f0e8980a7bd335751c480a94c4ecbe6645b1bff3e101140da92824c8bc 1640246878001 1640246890341 12340
ca773861fc34d545a46afa8006e151207b7c7b8c1d68f43e2f252a0def664d5d 1640246983933 1640246996369 12436
4de7d96cffbe7791182e4dbe9ff9488bb53e8151377b57b0df21e0e7ef6fc2d5 1640247095436 1640247108620 13184
43261923167f33ccf29813dd9f02e088dda242a5b5918b4a8a0744938ba569fb 1640247198309 1640247212761 14452
0fb311d4cba3fa6f9748a7db62779e5a75336142ea5b7a377421c80e4e4e1ae8 1640247309348 1640247321125 11777
3adb0d8611a6833add47d15370791d3818f8626654d742ca68166b14cef7f2c0 1640247413058 1640247426934 13876
4bc5460a96a840b598b00906d110fbc06984ce651a4aa0d4c904d82022301a91 1640247522232 1640247534146 11914
412bc7b95260937bf5ec8f721499804d07d9717494e15c44cc0af943918fc021 1640247632874 1640247647119 14245
15e6f16b0dd175e61a4d324056e890a26c6e47f6fa8ecd06a4cbec2ad3e8ff15 1640247736107 1640247748339 12232
68596d4992bd0842aaee0d9f65532a60cddf20ff24eef271a89418f020087267 1640247847561 1640247861256 13695
33b196bd21f5b93dcc8b74937447d6fc357d489d3dac1337a0763c2768925493 1640247963622 1640247975817 12195
9224d0a6f08618ba2e4093ebb28a6f2d3eb2e0395ec45b50efb4b6dfe5854509 1640248077223 1640248090268 13045
26300c0fd70e1c79a303b2aa72e0b1c9d4f9d06d44dcdf85e2426e9fdbe4faf9 1640248180840 1640248194169 13329
