631055075f59fe45f4351cab0bac5e84559539f1b84caa15a8c65a02014157e2 1640243249124 1640243277825 28701
ae17835c537d0dda685e96c79461cace2c758005c6e3f92e441963e395e4e265 1640243317259 1640243354124 36865
122b5b55bf5e495aaa2e13bc33df483cd2c1df584f658c45f66a670915d6f9f2 1640243407949 1640243451490 43541
e70016170a2d376a6d4c6e63863ffa63317f7d2b2eb601704eaea5fc05d79bb4 1640243497153 1640243560234 63081
b462982cb75f94e16c3b133ec1510f331d2d075059a48d570c5f2a4b41ec14ee 1640243588201 1640243628966 40765
6c291f68971950f0a6e0ff060ea98120f6f9ee4504d080fdcec27eff7e9496f3 1640243681392 1640243730077 48685
f6b8f8313524e925665e040313b9dba5a77a89158849ee18128f6365c5dbf4de 1640243779485 1640243834081 54596
41abbcfee2e2eb5ae2a712cf32349aeae3bb803851cd44b65136f068c99bc63d 1640243873687 1640243925817 52130
f9b40f77f4b5788466ab96d3b03e5e8f7cb13ed1a7a08e5011025ed12ff96c96 1640243971144 1640244030908 59764
3d0fefdc46d0dde4a1a7163ee4239cd5d9e5cf25e080dc1d25a87ae202baa425 1640244066295 1640244116069 49774
35464a7c401e402daf2617df444099239c4646aefbfec3ad254d08a8f32c0f14 1640244161230 1640244221264 60034
7c7926861846617f0a0ecb2f2855301b122c4cf00bc166aceb17d2fb0957e243 1640244257766 1640244299879 42113
90952f1022627ad1f35a6ee3204a1fe473a58fe6ebef9369654b8b02209f9350 1640244350405 1640244398534 48129
0a8641fdb09866cf683036f0d1036ef66406756981fe7e7d9a80857a5ad84d9b 1640244450835 1640244516695 65860
cbbe861a8417332f68afabbcee25d08c2747c449913ff32ba3b9ca51343b8be4 1640244550861 1640244598864 48003
80771393a76d7888d1fa8f4a61e29fadd7351e8f37436a2b1737ac0ff05160b1 1640244644905 1640244701332 56427
622b56c458606e954244075b2b5b6c90c84eee97edfffe34578c13f115f171db 1640244748026 1640244798619 50593
6d1bd340d7d74a38d23c27b14e1c59d859ff8435d5bf81191da5c2adfca49c73 1640244843010 1640244905665 62655
2cdaa592a7ba3413b2de9f224acaf291598e64e629846522397228b588bcd9dc 1640244942947 1640244994431 51484
e0e936c7f1ad95f8af252f4cf3e15e24a1731159827d3c30b87729259f6698a5 1640245041774 1640245100257 58483
b6aa634e62e4b6187444ff3fb97a4d8bbd5726643014d0a77dc2f33d183579df 1640245143144 1640245196277 53133
aef059ae4e74644971610ba18b765f10049fc9864eab4599dcbd71c5b3d0e444 1640245245044 1640245286456 41412
e030eae4b3f85ba083ee7492048c777cca477e7adacf5ac73b750d16e1cf42e1 1640245341467 1640245398929 57462
cc85e8275144480ec539c5fc5de2cbd52d156a74780a5f9071d2bb973ffee6a4 1640245450066 1640245497355 47289
1704fab511faaff4ebcfcee1068dc73c6c36c0853dd74ea3b494d30daec75c19 1640245546410 1640245595571 49161
03d6cc13a82f3fa6fb37c74a2f78f4f21e795b19effed0279c856d127aa86585 1640245645115 1640245692979 47864
46e9b85e391406cab4fb3cf9a4b88fbf7c6c2bf8d08bf692c623a49bda1580be 1640245747122 1640245818004 70882
028b81e764962aaae2ebf44ff6835a46b33924e9bf6dbd641506c90ce235bfc5 1640245842444 1640245900117 57673
a0ede5a7c42456e5b1f301950cf0dbf6eb74413182dcfbf66bd3b3693321ef57 1640245946649 1640246009269 62620
837cd0621e8f5734a1e62970ee5c9437cd835060a7027d7f326cb4fef6e006b5 1640246050888 1640246124488 73600
13425223b0e60d56ff46c0b03ccdc8e89678d83dd5e9b03adece6152b9c17bd6 1640246161047 1640246217297 56250
15782b04ec396b98dcdbb7d3c12c19d1da69dc5f114f521b85bfbe91b0e025bd 1640246254675 1640246306467 51792
afd1e61760467bfc08016254d20187043e712259860ead299ccb0ce0bb8a4c03 1640246353578 1640246435667 82089
099fd9b1f926eeccfd755ceed1d86b2ac0dff9b635eb037b6a976547d471aa6f 1640246463143 1640246534860 71717
f3efa724596d5f92c48c9ef685fe033fcdee911466db2d66cccd704e0bd3fa3f 1640246567622 1640246618367 50745
bbd378016069974d429ec6394129502d10636fe499154eddcfa857a9c074a0be 1640246672288 1640246727623 55335
353cc5670f7958167561a5b57306dc4c8989e39057cdf322507f95a73d011649 1640246768890 1640246853754 84864
b7bbd944f61cc1bd2b05ed08a72b454e6816f91bc5bbf2d32ad7d4af923d9acb 1640246878052 1640246928488 50436
9a8e34dd0e03ba3b112d8832c880fd7675a58a52ba08544f1dab7e5d8ae2df61 1640246983984 1640247040414 56430
8bf2ea672ebc73df2be158b9dc61a4b9c9a78d27b0097501d0675ac3a241dd57 1640247095483 1640247151833 56350
1059557c6a505e133eab4920306686b4ead6018dc38537f03925dc555e41ba10 1640247198359 1640247251954 53595
924135671d38afa294f3b361e6887585dbaf1566737d20655f1afe6463df7da7 1640247309397 1640247363760 54363
86c41590342dcee812f245cede908c3e573809137de8ed37e7dd2368b6977b45 1640247413105 1640247473823 60718
226a35da9ec6f86e9aef59acfd8cbcef70062efb09a1938c03a597f658a0cbfa 1640247522283 1640247592678 70395
717b459613cba54f8221961c7ddd232c070ac8a9b692e82febe3f53e8589595b 1640247632925 1640247691477 58552
21c4687cadf563bc5112022590ce280842cf1e22ad257776f5122f9b0d1b64a6 1640247736174 1640247820438 84264
a16552c3e529707acc78a391bd53db916d01c22459f7d39bbe5c44ed5c1a7d67 1640247847612 1640247906171 58559
53407f9e070b9ec6afe53b7025829c294c27623ba3f6e60286a16ce47329d397 1640247963679 1640248025509 61830
64b69432ef89c2dcee88efea7952a8ba267207eae157ebe83dbbe69a3d1195b9 1640248077285 1640248131824 54539
7404e6e5df9bcd482fa344e988c1593459784e83011d45f22195112de900cd36 1640248180894 1640248251297 70403
