6867f4c8d092770e80dbd5787f1325f79d4b9a0c081110355a2e05296a6b8f09 1640243249102 1640243258133 9031
61ab96264f0e074b46aa950d1b2b04cb54468dcae2b2d9033e758f98c1343038 1640243317239 1640243328003 10764
06664889ec65420db433fda7650db41786fe01d45b4f40662716f157c2f6fb81 1640243407915 1640243455481 47566
4d6052813cc4ac53c02ec26a299de67e9bb881d6482a537dd70352a3ef00d694 1640243497125 1640243508264 11139
3ac1a9443da418e4e6a8465f1201621ce4bd30aa7bc42c9d7ccc783ed6316993 1640243588174 1640243623081 34907
af87116dc4c12dbb4ea2c2d64e789b20d6d509bd2d9e3758adf883712da1ad86 1640243681357 1640243722884 41527
27a9ae2284f9252e9035de343f4d4d37754a68b0b3bb2a32fc6737dd0c4d687d 1640243779458 1640243789431 9973
edec1c11a93118250c99d7ec007c4fa361bd6f870ecabb1861fb076a0417abd1 1640243873665 1640243943172 69507
57a59a34d71d06e8577ee38b1a5cb74c745b74266f562f1f601f96ca7d30fa92 1640243971112 1640244006914 35802
bf332e7767d93121f7095e3d68d3df56a2571bbf140c6f7151d85d39eb3a2fd3 1640244066266 1640244104141 37875
1227ace49b80ec8740c26576d0b855ef87f9ef241aa7510011237fca0c73c365 1640244161191 1640244170456 9265
aaf28edc88db34fd0478d0b1715552f4167459b26bf650cd60f39d901b124a6a 1640244257736 1640244268560 10824
bd6967a57dbff43b24072f5082e58ce002e31ce680aeba319dd8d33d4ba80b2c 1640244350376 1640244422477 72101
2b23809a398937f6dcef0e4da51e549e37c3e09e607d61207e65311ef727fa29 1640244450796 1640244461653 10857
7af909c3b0c7286272dfc61626cbedac19f667ba1c19b27c585cb677128f49ff 1640244550821 1640244561210 10389
decc0ffaa765ced10065a1f7a2a682a4b946753f68f43191752d2c6bf331a876 1640244644873 1640244686878 42005
2699bd6ed78a70c45e4758a1fc1336f138fe0bbde47b00fd025611f07fc96bab 1640244747989 1640244760487 12498
46e436402944a5badb8f6dd8c3c4aba0d9024afbab8b27b10654ebd9cdbf0bac 1640244842969 1640244886959 43990
222c468d4614f07c39a2783e661b84d1a804699cf77b3a51a6d30db3dedb236c 1640244942909 1640244978449 35540
e11bb2d6aaf1efb03fed429112c2da7ad47884b3ac2c100f4593b7ecb2f918f0 1640245041742 1640245098859 57117
319238d2ecc2d6978b591e239bb1b3b6887f3a038db41471fbe7031f84e61d2b 1640245143115 1640245188959 45844
b9e6c674151d455545837b32fab9d685fc95c57e8ac58ec043833a9c0ccb87ee 1640245245008 1640245286786 41778
a6504550a0c0164bb9d1459659b5f0158fab3f6ee74957472cb26fe539aac07b 1640245341424 1640245392609 51185
622a738e19f05e38c7dad6f589b2c624cbdd03667d3e5a39df21e5510ea3f1fb 1640245450027 1640245485249 35222
a156805642b33a884de85e36c4002a290e826708ad1fb3a3bd2b2e9b1803346e 1640245546351 1640245575201 28850
63432671d6b19770c02de76ae3668f87a706880a8b784d70368e9173ac6c0b59 1640245645073 1640245658961 13888
787900bf5f574769fa8a209167c1ac489451a28556854225f121f737d3588412 1640245747084 1640245759759 12675
a99517d0e20e7ce694b346b811ad9d6934114f4a141cc7ee916b1e8545143763 1640245842409 1640245890031 47622
783215cff9d3eaa1b4e7e6ef6dfd4c3d33ee878d96d2060feea9f1e2cc992b59 1640245946605 1640245960865 14260
d97656b7f8882e7472f04203d5f11be5d4f3e1a902a59af5532cb8bdff62ec39 1640246050848 1640246062595 11747
1ea20a8ca10656a606c78c3e2d718abf12d0589437ff17c34f817dc8af92c53d 1640246160999 1640246174119 13120
5ee9aea0c456888fc1b90b480f9599239f2d24f63d320406ca1d3ed57a50c759 1640246254635 1640246295052 40417
c80b78b3e22928204c0c0c205ace6b519f7bc947c055e2d4c737f6a169e55d2d 1640246353533 1640246366054 12521
7cd90c28224f64b3ad10489c1a38c44aebe28abe9f9bb3d436aad4c091a26c14 1640246463101 1640246476883 13782
4fcd318c19aa63f7ae5b960646b768fa9220ae1983cf5fd2bc2106ff74fc0872 1640246567580 1640246605699 38119
9e4077ace7ce74fe9178836ab622127916d822fcf27abc53b162ca75eaacb414 1640246672243 1640246687017 14774
0dd5cce7f352ea32b50716ec280309dca2e0e8638871961b064414f32953aa64 1640246768850 1640246783439 14589
7db82e7f8cc056a1058755acd666de84e60cf6b1ff2f0cb19c357c3431b0c3a4 1640246878005 1640246891835 13830
f3103b76a11089fb6f6065dd84df8d0b9c74efde0d0e85f0399f9cd2f06f60e6 1640246983939 1640246998640 14701
348bb287672d07fb8bfce50878ed7ffa4175be54e8702f3b7a93521b5219fc58 1640247095435 1640247109832 14397
7e1e915e09b031e276013d9023a356b64c2a91487f35b5b33329796165a7b2ff 1640247198310 1640247216812 18502
d0743771dedacdbd7a7de72f35285a11ebc65790ec0f92bf40e54fbd2b8ebe13 1640247309353 1640247323761 14408
b7d8ab8a344815910e87cf1c20bcffa6c132e23063c94bf83678eda6f0635901 1640247413058 1640247427679 14621
0da7f8a52de665db2d4a53557f82c8fb8e88cf40f706788eae5ffd9cae641306 1640247522238 1640247537169 14931
c983327b5f77fb9c5aa43fb181505efc31c7501704ab001e785ef29e241c356d 1640247632878 1640247646993 14115
e381f7f318e1c399239d522eb8c138e30cd99df494bf02fe08ebbe33684d5f43 1640247736113 1640247750476 14363
5357069b2121c949a27dc542e0b9b1404e98b7c122f6cbfd6952a50a847867ef 1640247847566 1640247862044 14478
b9f7a2c58f403b76375bcb819acb321b19ae2d96fcfda457b57fd72f5df18b65 1640247963627 1640247976568 12941
086f25cf6331a4741ed68ef280333b7c8b91490ef910a80551bd76413899f072 1640248077232 1640248092584 15352
d463baee98745e8c9cc32964d97fa5883eecc1120dc0f45430ba33074a24fca5 1640248180843 1640248195025 14182
