5461362ce62d49ab0d2e085122f445a8e569a7ab77f29fc3de7a24c6327b4d94 1640243249145 1640243283121 33976
c8e02fce03eafff7682382cf8055aefc41e222ce5fc4e3ca89e4bb5edc349783 1640243317260 1640243367358 50098
613c44077a94d0c4d5f24ddfb25f11f08f43738763cac0230b8a80d50404e04a 1640243407938 1640243448094 40156
e897e1a6bd2df04ba55b1113be15a154154d9a68209520a7729e43f77fc81ab7 1640243497144 1640243538294 41150
56ee40e4c4fb61e0ebdaa141671f35791c8324fd431249c759b4ffc357030202 1640243588192 1640243628338 40146
3266f0460da1de8d33d512ed5fe91708555c63760e2b4c1010569675834be813 1640243681377 1640243730772 49395
107d95cfba9785726054fb44208d67ddb55bdfa1e1c7d9a3a2a2d3445b927e9e 1640243779481 1640243821210 41729
503297a543f2a0ad299b4066c0f6040716cfae80bbed2744a522351a2ab1ee8f 1640243873690 1640243928307 54617
7e002a079ef2cc1230ed1e2c5060a7af58478a41815e8d66b63e49d57f62be05 1640243971133 1640244030050 58917
1727894a895bb36f5e044a4573c48758edc0a233cd495151754bd6d940f7773e 1640244066287 1640244112216 45929
1847452d0b0a39310457f7c5fecf05735352fce6c3f677a0c504337a4495ee75 1640244161218 1640244204987 43769
accda163ffbf176c0eebca46e1a89e07ecd365a8ce1ec88e71d50d2d5cf62172 1640244257763 1640244303644 45881
a02454a76ef6613464722f4a76c351a89bc4a686bc0ec5f9f50473c2739e43c4 1640244350428 1640244423542 73114
cb91f7d5f10ad2d39bf3c591a586b4d286150cad9c6b523887a670c49972d6d8 1640244450826 1640244490457 39631
948be132a86f863fc1c663bb691b5ddf0aadb93f0428ddda933c4e380060b4de 1640244550850 1640244596397 45547
5007e191eae9526849f1bcfb82a810c7a0cc373ab473a0aa4159fe5303dd9943 1640244644896 1640244696654 51758
738a307fa41978892d79a5cd64f57f6ab09b1c196e58e56956b0529062418fca 1640244748013 1640244787783 39770
1c2f1d553b3233cb17730f1e324a06f02781fd4bc804a4116e85de40540795ec 1640244842994 1640244902086 59092
3968e49e13c7656ab965213bbb354c68c4ca49f7eb36d9ca622ce2be29ee5a97 1640244942942 1640245000859 57917
b9f1d4166fde030733d87f91964394b13f23f1f174aba77871faf0a328a29e17 1640245041765 1640245097042 55277
f02f838e79ea98d60c34070576fa6d16685c5e7dce68b558d33450ec0528b3e7 1640245143134 1640245197315 54181
ec235d72d5d51824d6fbaef191c596d8930e1907a886d139b3f8da86aa6202ee 1640245245038 1640245282650 37612
b7481ceb769a66f0cacd8b6a6e04d5538f87001877926efc2fcce399a8b23fc9 1640245341454 1640245395352 53898
24acc04cd80d664ca23426aeef6e2a69bd6b773ecb1746e9fc29d49ca874f86d 1640245450058 1640245492820 42762
316a122f2abfa30f119e77b665621082e32a8793ae73b5caf03f22016e874206 1640245546402 1640245589621 43219
b0e4ba28ab7846eb9b6b3cee7104e64080bf3335f47aafeae9a5c4d4659a7664 1640245645105 1640245687109 42004
cf00cf996a93ada4104d893757b7ab713c46a1147ee0fa81895f49f344280fda 1640245747118 1640245807013 59895
8ae297070a8f460f6fcc2d63e88bd8dd8c37fa0c88421be87eb5ccc7118f1208 1640245842435 1640245905856 63421
15a898710dc6791fdf3914f16966d5971111f7fa2feb38ff54bea2069371f3e5 1640245946635 1640246004969 58334
14b30e63b2d371e85c10a7ad148ac24e32bd32ede4280baaa19a64910046cb15 1640246050886 1640246102225 51339
daa16e9a8b57e4a8854b40de331e3c03af295b0da6b8816a87dac49a0e185bc7 1640246161029 1640246203042 42013
69ca7caf1f7dbf5e8921a9fa090f499dc48f6102d86a607c1ec4dee89a518392 1640246254668 1640246312796 58128
0d3554a5f7a438c73a9fcea46f48d1ab5ac60243576b99a721854e41cf3ca1dd 1640246353565 1640246409845 56280
9f1467b5ec6d74f3f45ec8f0948c10a685b168092d511e00e66df2a80d8740fc 1640246463130 1640246512660 49530
70ffb8548f1cced8d9dff7eb8c7ea60a995b71c0913ee3d0a815ea7eedea7200 1640246567610 1640246614212 46602
d7ad8738d4cc1af281a05f52227e5e89ffde87b303ded6c9293b1065949117ee 1640246672279 1640246723509 51230
3b591bffc80aea7e71769a100de062b0b91572f4cce4cff6cb03506d873c8259 1640246768877 1640246831750 62873
eafed57cd7a54ecaf8a4a6e48436d928a4822491017660b44e79ddebc698b645 1640246878041 1640246932440 54399
a6d7255058637c7fe073406767baa56647414af17251beb10110f9f9d3ef9294 1640246983974 1640247037334 53360
43ddf98bda295ff749c694381ba552c090ec690cf304df224f87ec6f39ca5bc9 1640247095473 1640247150262 54789
63abfecb68141712457e6138f1622417fba13be203b742c6f6861e5b09710ef7 1640247198340 1640247248097 49757
3b17775a6ae0b74b8e8fe771132952876eb8425ae5931b8d31183a60aa14c8a5 1640247309384 1640247364106 54722
e32ae0e9d7b221ad369e04527cd7ec3d2452ed3fe2557bd22d3fa7bff75bf00b 1640247413091 1640247469108 56017
611b223b38868a2f790fa4dd60496cec9dca55e8481dffcebc5f1f3215872e24 1640247522273 1640247579038 56765
dafc3c59617054be11af1a17e546c732e61d8ad93bff21a4e9453c107630f287 1640247632911 1640247691009 58098
0351b7a5487005400e1e101ef6e170f5bc0d4de7d4908748ac53adb6f63a69a1 1640247736155 1640247794574 58419
5efb4585560349248654d3ae8c955b16ebd3fc59c7ee9bf415db790148b9a63f 1640247847604 1640247900139 52535
2a38e026f8764babbf8714eb78d759254008029c4ffcad7a4fda22da0860e7ec 1640247963665 1640248031946 68281
3bba41ac3371c44d5bdfbf65f5192f253024373dd189f9a53fd8b3451e2c64db 1640248077272 1640248129735 52463
8488305c0b10215b0546046ca30ae4d91349a43210c56348b2804a196ed6e167 1640248180881 1640248240916 60035
