0a3e1541843f1ef9a80eba7e90ac59411e84aa2aab2603e26cebf06c2b14c27c 1640243249144 1640243267860 18716
db01346e00bd638f8f678b86d6335b164b50a9fd66edb48694474f472fece7ac 1640243317263 1640243356329 39066
7d3ca07739c7592dc857e972cc9bde41680a4fbc251af6c915d8e569fc0e676e 1640243407938 1640243453037 45099
f27f84122bd4de13898ed52fc5982b196b863f937a95df87919d790145ee5925 1640243497147 1640243555066 57919
0c420d1d3d1d2871f9dd4f7da24a4b0f3d06b02b31bf3f949937dd3f8ac29f82 1640243588200 1640243627273 39073
7738a0b23b2849a19799d6dd7126e12b9d9ecc2ae92d63143cb571c956878c60 1640243681375 1640243729766 48391
80b12dea5cb11327d172a42b21d911a64cd58624dcb52bf78b1c5edec6034138 1640243779479 1640243824355 44876
8ceffbd93cf2ce039c313fbc75329e7b2593ab71c9a0533c04f9cd236c78d7ba 1640243873685 1640243918693 45008
7ba4bdd96e28d3aeb5498349515906a197e1688657676862728a33e354bd09fe 1640243971134 1640244021517 50383
3cee7acbbdc45158bedf7121f86f6d72fabc98586853d326ced22b77c0f3296a 1640244066294 1640244114914 48620
e6420fc3782dfb0bdf02e7f038208933b538cc829633e7a24e90fa332987beb6 1640244161218 1640244204498 43280
fb77603e49fccd75965164045a337a64879f513196c8eccc29d2ba34a25f28d0 1640244257764 1640244312162 54398
37630757782c0cb2a7c1bc9ac1c72c89e27af84ae55f984c78986359de85cc75 1640244350398 1640244412808 62410
8244fdbfd27aa0ab00ff3e1eaeacbfbffd7df13666b36953d1836e0389fd0447 1640244450818 1640244494132 43314
e093cdb4a09a544fd01f2fd4e73f94f928c2f75aa38353084c5ada782e69fb71 1640244550851 1640244595488 44637
3b375a6164293f7ef5ea4386d9224c3db93b01499bd64e3208bcc795fc96ec54 1640244644893 1640244696049 51156
bbecc87f8229292114832c57f91a1a269ce511cda55578d6e80170f990998648 1640244748013 1640244800088 52075
e2c2d4df55c58f525408fe7e244710d23c1c889535be7dae1f6ae6d4f6b61fe6 1640244842996 1640244900413 57417
f4dccd9f3028f2513421cb67d1fbcd27bd337311049af92188a17755cfc4f2a4 1640244942941 1640244998783 55842
5dedd49d7294617949ecd2e376625263d5e414379eff6e8b2f2c4e6ed5eaf388 1640245041762 1640245101628 59866
611a84966101fa4ba21ab42663089734e3671a07956c1f990b1a3419e7dc608b 1640245143138 1640245198074 54936
cfc5c326f776289f4d4ef06d3e0e0cf1e2942eb154b842a71bcbebda5aadd0cc 1640245245039 1640245278850 33811
fad5da3268fd24e02d4c82535ab49364aa8cbcf4b056d5a6db3347207312f307 1640245341458 1640245393292 51834
262f43a87faf4d25c8ca2812fb85db927c3767fea7fda8f8423cdf1899ff49f3 1640245450060 1640245497841 47781
2b5ec7b3b82c8093fcabc91f24ebf58209679a63ee411a03635c068f39f0b28a 1640245546408 1640245592311 45903
ba64cdae28ad822c085872d58336b76fd0c61f1bf733655da513bf30454a9abf 1640245645103 1640245691626 46523
af892db4168fb3758bba3b60fb985242c2d3b2fe9caaab526358331d57dc9ed6 1640245747115 1640245808780 61665
f0b99faad47d8dbf6c75a8df8c8b5bdc59e1d1955eaa4a337b8e19feb39d23fa 1640245842435 1640245894837 52402
d3852fb63d65c5882b83fc3d099cfbf88646da19ea115fef1ee6f89452194890 1640245946641 1640246001553 54912
b2efb92a4f1c548e6d06213f14ebfc77f456d57e05f9d3d9b1b2bbe11a3ddf98 1640246050881 1640246121360 70479
75a74aaf4efbe1ffed05631e222a1efe90570c5629acc65a4a46d5b57f244259 1640246161037 1640246203485 42448
0b4d7b3b3a4333c6fe9ab4a229aaf3f1b533c367d663c7d003b58badb9578979 1640246254674 1640246305313 50639
c7e9b53b0b23dabffe187cebfcf981f15808fbcefa91fe76cc1ee7f8bf9ad41a 1640246353566 1640246410565 56999
2e04c998f53e8f6f0b1b099baa94b2f10460a7cb7f5f333463890bf9a596f2ac 1640246463131 1640246516132 53001
8c04300a839dae8c56a82d187336df55503f468fb17da6391da9d1fb5b7b3e3d 1640246567612 1640246614703 47091
bc13e27c9f2167079f8307dada8130a00413400cb34c472d0de13f587a49d6aa 1640246672275 1640246724843 52568
723967c1e706177fbcc15d98af71d4668afe79a41b6cc5cf7998f61f773c9dbe 1640246768877 1640246831906 63029
fedb08b4d7369c3397616b616f8486273fcf03dcf664261246ebe565fdf5048f 1640246878042 1640246933648 55606
8a140d9cfff8da91dbe81a901a5dd0ba64dfc567f75391bf67d47a7f84471664 1640246983974 1640247039398 55424
e8165ca2f0d2782f985d43c085c693237ea829d67e432639caea153f71072025 1640247095470 1640247148439 52969
67fa0e23bccc6c91757d3d0744dff4b826def3aa3ebb878e87e9e6b767ffd0b3 1640247198344 1640247276545 78201
c48560108f17fc23162e4cfbe82629cac5e16c74a33f4cab0eccfaf3239ad52d 1640247309384 1640247365147 55763
b6d125937b096fd81ecd330573742268ee82b20e0b9499119b76974597fee299 1640247413093 1640247465262 52169
9b61f8f98698b44567c6837afb112b9c760a41cadacc1489415df3e36dc36280 1640247522274 1640247582084 59810
f0c692a41079f097293351958d90f76fb1f4ff410515827814b835910df61638 1640247632915 1640247694343 61428
2f04269eb41e4e7a8ac1c47da82e5cc525102bbeb91b01b600902eb531083bca 1640247736157 1640247798702 62545
31d235c37830e4f020f1450b11213dadf0ab0411aec99e915d29b804125d892c 1640247847603 1640247912977 65374
ef97f309ced01bd9fd17819f3889254ca209356478da7217bebf6295eb815191 1640247963664 1640248014362 50698
77d20f24191a65698221745d618725edafdf3e9b85cc499cd7ffb4a08f304694 1640248077273 1640248134720 57447
97ba895f70ac7d8e80c076d39d40d9f27349394b4b82a067734942349b12a51d 1640248180881 1640248239892 59011
