d378292d9178aed4da035a858e5423850c5554c6d744bee48c04ba7ff270a4ab 1640243249113 1640243258886 9773
fb7404420ca42d1ba876e4c87d1a94440a4278f2bef70c73c92180fae5af1420 1640243317250 1640243371732 54482
5b182b554a9b3de89b8e95bf3b2a55d885975501070565e12911beac0fa9261d 1640243407927 1640243455735 47808
7a55bfd0324469ab59820ed3058a48273e3d8e5569a3e45de266443e8ef4672a 1640243497139 1640243539732 42593
6f2f28c0a49f15ebb12d76e2bd1cf0894a0241f92d1434640f0cb1eaa8ca28f9 1640243588183 1640243620915 32732
90816ad70423b437097131828bf740815f0509d1cf190d11238fedf9ca764149 1640243681368 1640243728167 46799
6a66ecd3a41d4fb016b82be70c3824fa559517d1d9cc86fe9990ac64c8f3420c 1640243779470 1640243823166 43696
7a65674086289cd3351f04aa188f1efb1b83cb5809efe5987f0159c6b226c838 1640243873679 1640243921012 47333
6d30e32ccc22d7321d78811e29d41ac685e2ba729b8302941e9be4fb0fee30a0 1640243971124 1640244009792 38668
5b7cd7212af7f3be83b4db38e580b2494f352e7f3fdd4d134679d8f0d80afb00 1640244066279 1640244107374 41095
31d7783d208cee3a24caf1b7c17f020798282a7fb76e0cb06b13f28462dd5e3c 1640244161205 1640244202200 40995
a71ed467f1de364a086a24b754feab88abbd83ddefc73e5aa06720ae94976656 1640244257757 1640244300262 42505
87a09bf9f0936d3b9bf61b546b27ff52ec0af2eccebc1dcbbd802b2b2641c9c8 1640244350391 1640244402731 52340
71b9ec5d82547d56cfcc30480f47cd007b1344a9d4f3faecd3ac5acb2f32716d 1640244450810 1640244500075 49265
3066fac24f6f9f24a10106e492ecf26a9802bb597955a5998917307961118b61 1640244550836 1640244592246 41410
4f2a6b5dfdc39c5775df7f041519e4485532e5876bdd6eeafd6088108d25c24a 1640244644883 1640244701979 57096
2def239c7beef2a1873aaeadb0cf0ff3e81f2f9e4ffc34c813ec0c1c19c6c422 1640244748003 1640244788667 40664
32e9d610b0a1c3a5c040970d6033e121aed11e00aae115536992a3cb6edcff47 1640244842982 1640244889671 46689
499ba79bd8c17b0e723a94a333fd0fa198c9cd1a1d985e44fd0750101e66090d 1640244942924 1640244989033 46109
5141bee8d24e62e69a6047d88e8095f0d5d44b23d22f2607f755abfea1a75f28 1640245041756 1640245100729 58973
97f99c4b85f74657f011d66e31256bc981766729131a26b56d310cb58ba9ec51 1640245143125 1640245195052 51927
b78cea69b4677ffde947632ba0b3f15ebe20eb4d2f8e7ab7f6ae93bc9324fa17 1640245245023 1640245281535 36512
f6bf7153b1a9e13c222fcb5d6e0708571a24bb4a92550ac3cfec6fd8c57ede22 1640245341440 1640245388462 47022
ba74ddd35f0d6df259d3dabd886d0ef45a3030adcca6fe8bcc3d613f06d72f42 1640245450042 1640245492433 42391
a763788b30c4fd84e6d3a2b912b0d621110b76888568f834ee10c7515a542d95 1640245546393 1640245591538 45145
fd6c229e6172996e7d6f0b14d62da468f2a30ba6c44d53fb196c7ed6fc904cea 1640245645087 1640245688191 43104
b56f12fff3a47176de7669cababcaea3a20eeab6b52fa39730cc5cbde371e717 1640245747096 1640245793391 46295
d1cb049b3b3339d255339eeca8e7e54b9d3f52d967c397e0939d5dcadb9854dc 1640245842422 1640245888763 46341
d11c56b07d059f498e490cff38a690d8bf322dcb8d19712004629326caef1bd2 1640245946620 1640245993502 46882
812eab765e183f5910ed61628820fb569c2183c6d6ca01732f80511eac42d23a 1640246050864 1640246119474 68610
edbfce903d0070c8ccd4abd9e40cc78636154d67bb1c2e336337b7ae0ea171f8 1640246161016 1640246218774 57758
4557cc96920327542763be274122fa2b2fddf751c6eb9b362d596d7edf59c3e2 1640246254651 1640246301722 47071
b2f98b5f5bc0465af549cce0bbe0dc6c8990599a5aac4a93f71cfe4742fcf2b3 1640246353550 1640246400881 47331
98c7a9c7531bdeefbd193b84808d119027461b505b207a99a202877e507a1365 1640246463124 1640246510718 47594
b13d882ff7c6854a52fcff2f8ddac0321386d0b7c59738272687d2ff42a0cfcd 1640246567597 1640246610031 42434
d5fdeffffe0a442fd51f3793019439fc32dd1fee67fe2905b7257a2e69c0205c 1640246672259 1640246717758 45499
16db1b8ea5f756e69331b34444b122e6ee1875b5d3fab4cd719c392b976e7e9c 1640246768865 1640246820156 51291
a14a992870311881d38289f0ed45228df67e352ff2d572687845e2240cfaf24d 1640246878024 1640246925548 47524
6b6c277ed348954992fed2413e1261f501ca45a398cce4011d384f99b874aee5 1640246983956 1640247032785 48829
f564b79539342124852ef80a88bbca2b28d697b6183a3d098a10a010773b1f1f 1640247095456 1640247145555 50099
09172e7e6850ce782af2b9283a8e0e71adf4d2bcc4d5375d6326f5cf2ddb1b3f 1640247198330 1640247247374 49044
bba3a6713f09786ad1b4501e550e725732b2538b9fced8b041228a7fe3961d53 1640247309369 1640247369318 59949
1ae4da69126d4f2612094b6e168ae463ae0f2ca6fb8bee3590d3e65694790394 1640247413077 1640247462783 49706
2862b77471c49498949e9df6174be6d08fc330c6ba464031d2ad54a2bc04f22d 1640247522261 1640247576153 53892
47ced85b0bca5fdd73fea6e2b1d8e3134d150367c5e8f99ae8ae735881940925 1640247632896 1640247682626 49730
6ed70af432f0c99ac40c23a8065af00345e1545858d4dbcbc3d349788a555790 1640247736137 1640247794312 58175
c5fe343316333f12f0a4cb3c6f3f046226bde8c0c58bb01641c9d352f57c873b 1640247847585 1640247904748 57163
ffe8a094ab819c7d9aea4c687555c5023141ca4a51c982e2db4445b90f083167 1640247963644 1640248028648 65004
22e1711b7cc48d05092a2b2e9271ce8a4df8b7d23aa4c1b1822d9046bc9b7b85 1640248077255 1640248132328 55073
7fbea6f465eb9f4e62181dbfab59a19ba10dc2ed23fb6b2de4241e8d416c95da 1640248180862 1640248244381 63519
