7b94c0d94a9ab2ec8a4d5751a8df8ebc2394b1851d706f9560cc6908ec9133c4 1640243249093 1640243255568 6475
9bdb30acc16990e8cd2cf075cc2e45d2ebcd561e8b28673ffb5877956f5b13d4 1640243317230 1640243323732 6502
3adf7462ceff66a2869ccf00ad0e415b98c7d227e30aaa4a28ae13f823796aba 1640243407907 1640243414907 7000
20016295f1500ecfb1db13745537c51c627900bccbb38036caea7bfb4a2db485 1640243497117 1640243504686 7569
b8dfc092761c6984b55abca7b3086e990ce52b2c0865e3ff72e118001e12dc06 1640243588169 1640243623736 35567
3504fe413ebdcbe599cae53fb06c24e102f617d77c4977c8704839b56846271d 1640243681347 1640243690201 8854
a20c90b6b34e92853dd9bc78eae08771a9350a475d9dc793d47aaa76db53af47 1640243779450 1640243788045 8595
55d50e6dd1848094195b829af34747a8a8bd7397e640d4e6104a21845e3dab75 1640243873652 1640243883397 9745
2f8caead2f78330ce2470f2d3ffd5e6594985924692e01241c27a23df3db2db3 1640243971105 1640244007563 36458
963e9da0207c354bb6873b41a2ed5d219e20d173ee96f231edebc58e89c4eccd 1640244066260 1640244075520 9260
0359347772bab3c00690f437e53698d95e039421981e2367a21f57686e54a54b 1640244161182 1640244169350 8168
9d54f6a919b1064540fc1fb316bc895630b02dfb2f0d2e3c22686c059f6e006b 1640244257727 1640244266138 8411
496157f40fba800beff20a94070ee0f3b159305ca14fc8b9c7447d23d17979a9 1640244350367 1640244359577 9210
190a678ccd8e1f665f146eb2954d9418bcd9955c68c04d59ca5ebde5a7f89166 1640244450785 1640244459967 9182
2e52d0149d636b5a450d834b8a11279e5788952bd71fd3813f4babb11d2ff07f 1640244550810 1640244558227 7417
c151467a8ad55f77d156875429e92c90f9409c2b1ed0694671967b37473a2887 1640244644863 1640244652546 7683
daa5c445c5a70ebd5b2d2c6cc47bc6cf8a55267b9543eac49781b6e1be1f1e65 1640244747979 1640244756241 8262
ce6395de583758d9e94473ffc5154b6c23d5d427e0fba4422ad8a4fcd48e35a4 1640244842959 1640244886432 43473
b599c6550ea105756a45fe1755ac080d9df45001d79cb9d6796590a0273b1efa 1640244942898 1640244978574 35676
31974905a0cc0a8d336db060d26672c90ca9d3b3bd9acfe17b45416a02da6931 1640245041730 1640245049718 7988
28d6c6562a203454600d152057a4960a2611a02afc871316870d396ea699b201 1640245143098 1640245152599 9501
9a65f66d7e51edfc2ba76bff3d0684514672fd53fab1031da853d8f391b8890e 1640245244997 1640245312512 67515
3e02d39ef8030343cafa2558fb1264f4eef8afcc1505f01689423bf19c9909f8 1640245341413 1640245349507 8094
fe92b1e8401c69925744b126fb1bfc4a086ef77975087ec817f2a6fd05eb25a7 1640245450018 1640245480658 30640
712064d636dfff32d41508757d7dbc0a91e32613dc2caeaaf82b00fff64bd533 1640245546343 1640245575521 29178
0d385f0415ef846c8d8047ca8afd6d343061bf71459d01715efae7dfd12901eb 1640245645062 1640245653552 8490
8c19e936c989f8f9f9f5865f2daf92642cf33dc35feeae6cde91b7fd85f0a515 1640245747069 1640245756338 9269
39a7499f754629cbf2fc389ab9b9fe2e0e1bee797f60797fe9c2aae2839fcacc 1640245842395 1640245853343 10948
23d3ce3a37515182f9bac8ef656fa5d50b595cd0c89e37144580eb71f4a73e80 1640245946594 1640245956832 10238
43ed47b44d8ff2ceea02bc9a5e47ac763d5e9834fdcbc93db4a13202a404fd1c 1640246050836 1640246059750 8914
ef9cf8ab0bdd64e9813e5a6b52ed5a236eb9eb131b76e6ef84172ee36642cb57 1640246160988 1640246169512 8524
6957149f4bbea0db06803a9f6ffa76a23f6bcb2bf0ba410aff4a7f0fd91414f7 1640246254623 1640246316520 61897
35a671ae612ac7e7adc488412cb6466dbb4e23522f04410fb441de8ae156039e 1640246353522 1640246362053 8531
f93a51f5a7c426ae6557a3c29ace7aeaa3f9402801d6d4515d14335c8f41e089 1640246463091 1640246474578 11487
46688a79863059a8af62cf34789719dee5911bcd9da2833935a29e1752cf4483 1640246567572 1640246602424 34852
d4d1b245fbbd2ba9c5feea5801b5295563a7bd543049d264c27ae6f3cecb5c5d 1640246672236 1640246683258 11022
a97b5a37f7429f1871072ee36254acdd0af6415ba209bdf187a63fa1dbd31d22 1640246768841 1640246779366 10525
2d5285fc1d415f71a57bdfe1315a0bc969dd1ab7e5b1eb802e1c1d7393c89fa0 1640246877993 1640246887814 9821
658c6c46bc30834c4e8dd5ff7e6f8d5e6fb118493af495c441ea523cfbe4389e 1640246983928 1640246994281 10353
50f79f834f6968ca83121d43b9eb1a28c230352a7fdffa718564c2a771310a4a 1640247095426 1640247105298 9872
ea4b8564aa72a42bae1f8e680ca55c26dd0ce33fb6cca9159dbb84d20efe5c5e 1640247198302 1640247207878 9576
01abab1e317f24e4dc3f92f9d75538aca5c17967126a52ff7b2156caf86e1ed2 1640247309342 1640247320844 11502
75411c41b671257f4b1d6dc19ba6a225e9859d85071ac257b3fa28a0a3c4782b 1640247413046 1640247423134 10088
f93796921cab7faa3284920955760de094bf3670e85a4ce741c581565afd856a 1640247522232 1640247533705 11473
3a6b89723ab6c1998e4675b0628f5c1c2cc8783a644881fe0ff070ab3b4eae90 1640247632867 1640247642756 9889
eac01eaaaf864caa3910ac5f317d30cd810dc9a3b58f14ac4eb9576829c99907 1640247736102 1640247746804 10702
0cd72335ea87be1d0baca92bd047dbf3e19d696d6fb628166d640b1462e1f42d 1640247847556 1640247858412 10856
bf9820880e0f1861ec6e6e29fb345db9b6eb90e59dea2c122b6b7c82e2f45281 1640247963618 1640247974428 10810
78d620c0174589864c066266b78cac683aac9470fe1bbc4ce91808316aaec162 1640248077217 1640248089107 11890
e2311762aefd2ec56f5f4463b9e058788c51340497e9169ba2011bda00889a8e 1640248180838 1640248193104 12266
