060a9c8a702ba966dbd7a35eb3dcdcf0031654e6eaec21c54493f94e3dc039f1 1640361670075 1640361671546 1471
e83c6a81b3f0a77167ee98f814320b7bd2e40963395ce592bf02545cc4bfde99 1640361928915 1640361930441 1526
f6a92e581f45bb0561288f47ddc1e8f8100ca224f226294c6b6b9dc5e2bff435 1640362221115 1640362223618 2503
2c5afd507bd0a4c3dfc9b5fc1850e905319d45732cad6f52257db27630e5678b 1640362500099 1640362505801 5702
aebf9e1e7a6a850aebad416b3bfaeb880dd49013b7cfc0f077f7c058e30bcd78 1640362785073 1640362796143 11070
00e1b749ae6a0465a3a2196978d5c462f0f0ac1d9ef7cc59d873c26dd01a2084 1640363071671 1640363079504 7833
84be93e3fdff7b34afe178c0ae1dd2b34b9bd64c17948c7297fc00520916c573 1640363359471 1640363381343 21872
af689456ecaad017bb18084f58d16b74b82daba4f4a9c5c5ef3a9fcac0ba2a02 1640363645314 1640363646908 1594
a052fee7b2062b9b46e54b528e07e4183b5703de8b2d9dfb14452d37982c9de4 1640363931742 1640363941731 9989
fa6df27d7535cc54251502a616080da827f94497977d7db36764ad06ae22d662 1640364218705 1640364225494 6789
bf59a4a1623e92866fe588bf32d23746e25cc8ba21dffcefca4f9781be6b09b1 1640364505546 1640364507018 1472
ee928165ea0f1b6771c17feb52c612ccf08bc19ea94588b0fc4e48ea2208f6ff 1640364792949 1640364801859 8910
4dae5b430f96ecbbc6699c3594ae658cdb70f41ec5d93b11bf0a01f5760e4343 1640365079362 1640365080922 1560
b83f87fd0a8562478afdf08e4c6c02f2a3c9ea0cb48011f65d3b7ef7c0df706a 1640365366688 1640365376621 9933
fbb7aea366328a5d038e27ae6f64f116cf9403cd73d44314dd6ad972af161a2a 1640365653617 1640365659359 5742
4cff7363f9bb97819bfec133bd79c579c120cdc772d1aec3e934a9743501cefe 1640365945557 1640365949178 3621
23f90b67258e0ced8726418b68dab070e7ef28fd6b3475683fb3064881bc7edf 1640366232448 1640366236032 3584
704b0d6845722b840fa12f067a8c07f3ac06971ab9fede19626d867cc449a494 1640366524020 1640366527591 3571
5f562affbb384179300f108b1a90885c2d54f0f09ac69d880d10328894bcb168 1640366810812 1640366813388 2576
e17ca0ad374c968e6ae64d40f573fce0469e15a15c857b0baa0debc2621813ff 1640367097517 1640367098996 1479
