e641d25e902e62f7f68258f1ff09b0397bb373afb4768c866feabe2514d6efac 1640361670106 1640361791669 121563
6f0c32a88cc8381dc1a974c029819bbfb07fae75d084f277283d3ecbd40c598d 1640361928956 1640362156466 227510
1c07f767c21af5d9841f8ea28dc76a27087cfd9fc887f31fb9aa08ad40226db0 1640362221150 1640362401890 180740
687cb73dec15c93d9130c58ff10e9f389f0123056674ded8817d0abdb1aa642f 1640362500133 1640362640874 140741
0306acf1248c4fa0d927f21f947f55d857a2479dcd358da1f68c8c7db0cb6dcb 1640362785114 1640362934871 149757
86c89c8b361d91b9e81b96be850999599cf6259bf267dc2a527411eb3aee096b 1640363071714 1640363270873 199159
1e9e726367079d9492a147fd0a3c4bf52f3c6a29759744757cab2c20b3fa19cd 1640363359514 1640363576044 216530
801a44bc32f9d5c4f85660eee93dae5caa263dde9b4dbd9cb00b2e1f5e5d7553 1640363645353 1640363826601 181248
c7b318167543b84489e6328e7843284ef7739bfa1a05635d3354b08b6a101f8c 1640363931781 1640364093566 161785
7ee15a046f4f44cdfe82312a7cc90159722546667d5c05856be749f963c5c252 1640364218745 1640364440929 222184
3688d9ef6be4012a47de3e7c51f3da6d5783e53ed9f984357fec356679c15a1d 1640364505587 1640364684281 178694
1eb96e6c000254ea812c45cb252c98b6d3ba0adf2e19b9c36cd6cbfffa15e89e 1640364792994 1640364975041 182047
878f06d61beb92466cbb491d224addf470d1fc9ae9ce3b0fb96db1f6253076fb 1640365079410 1640365247413 168003
a55f7e2c50a49363b3aebbc3eb748ee657dcc8d625e8b0e73030464db8b86df9 1640365366726 1640365557349 190623
7ec83cc094dd66c81d7e51786b01f6fc5ca3d182d641be8ceeabcd61dbd361e6 1640365653655 1640365811549 157894
3d2b7d9ad4c73f56e88722db47d4d26fec639eaa158c5ab2bde5a1ecff95ea07 1640365945596 1640366121756 176160
b562cee956dbcf2c27554b74a749e8609ef87232a41e8ccd7e49f0efafd80ffd 1640366232489 1640366374834 142345
3ce37c0a9c10b9e1ecde37a726ea7f51f86cccb2e5a9dfc38521f2dd24ef6663 1640366524067 1640366684477 160410
0fef5fdfa5adfa2341b970eeeba5c08cc0a0977d553bd8f9553e97fde72ebf98 1640366810852 1640366953916 143064
e3d2e658dedf410b13cc68d3c2ef06412effc5a5f95dee3a5de2e77d44b56460 1640367097554 1640367247110 149556
