a135cfb482617450a64b655bc98add34c7daabc3c5767538667a440e3d03af43 1640361670097 1640361766046 95949
b04f5ceb96f744098df76ebf0d12a38eb24d3986ddc03a2bed338e951849e2bd 1640361928933 1640362018028 89095
2402fb68f2480e7fcf12247c19d22ef89c9ead1a3511ac31222c17e4d3e71389 1640362221134 1640362303988 82854
467cdcc559d13e08ce2a3e3fcc5faf7df043a04d1363afd2464507c79b013a44 1640362500118 1640362570274 70156
82c5b09af60bf701284bdeb168e180b98db46a78da393b0b7dfa7127a0530f90 1640362785092 1640362884995 99903
651b5e964ac5b0a525d28d50ff9cbafc31b318622ff6547df91dc0d4ede578df 1640363071694 1640363196462 124768
9271b0e452757a0cd0c36d0368ddc564a2ecc0a486c2a47128de09d1b843c519 1640363359491 1640363448737 89246
157f2c1850076140aea0fd15056f0f9766b2455e002678a1b6d23dd5aea93cc5 1640363645335 1640363724860 79525
7de13a742fb531a29983d09ff2fbf51a127c06cf5936b69a5ac5df2ef6948927 1640363931767 1640364052921 121154
0a936cd35a2265197f51493fff11beade5d9be24cd8da7b23984d7bbae2f8868 1640364218729 1640364330885 112156
b708dcd3f360e2692c5d810ef3b951dea97e76548bd85f5ef6be65a9a21f108d 1640364505563 1640364584959 79396
c048463e8defa9fcdb3d9263117c7ebfc0c40e1ff0c7bbc198cc5372afe25d0b 1640364792978 1640364963230 170252
b881abc8d7b8454db011ae26047d0bc7e877c26135c0507a0913972292718563 1640365079382 1640365151905 72523
44c88c21fab589f70513bb9b623adda8e18a30ffa1db7e5820f4c67ceb043d02 1640365366710 1640365459485 92775
8f336f9f8c7a0e00b9b62ca7bfd68160e1873529f809cc823b29f7cdff2e449e 1640365653637 1640365732405 78768
a2426128991cff4ff6e8ea0ba721d7363eb811d2434646b71d4697f8cac8400a 1640365945581 1640366035894 90313
e8122bbe62b2637898b1ce863e191cbe1fe27d3ff85ca1d9a583ca9ef14a31e9 1640366232478 1640366381184 148706
6ce0c8599a148d995969392f7475feb4e7b22db11b0b48d7628bfe154e880696 1640366524047 1640366636190 112143
a81153c2e0d5fcb200d4eb27920bb58ec97138e0dd6abfa68cbb7c7803ccd8af 1640366810833 1640366891442 80609
2cb3ca779f92fd0a4c6a58932b81414cdcc3ed9ca88958b9d0ccf0588f1908c3 1640367097542 1640367195839 98297
