bb0d9d0925f069b6d6c16c356360e564cc514567b045c01855a69b3108ac69a6 1640361670095 1640361783062 112967
d624635f8af101d924be1f8fa76365cc8dcb9cb92a1d897d311dfcec70bfeee3 1640361928948 1640362137134 208186
eaae94a5cb2ca6492f290c7f806678b856b75f61235c5684a8647a16108a8ed2 1640362221146 1640362365416 144270
8e3d5a170dfff8ec4103f4f4e7a8b2bc0a8d9bd78a93f4927d5765c664a26987 1640362500119 1640362579668 79549
7a2e423d58362394b2923f5800e522676e04c39ba1cefb4867f9b76bcaf4c009 1640362785094 1640362997237 212143
f700484abf1118308c50d8b573fb9191e1a797afb31ea7dcc2b85928ffe4a5e9 1640363071690 1640363159737 88047
f4481c4ce41b7222c1e07521ceb194480ab86d74393e26f8d44995ccee192083 1640363359492 1640363499399 139907
c941d06c4d3f3a085748fbfa5edf999c1b7064f2e5698fc5f09dcc58d3ce24b4 1640363645336 1640363747588 102252
46e188c9f0fd5f55973403491d699e9c1a9e160e203f554c4569fde29929e6ab 1640363931766 1640364029443 97677
fab3a6f0fc0445204790800bc9fb7fc639a60be72879fb1b878141b06af78a73 1640364218731 1640364338370 119639
202d5a48f9b993ca7d636bce1342371287e85c8f70d4cc5f50cf622d2786e023 1640364505566 1640364586323 80757
14c8a823265537093fe7a47790c308977a809d6719d5cf53551d4f66f718c56f 1640364792971 1640364910911 117940
8034d6efdcc23ebe9b4352cf2539c3ed389ab20270bbc52b44be76fcf0ef8810 1640365079385 1640365174434 95049
fe4a2f11b12270b152023d0fcbbf30d0de87432d54996bc9d6212d794e7868df 1640365366716 1640365500133 133417
7bf79052f7130e00d44629647c32f9c95045cadd1d8fa1bfd70af5735d3186f7 1640365653639 1640365747816 94177
0248fd0a5edffe3e1cc452690d62d338dc735c6348ae23bee596109d92d34248 1640365945591 1640366124417 178826
29a67155ac380adf85364a7a6b62ae8613797ac575cc523af1390f9df82e4ae2 1640366232473 1640366322638 90165
0e1e3fc52fc432d23767454ae4fc321fdbf6e009f9fab80e5d655a22b4490f7b 1640366524049 1640366628851 104802
bf970afc369395d7aae0849711ed603d75d0e9ee770342a00c54732311f8e5e2 1640366810839 1640366939943 129104
42f53b8790c7189ca25b6acecb0de783e800afaa985ba48138ef53b41253d3a8 1640367097542 1640367212971 115429
