f11d8a91155ed72f790119ed36b9492e80d953af4ae5110a8632f330d52b14c2 1640335905387 1640335908713 3326
ef222d9a23d41f929cc680d7a316c2d477508dc28a0d1d4c0c66bb15250aa778 1640335925486 1640335929235 3749
fef570eef283d19bbb66833065ba49c8eec427c195e4bfc683d48e7f7233b436 1640335950772 1640335953607 2835
19fdb803e01c872264aa78d488d4c21c0c20d48b29e4d50a06a752adea0e2878 1640335976650 1640335980042 3392
eb1e52b67bb919dc3ef75de776defc7b6f0b0ae0c111467a7819a48a6886cbe2 1640336002800 1640336007882 5082
a74f6c1a61cf49a02e181cba626e4f16fa71350ddc01f18b8d6c7e3be2288191 1640336028719 1640336034029 5310
98bfbe0f504e8b35aaf43bdd4d9fb64f41e7708056cdbe9e09f651681c98cc58 1640336054376 1640336057331 2955
505f104315471e4b2fe1764b5688e977a8aa27cf56379cf3dcd7e66c6ef3c62a 1640336080369 1640336084203 3834
d20ddaea7e1a69ca139ebfc53f129327f7c07da874dac4e40d84155054bb75ac 1640336106913 1640336110397 3484
817104599bb4111ebea01f15106b61900a11baad932bbf298301684bf7346524 1640336133120 1640336138030 4910
34affa7280173eabdc8e0673a0cd581329f949622fae0228ced83d994b923d97 1640336159121 1640336161809 2688
ea5bee9b25767fb7b2d173be1e8d6387dbd98b4335420c35f6d8d7538adf02d1 1640336184323 1640336187233 2910
55e04b36397ba40022c254c7a50fa2afe25e5529d89678866475506bf370c3f5 1640336210185 1640336212555 2370
aa0b9872a8891adc8693e686332eb30b8adf87407b2d1a7ab633666b740b64ff 1640336236129 1640336239405 3276
2d0e91cbc72692231e84e3a6d64c2edd9abd32c38e3771239c9b2b889b8d13c3 1640336262233 1640336264850 2617
038f0e037fc4b28b7deed2fbf1775e37809a5a03c9a255b576f693cd5a787f7c 1640336288478 1640336291686 3208
98a1c7eb6cb339d4281900056e70f27db998dfd7fd025dab863109eed3d537e1 1640336314954 1640336318482 3528
0b90d4c3e68109c3b177452b41f04548df77b5096f0a5529afa591179ae55916 1640336341135 1640336345477 4342
b4e12d955a63b239d5ce0f2e558aea9972c3e624e71b8d1d9ebd1ef26d3a7e21 1640336367430 1640336372270 4840
3e04b21e03ed23422053acbc2f51372a0eb2682ec79340411e826071a84c8be7 1640336394190 1640336397212 3022
