633135b1a1e384855afb95354ac35baa4160f8d9e324ffb4ff4ca67b340377dc 1640335905385 1640335906809 1424
c73b2c344f1343e229b5a5c4289369bb8292c1d5f1f9d14d7fc4214b0a516038 1640335925484 1640335927538 2054
c09e6b7033cea47230152112d93814539cdf15181ac112861dbf219ab5931981 1640335950770 1640335951296 526
791cc81f604fdd78c893ae8bfa8873c077a7049543dc9e458f25885d6ee6572a 1640335976648 1640335978348 1700
851a81199f63e717d2629f965228abd7846b84b6d3df7bc0d811b5e1167638f0 1640336002798 1640336005287 2489
6bb64a3468fa0ce38fe3c8f7ea9fef0d4ffea60f7538b9c216d5d1983f59b884 1640336028717 1640336029937 1220
59e0c78d968bbef99844a8e52dd27e9373863d15455d6aa6cad8687191e4bbe5 1640336054374 1640336056532 2158
2a0d6b77366916fd17fed030202e583d23fc25ae6ca4d635e5933e433e0a01d6 1640336080367 1640336081414 1047
59db0741d00f45d1b8c85dc027da0e54a02d6cc0dcba40504e7686013a25dc41 1640336106911 1640336108465 1554
244ddcd7b68c145b6929b93cde1721b6f004d754a4c64c44f8d657e07148ac6b 1640336133117 1640336134261 1144
3df39b37ff19fbceb8cc61feababeabe1bda5b4b651d4d0eeb924486e4ebeaf8 1640336159118 1640336159918 800
5a238edffcb00813cdfc0de404ee4bd58b3a6c9ab5cbc31db1e129fa7068cd7f 1640336184321 1640336185826 1505
99d85ef272d1fec88f3de1ef8d00a2d5a668ee3abd7997ccd88a0c864dd537e9 1640336210183 1640336212285 2102
cf3d12fb4324bf33d47cc846607b3d0dd4fa70fb60999c0798c57b8d91d27de7 1640336236125 1640336237406 1281
2cddf1e71fc2023962b2da2bf9a57c4786ffe68c10918a38cfffd129fe0a0cc0 1640336262231 1640336264533 2302
9581403172d53c3dffd649da379ca02e37ee4b5502777f5f47df277b727f92db 1640336288476 1640336289728 1252
3746eaea9eb075130154368175abe014dacf75feb513213086d66a6866237ac7 1640336314952 1640336315757 805
5813277e2aad8567c6bc666a50f3bc9e03831f676f5a8c028548c8b9aa052ab2 1640336341132 1640336342385 1253
88a027fb41e6dd14df0f774b214d66efd6caa7a082356e5f3d1e8ec69a7e7d97 1640336367428 1640336369205 1777
768a64cf8711df1d172a207e620e87500cd5799e1b9d562cc491f1a2dea77072 1640336394187 1640336395186 999
