1afcd50cdcb618cc5d8ea64bf7a0214d72f45bf59f84b2f8b6681cc317d8f21b 1640335905390 1640335909334 3944
d20a110caaf3d06cb492b85a4afef52165fd2658a907c1ee6d9f7dd0621574e6 1640335925489 1640335930328 4839
192057e1dfe95179649f5c2c6b4464057d725525b0917bd0e4061fd3e729a59c 1640335950774 1640335954098 3324
69cdebd6ef1dfce34ccb44a472b834aac9b102cec49ed7e911bea7a6e3c6de7c 1640335976653 1640335982262 5609
0ab39df170a2a0dc02a3f526bd18d951364e44e0c332ed850e424ec9e644594e 1640336002803 1640336010778 7975
02cd20bc9a372b0eb760a1d0a3a8ee00798a0f3314ab4f71c2df07537f4e60e7 1640336028722 1640336032521 3799
5911326266b88bd57cd993bc94865c5ef79f5925eb75a6e1697371f64076955f 1640336054379 1640336061380 7001
a569c1ea50116064164600212bab9eacdd1aff49c11116e06ec55a7d24c73893 1640336080372 1640336086706 6334
2196c827ffb4a1a1167f298172cf12610ab4fc3a9d97f6ffe48d0baf8eac39be 1640336106916 1640336114081 7165
317a94118a1282308b037fb7e4fdb1d6b64a9f3975b3839975ca048d687536f5 1640336133124 1640336137790 4666
e75c8710f21a4883200cc38a358931db45a1f4a9d96a5b886724e805cadbe911 1640336159123 1640336163215 4092
3cebb8204f830682817dad1be85b29bd2b938a32012ab2261eac3149bcf793a6 1640336184326 1640336189964 5638
ac82ecbbcb224f0bda6f92ac5308a2e64eaade7b686d00cb2e9f130e28455224 1640336210188 1640336214210 4022
46b5446d74c303e2ec94774a72ac95ed2508a0203bc509056eda43e96e5a0433 1640336236130 1640336242959 6829
a5c1de654c0990b089e38b59cac39144dc311f9421d95bfe60fe4b3ff609bae0 1640336262236 1640336271806 9570
a227980d52ff4ad6af56d14d4a02d6513d1d5ede8f5e40f9112a06f3f47b5461 1640336288481 1640336296003 7522
c87164d66874aea0afec56ed1861b1ffe7971e77c26db156e9af45620b1ad263 1640336314957 1640336319304 4347
1c2611e6753845e638b40b0a4a828bfe6668b6311cb37ca5e9af25b6f6595268 1640336341138 1640336346438 5300
a7c35252751cabf6cd86a5b68e326fd2ab4dcc3f6c621447d61a46530760eff9 1640336367433 1640336372242 4809
c969e2b3d381c0a2a99d193a35fe944757f426f5e091697421819d291c2efe13 1640336394193 1640336399302 5109
