d5703cfd01b9046965bb498589650cae5333810e4f33c4b038d2b9e389cc3c67 1640335905402 1640335919490 14088
0c4def0fc85f1d74b6832daa335982e0bd7b46a5fd964c09dc735b0957be7812 1640335925504 1640335941170 15666
e2dafe2a6ea2935bc1df02ad7ddffebb43da3f68fa53f70aa4dd08071f6a94d9 1640335950786 1640335963761 12975
5c1d1d3fe5544f3d048bf0d60be7d625300dbe82bc8b2adf5615e682ef26f47f 1640335976669 1640335991092 14423
8d04e76f0f23a9685f61a7cac56ea267e947a530f0925ec0f225f8e238aeff5a 1640336002820 1640336017016 14196
0a0d907aed8accde4205c06555992ec9d58519ca228b3f094c5197117924389e 1640336028735 1640336041294 12559
c118c94d78abca38a0f376d7654eb4a312247645fdfe8a3c024db335335ef83d 1640336054392 1640336063782 9390
9811c7d3ca707b2aefbfcb6255ff411803dbab7dbf898bb58a035dd382b41313 1640336080384 1640336093017 12633
e894a68ca2a24b295eb7670b795182d5561bce50f8ac41a67393e186055ea744 1640336106932 1640336122753 15821
231d75382911af1297a0e44998f81a629264d9df4066584256abce69e7ebd1a8 1640336133138 1640336148703 15565
76040a09379763c6d407ae6f190d153fc454795de3d909fee128c75a57b5aa0e 1640336159138 1640336174507 15369
eb54197cd8001724f53e724472bd6628aec48fd7245e0a34d2236a1b01b25a76 1640336184339 1640336195212 10873
4261fbeec3927849fdcb79f2d05e83e752a2bfbec8f0fdf8fc706df651196e25 1640336210202 1640336223567 13365
44d018b71da3e8c4d2561099914afc681ca076c8e9879ce075afb372bd6b12c5 1640336236145 1640336250336 14191
0694b54c78856a194262696185dd307bbd70e41cd7931bb45ebbcb36b9b28eb1 1640336262250 1640336276586 14336
c6fb34b062c333a4d5cc77df35869b1fbb16aaa225e9a447daa70ab162b62ec2 1640336288495 1640336302154 13659
af231789da9f7e6d1306cecef787796c94ddd3183e55d437184a79e978ece6eb 1640336314973 1640336331397 16424
bab323d00eabb4290fb10dc5a4837cc929cdb7538934718895c168e849453967 1640336341151 1640336352408 11257
f92053d55b2f698ab6fcf6ddf0fd60c1e299a465fb0d7cc0d01481fd855dea0c 1640336367450 1640336382114 14664
f40a67cff37d66da3f5645cf7fdc725c3cb4ac7322323a3abbeb458a573f0386 1640336394206 1640336406303 12097
