29382ce1ebef1a45f3cfba4fc5a9655cfed27d22c1e11f702612d8a0fdabc3c8 1640335905387 1640335907980 2593
05e947d1236e94bee38e4728ed380638549c3e6a8534cf0a6e97a3f5788a598d 1640335925486 1640335928348 2862
11775c1a250b10648926ce8315c7a5f12ed5f2778cd1317f3d1755fae8d5ed7d 1640335950772 1640335954097 3325
f1663a058873346d2e7c6e95acbae587eb532dd6dcd2f6cffd91ae92a36a1db8 1640335976650 1640335980270 3620
b085532af04d6b0c168f9a6dc774d2a1def66586b231f913802ed8734ddc0ba9 1640336002800 1640336004299 1499
70515277ea98a9ffe0983d2de1a724d6d9a0c50bf9b46fe63aefe9cf96a3acf6 1640336028720 1640336031994 3274
88025ed1dcd9df5bc31383e37fc5ec9d7e1518b61b9c34622e94e025b23b25fa 1640336054376 1640336056766 2390
57a5a18afffb12f9860a0e1aae59f9b485cc23b0a7bcd7938fd7486a04b48d08 1640336080369 1640336083913 3544
6d8f8772cfffae3ecf91aa24404b039a2020c68b333e2f8345cd30e5b1ee714c 1640336106913 1640336112811 5898
cedfe9eca0686e7e5de9c769572e1ec654ae5263aaba6a15528ac4bb9a333deb 1640336133120 1640336136059 2939
4e375c0587ecd5c5387bb1ba3f8fb0a9d73a7d83491c2be8be7bb80b74225698 1640336159120 1640336164324 5204
2ffcf65b6b6e8fdbababe70c58b4053f2ecd845770e040b7627cccc7fb971a0e 1640336184323 1640336187005 2682
ec31da8331f7397306b033fb2ce1a694b6710e11e40353aad4dd6caff0ba93bc 1640336210185 1640336213608 3423
17ea03fee8ab2ccc48382d344e216d76c047dbb266104ff2f9cc05753bb3e280 1640336236127 1640336239118 2991
e4b1a0701381be65b4836a179d58233f215454865a61d7256d42a2e73989b551 1640336262233 1640336268678 6445
0c9c2fd79cc9a772665a5b01d739db672d61fe9ee417e962c50742905ea970da 1640336288478 1640336292017 3539
d9e036a0a6782c067e3e1278b14b65f6ee65106efa4b5c0cd4f34f320e40c062 1640336314954 1640336317343 2389
87799d1fd327c764e13810cfe8ace5d193ddb93a031cd7c97e9c3e5d07eb2152 1640336341134 1640336346265 5131
1d136ed189b47df3b2a9d1e94324551b1543ece40be9064c447c05c3973c77e5 1640336367430 1640336370585 3155
0df26aa0ed08fc5691ab1cf1463c66a0053b648a8c48a2c42056017298d386fb 1640336394189 1640336396849 2660
