5d77caebceaa2f9351afb739068a4ba385388ab24a0e6c454db655f0f4138d21 1652085715069 1652085715723 654
8087612970bf020d13b1ca60d3fb43aedb957524c7a73b1ed91e056f5b4d7d49 1652085722817 1652085723296 479
bf8d5b86b986fe84d8343f2b48aed6bb2a4ad11d4508c582511eff2284914cdc 1652085730431 1652085730894 463
bdde1992256a033c43a50dff8c044597cd2c8f074f59a8bb91f30be9ab91ff49 1652085737824 1652085738276 452
293f36cc94f3b4b6caa9f21e509d96ace69306b3d52e2dfb6616eb47e7c41b3e 1652085745517 1652085745996 479
66251496e511cca65f99b842b23decdaf5a8133733d28f8d34f2a8e4cab434e1 1652085753113 1652085753583 470
6583ebc2c812529ced04878238380a4e8f97ec0efa7c25903cc3b34b290e53a6 1652085760516 1652085760976 460
7e79566239cba267f38bb1ca8c40500937aad45158657c639cf213ea4895c52b 1652085768124 1652085768569 445
6a3c770dd8bec70e976cdef9ea225f9a30ef5fb61eaef9906c30f499d255db9f 1652085775742 1652085776211 469
8d9fac2abd5155900019637a64eff95dada835e2b2de20d698862e69fede3990 1652085783293 1652085783721 428
