7c73b92cae4546556b4d5c25bfe069e4aeee229647396dae3f710b4e52143d35 1652085715061 1652085715720 659
3a87fb40ccd60f877488cfe2d28b775317d61b305dace0cb8e0de4dac03eaf9e 1652085722811 1652085723301 490
6579e4582e1f6617bd5b49762423b020bb53849c131d0f79e8788ad11a03b275 1652085730418 1652085730871 453
a599d5a77f8c4fffed15155f706fe5f22112d96c41627c27b5e9ec774ca77e37 1652085737817 1652085738305 488
0d785da5b9d9124e374263fe9fb5b7751741f092920a6d8b05679106200fd3dd 1652085745510 1652085746000 490
40364adce9ab02103979eb28f539e5ff223ce5178c80c1f245b81ce72aea24fa 1652085753104 1652085753584 480
71950d1e6d58e5b3decc889b030407a15791427f136c6ee5cc65f93bbd68ab03 1652085760509 1652085760947 438
3e07b52d6537ee4f0dd9b4899358f42984b7a59c002b68e6d58d605c4a3b9448 1652085768117 1652085768556 439
a4c3d1d7cbe896285eea264f3110be8f4f17f2d93ef9e9307b8572d9a52666b9 1652085775735 1652085776211 476
46021b3d2b2b6dd3c2f0ba33b881e2b389bc797c3ec0c759bfadf57918a266a7 1652085783287 1652085783783 496
