d77a165add2207e3e73987b3e88e78886ec911a6f1533e52b30fc33c2cbc2c9e 1652085715058 1652085715669 611
660e1db643b944cf3cec6ebe3bf344a555cf0b665e4861b5f9c93f8d099a3d02 1652085722807 1652085723285 478
3aeaf0c78e173a08ea10ae518f1607942d7b2d60f1aa4de877de87c5f1589867 1652085730415 1652085730877 462
d371dc28e29cdf52bfa37c076c3d7f26b0c939c139a4d87a80aa387edc01d3f5 1652085737815 1652085738306 491
a83b59c19905c574a213f12480c0bed871b72d04c22f025dc52c5e11fa89057e 1652085745508 1652085745978 470
0e30f6fdf17ba439ba9ed997ef18f0b72574fbae7a278df8d1ca096ee25d5647 1652085753101 1652085753576 475
b50425c3997c40811d7acf38eeb05ad6006c33ccca9aab294f6614bbc8f4aea3 1652085760506 1652085760978 472
a4ff163679df9952921340b0272cba1aacbb8130508b5d5182fecaca3191a674 1652085768114 1652085768598 484
43df727d2f09b57dc5ff6f03298468790edc2e18f5efeb78f6af744132e7453d 1652085775732 1652085776213 481
26e304d29e3803ee14359b94ea9854a4f78c99dd2dbb12b978b7dd1e1c057209 1652085783284 1652085783780 496
