8f9a4b44cf8652a34b31533bda68bf6896dc909a0230664c678923119328fcb4 1652085715060 1652085715736 676
9803bb4689c890e4f01100904f7e0da1ff358a0dfec6e019ef42717cb4140fa0 1652085722810 1652085723313 503
b6f4b88263da9f4533574e0e116af1194bd296417e65e447cc9727fdf70d6916 1652085730416 1652085730915 499
5fa7301ce2735d43ff2f5a3a2d6aed4cce030a77bc2a2db00ab16df9b5198bef 1652085737817 1652085738313 496
c219b530dc6c285396e0faadcc76ef6d2443125bce80d5e6b747a09b9c37323e 1652085745510 1652085745951 441
4197f31ab8f3b628060826d3ce8174e4e9d28eb5d69dc2a443496cc41213cbf8 1652085753104 1652085753578 474
a6809e6ebf7b08353e688ee934b5371107c9f3b61d84a1f6daf92010edfc41fb 1652085760509 1652085760978 469
8519c2eb5f342b4fa74998cd19832d5a51134414bc374164d627e84e2ba9acb1 1652085768116 1652085768595 479
601d809dec97754c1ca163d2a6847e1fc8ccc69a6a008dee27c06c97d39bcb30 1652085775735 1652085776216 481
1ec5f97ab63a2a039e0e53600c5035765bdcfcb90e28f0f4cd07e47d1f17f8b2 1652085783286 1652085783784 498
