7d74a909b468ad2587c6d8e3a16bc5c15137056a7285f33925ee4c50e9d2e8d6 1640377329863 1640377400336 70473
7e7c4c94d17e7a261309b295b0e25fce5c65a74e20bf7d135723e070f0176473 1640377487900 1640377569352 81452
b3f1efc5f4170d0f20536545c0acaac6dd3f19207a5f98448a5c9a867b244a26 1640377660337 1640377750905 90568
dde950224090c0c1dcca15a6f4f4970670b8a77fdfdc46c6e2f26f6ad4a7dcad 1640377833460 1640377898199 64739
d120afd5a52e2cb71a761fd088f3ce4c267e220b25fff6aabd3fc4ecd74985c9 1640378008379 1640378023256 14877
ab88ef96c518b8f5b514ad78f1bae1b448ee936f1bcfedcf2c3d46550678533d 1640378183750 1640378281929 98179
76191de8d6538236eb1d969ce093e085e4a0ecb4e55ff3e209190b1106865b32 1640378357278 1640378434210 76932
f4f3df2c760208394781a41550f1afdb3fcb44aecd5777d0522b179eeefbd937 1640378532857 1640378635951 103094
f9288066fdb072b8c23b290284760f82a24cb6c02e9cc891b2074efbad747fde 1640378708540 1640378800602 92062
e1e646409c0822a186323ffebed0d3e2aebae5bdf3fbec2ee8c947af10053a7d 1640378881168 1640378961185 80017
c0651865008c68d42cf0b6b3b0103f3c49feff4919041b5fdee89e788583ac19 1640379056611 1640379118562 61951
fbd7a893e19a86a2afd205681e2642c8424b21093f4ae4edd14775ef7e7c0f6e 1640379230708 1640379288115 57407
0a8eaff48a47517535415f434fe5ccc2198e4894abd52e32f64b607feed7796c 1640379404391 1640379512342 107951
af38a07619dc0b4ca8e02963c3049eb65fada0cd48b4131d0ebe21619de9935f 1640379578572 1640379670908 92336
c7070a2bbc1876ec36c1eae9899dcb86bee29e2bd79fc5866a4a672b9ccbcd01 1640379751423 1640379826684 75261
fc082a15d09c36636d2037212b53cddc8a971a1c59b4abb54a9823dfc38c5605 1640379924589 1640380006305 81716
81112093c1b96458971bff94b6031a8e6ce5ade9ad5bd4ab6d054b84080e49ec 1640380098189 1640380176764 78575
87f336b36010f8dc2452338fa7282d092467b490975ae2e2cf5ad8e12eef3b09 1640380272644 1640380355620 82976
8553b8356cec23266927959f16d8c0afa6659d4d648af4a1423f49b2fdc69a01 1640380446953 1640380522201 75248
4ed21cb6a820f5e8587b606ca01778727eec4b22ddcfbae43d204792b9ce16f8 1640380620263 1640380689628 69365
