07337b3edc829c06f949f98e12d0b786e793d8c31970ef5e186d7e18244fd28b 1640377329855 1640377347314 17459
ae2b41652fb8f4bdc737ba5226185bc88065ca1353fc822b0d8f5eb43bc5ec75 1640377487891 1640377519969 32078
6d028b504d80feb88d1ea59bf4d6c32a12052cfb5bf6b9d9b1c0f09d74cb4ea7 1640377660329 1640377688021 27692
7a4bd5bb48d51625316cf1967ee401b29d546ea95f55b873c30f95150d466e48 1640377833452 1640377875838 42386
1c93acb148619ef5993d8d9024f96f2fa73683ccaaa6d2b90d0f43dce03577b4 1640378008370 1640378024693 16323
84b944d44670fe57ff04f875aeb8e4efaa8dc86cf8e74b0380e409721d7d7650 1640378183736 1640378223082 39346
592018f38149bb695d390b56b3b8b7148590bd49288da56edc05b4dfe9130a8d 1640378357269 1640378398281 41012
d880174f59ac95cd290b55e2bc0b30a652932d0d71d87d05deea4420b1e73393 1640378532839 1640378569482 36643
87696cd5ad9e96e697f5828cf08d0a71abebd27535d494484774382d695c490d 1640378708527 1640378724670 16143
320b0d37a55a171239ca0a8de2fd600876584cb043a6f9c267ac2605f7b290d5 1640378881160 1640378898907 17747
15c677ae75805de55e50de6abdae81e48db5414894471269f2de7cc333ed23c1 1640379056603 1640379081593 24990
961c514d6e6e8c2751af593a7715dfa10e615ed751ca79b879fd584c0e8ad155 1640379230700 1640379245570 14870
9aa2839405001dfc7d8b9c6c1e427a5bbcdf2e277ac1335241116ce1781cc64d 1640379404382 1640379418842 14460
9730b26b8ae98c71fd5978ee27b6673673554d28d3beada2bab0a78bec58398e 1640379578565 1640379596020 17455
efdb0dfabf6bbeb434f9f8108f8c5c3f77d9248da4a9a123e0e016d3bde64017 1640379751414 1640379771939 20525
22dd936894573fd24b97bc815107ecfc5c5ef24fcc324cf9681c0020172d101f 1640379924580 1640379942373 17793
06c95f9dda108e13099272954fc1bb92cf2b46d2ad2d13a6280ca2822e38061d 1640380098179 1640380101460 3281
322d2780ab6ec2c618fb42dd9ec11cf83b8fcfc983888fd09bc185d63b9d38dc 1640380272635 1640380297720 25085
9c0574fc8bf976f422ca21c5373a6dcd6864684b9d107336bc070f6faef9844b 1640380446945 1640380471862 24917
9c4abc94452992267566568239432a505464a8c7cb21a8aa086939981dcd3d61 1640380620254 1640380646621 26367
