d6506233ffdc61deaaf7719aab235995fa2aee35423f4c79b87a6dbc4fbe7686 1640665257780 1640665270369 12589
4dc1a6a43cf9c00d8d151385e834125cb739548ddaddbc1cf455e7ceb8a5cfe7 1640665317464 1640665328138 10674
80ae6106d3bab77a2a0b5bc1b1fc3b6264ce4450571bc3a4fe5126d06b0b757a 1640665377334 1640665394335 17001
aac54fe99b533f3e1b54804c9a2c009a74efe0024a41db29f5f6b3f9e9016208 1640665439290 1640665448503 9213
eec79c6952fc3ec2c2bf0e31f43eeb4651071275223b629cd12c9c50a2b95070 1640665500668 1640665509157 8489
2c5e3dd1099a938d84be9d1d90e638960bd07c228c99cb6922d4584ad71f6cfc 1640665560897 1640665566400 5503
364c274ad76eacbf457129c7e22baa6ba74fa9e4642687959cda3963731e7ec2 1640665620901 1640665634197 13296
c18d848653069c48fa400c2596e40c3332a445a6f7a15675d4a7e795e5db0799 1640665680606 1640665685796 5190
5a6ff1d92056a7144f3d1a198fc435d413258d93fe0084a0fd088439928c4686 1640665739871 1640665755971 16100
3966a29029845e3ea0bf78dabe88ef02d6964c1b23b7ec9326f88ac876dbb5af 1640665800847 1640665811233 10386
bb97bf9c803aec8879c2cd9e327f353be46d5ad62e6383a4b892f005f65d7067 1640665862440 1640665878003 15563
24eb784ffc53b2fb31249d315ee9be65240b65a8615800c312445655ad859539 1640665922756 1640665939487 16731
3aa2dd95c700a0e161538d7aad154fa4008e5f13fd6b4f9359b43d4f22c9b2a4 1640665984047 1640665995317 11270
7d00d27df507a9bbdc6c692a044500af93c4ae733e8cd55891ae4706ac73a8ba 1640666043188 1640666052625 9437
380f89b03c32dc40467a90e35d5c0dc8206063668ce740b5d816d1bbbdc56fa2 1640666102524 1640666112265 9741
11dc790292915ee8839a334203614f33367fcde81fc92e550b223a7ff7981901 1640666164461 1640666179650 15189
c74c70c851814be6a9aa4586deb6b21d38a00b6294b242f4e01bb0a11dfb2f4b 1640666224703 1640666238896 14193
47482aa130505aa631055990714f7311f8c5dee321efad4433a9656291d84d5e 1640666284914 1640666295816 10902
c2e4c3acec46975550e2921c57a84b58392d71b5b0e261ad57f3d2903356e568 1640666346151 1640666358345 12194
075c627b23de17f2a18bc3d830e91ae356f24ab9c353fc7ad4c1c1cb29eea2b7 1640666405528 1640666420680 15152
