82e0cab084c0baed03d310d57182c10ff022af58f055b9ac52d586feffe8e3d4 1640665257797 1640665272657 14860
1e0ae1abf214448057a6dd236198f828d3ef87dc1b324e2bd2fb73af221d3ce8 1640665317487 1640665332323 14836
c0abc2334f6f9c80911925955be759c763ad887875391dd4fda526a9938ae9b5 1640665377354 1640665391337 13983
185f481588c48471af839a38c4a2ff9e4c48fc4020ab8dd85eb200405b722d15 1640665439314 1640665455538 16224
36b1d4902187d0547b64219925e693bdf1d9292df4c39a97f4f07f17d0d0a6c4 1640665500697 1640665515096 14399
41fbdf72e8e93c56aba8a527174b1b09d7c975fd853ef7ead23c13ce429ec210 1640665560918 1640665576337 15419
ce583492722c50f3f1115e43aa6e0f29ebd038f009322e21679087664bc24ba2 1640665620923 1640665630685 9762
0d84379d27240b3488375e3baba88a507b97011195d1f9901e66f4efdffbeedd 1640665680628 1640665689978 9350
63318f381a499d186f32a63f0268a486ee560ea23ebe813cd6b8721dbe12b801 1640665739896 1640665755917 16021
df399609b81c8febf90c36d8084992b67a865e511be6d7737ed546cf28c63b94 1640665800871 1640665813236 12365
3fe1a7479fe1e2863d2eb926058ffe1e116ec619dba79bc230f41a7e8fbd449a 1640665862463 1640665870183 7720
4a638667137cee0df6b58ec882e5e1194b25dbc227d71f0bd6f1e5fe1ca4ffe6 1640665922783 1640665939472 16689
8cc21f7eae8965253bce227186d72f72dfafec3ec7ce80b28e4eb48a0d8a0341 1640665984074 1640665995526 11452
02e11549525a0e5a92d2fc66d171eb1eecf2871646fbdfec7f14ced39e76406e 1640666043214 1640666057763 14549
2f2cc44849442d49c38abcd37d93155a3e79a7ecd00dbbc952da4c4c1bce9918 1640666102553 1640666119174 16621
b1fb8e9782c797fc500cee48fb4e01f1e96e7641fa111cfcec52fdc950a8fa48 1640666164488 1640666178218 13730
91c7451c33e0db9c8591e7d519d98b1c25c7dbc15b6463e1b3f7e547992ffaca 1640666224732 1640666238916 14184
0babe7d4a901c548adb5572d5f76685b847155af65687443012ab44f3169b363 1640666284939 1640666295816 10877
ebb59ee098b96127aa9fc306835d3f42d940192d5cd3c76b378697e8f9f61f70 1640666346180 1640666359705 13525
a8c0e2d76f6550efd923dff3511f33d511e9a665050fb2746c670124cf9ab13e 1640666405556 1640666415198 9642
