848675c8713f3aa5d60acf69b01d3f672eb7fc6584ce128683d394ad6acac0be 1640665257770 1640665263383 5613
af3d2e1c0fc962283bded2b5eef57f77d63aa1c863b6271bb240baf07cd95523 1640665317456 1640665325068 7612
a4acc6e66c1039c8ee8b4b9e45e37a5976bd4e2dbbae6903f88eb8f3461085df 1640665377325 1640665384948 7623
85472b979234c9a62a8736fcf8a3274c45cd356215964723f41c8e363cb595b7 1640665439280 1640665449170 9890
8e2b01816e92d14e2c5ea792ba07520585fd95a12992530223c15a207f764aff 1640665500659 1640665509033 8374
084bbe4bddd835726f218bde95fdc5ae80b216bf7c23d5dbb4b4f0b788bbd300 1640665560887 1640665570791 9904
dc920983d9e7729525a4550453a956c63bfa74330a5b1c9c9c4972d7d286bf30 1640665620891 1640665632360 11469
a8e3083e95f765a04fb74db1313b157be7b76ea60fd063cdfe0140fd732e39d4 1640665680595 1640665686667 6072
abe3fde2abd9b9a60fd026cfa115a76c6778ac72304db0f30759c89463d84e59 1640665739862 1640665747912 8050
83e411a526e260e7c8dc8cbf0afacaa7ee5aa38b8f7d6d8acc45446a0cd15198 1640665800838 1640665810024 9186
22fee083c3acfdd3f5e5333e6f6f6af09282201e024e19ae77529c844150239b 1640665862430 1640665869992 7562
fdf8ee805cc7cefe7a28c2e00d36e754f455da146ac4c498c2939b0c1e82d453 1640665922746 1640665939465 16719
3c35e779bc5f96df54b24ea2f3bd0f315040705083a70ff8a741563800a14c51 1640665984036 1640665997237 13201
c2d395f23fec9e4c58fadca26496934528c22cbebaf170990a011124f8ebbef2 1640666043175 1640666048844 5669
07887c4cb4460415a40b7d04619ba9a58f5255dd1e8f1c141def41f2f42e428b 1640666102512 1640666108788 6276
ce3d4d5ebc66757dec2db5f6541b0fc28c859ceca56147416a27a9cdf8f3865f 1640666164451 1640666167969 3518
a80fae7656e3000b3f4e49e24d0dd55e36c83b8cf59f2647137b766247cd0a40 1640666224692 1640666229590 4898
9d1e8b00b5ca45a59abb417f0dadef8b3fe0d91695835b59c1d94128b3b51b27 1640666284896 1640666297340 12444
f6eda9774b9dabb2845af2184e92b2f25e42c4e375651ddf8e189b4d9e2ba87e 1640666346138 1640666354656 8518
46ebd818fdbf56d50249a04155247b46f301e9e50cba03c8d10e949c65a80a7b 1640666405518 1640666418147 12629
