c934250518c3e3da5dd45a1feaef8a58f3461250ef4e47195198af56ea1095be 1640665257771 1640665270184 12413
5629a0a35f6ed07b21dddbfbf643a4b1395bf5f9b5d3870a9335bf916fdedb6a 1640665317457 1640665324801 7344
bc07fc82a71bb3f385e5687c22a7538fb2ce29ea2c2171af0fe8ab8737dd3dcf 1640665377326 1640665385344 8018
f10edf911b68fe8a46bf03579af0aa6d2bb5778b839132dacb0617dc2fb8882a 1640665439281 1640665447999 8718
20f0824d722bb26e6c39c5271c98118621179ba9660c76d06045ec376b906e42 1640665500660 1640665509105 8445
87a2f569164e7fcbc6ebd78e11bf1083955b21366105b8961931b92258772b31 1640665560887 1640665569577 8690
b7b790d01734c4d1e2510481b4c98bdee71dc2414f340458b0a79d64aa3f9df3 1640665620892 1640665635923 15031
5a503f4a021083a285a5842be5074a5662bc90fab58ea0c0601420829d51f817 1640665680595 1640665690433 9838
3bd0e1b79dfa7d5e2c346c505c35d4db7c9796545182d62bbc37a5864b59fbf1 1640665739862 1640665746272 6410
12022a37d9a177c84ca293ee8a1a1986818d3634f41e2474370bb84676fd8d07 1640665800839 1640665807009 6170
8ee2ade0ebfe70a9aa3e193df5fd1f9ac5a07049c11a39f2f143577288a4bdc6 1640665862430 1640665877199 14769
172a0b25c684570ac8e2f13483cb633f7c065bd2abd5645d5d4b2f154210296b 1640665922747 1640665937516 14769
c5702f220b8df5ae682279cccc82c65d285421ae367747beb6444aada0432ac4 1640665984037 1640665997712 13675
520dfffd86b6528a1680d031f85bd726d3c3c181e57f643f130c2b8c43c8700a 1640666043177 1640666051797 8620
9b2db4004e105dbf8d1ddd8bcce0c75be53ceeab2fe9b0af82a8bbf546f246d8 1640666102513 1640666106813 4300
b02e910376fbcf111022f230052ef06b83589c591fcbcda18cb63d855946093f 1640666164450 1640666171663 7213
46c616c010962f090fba5dc6fd1d639ac9902a3ce5b2c75f1b80463327ce3261 1640666224693 1640666236244 11551
a5bbc5988e914f9291c645ebefb12a78d5449f97a0e380b548592fb1fa49d59e 1640666284898 1640666291817 6919
f94a86fc5e1ec6c267f208192d6839fe74fc3b8dacd06d16a4198dbafe83cce1 1640666346140 1640666354607 8467
3c102ac38c816f09acf65cb5869e41b3b3f74f0317c6df45dae970b8ced66bf4 1640666405519 1640666411533 6014
