4ed8173d4c926f93bd65695014b657e9aed66237d0cc931d622e170e9d6d6e7c 1640665257796 1640665271607 13811
13cefddd2ee55f80831f31e154e4902bdce3975579ad59bab40daa9a01bff7c0 1640665317489 1640665332491 15002
b654caf3e7692027410ece2aa7b2b0a8a38549915667129d67a83ab3e6c52f6e 1640665377354 1640665385521 8167
9afb63a5dd9493c7401dd5cac86fe2b925700d61f67ae93a3791eaa5fbcdc822 1640665439315 1640665455975 16660
1b59ea7e2a3f83357dd7bb340f1cab9582ba246fd1d22022f31f36dcf09bdeb5 1640665500697 1640665515120 14423
e5d17d9e570d0952851b10ad60872105d5e8a3d65f271ddd1ca36131597e3f3a 1640665560920 1640665574806 13886
ff78acfe5bbb51ec775b0ff57e2ac766864d736f291c0ac034675225b90e4c95 1640665620924 1640665634784 13860
9108e61edcc2c7b9db5bce2465a24a43e0767fcab205d53fb7f12ff8d9f3efee 1640665680630 1640665694394 13764
8fbea629c4b8b51aa572a687336be45600f2c162e99039349547bba22646d8e3 1640665739898 1640665756350 16452
ebb9ede539e805409e4ce599a712079467145dbf84da9b341cb8e979368f8b31 1640665800867 1640665817229 16362
cfeb35e195f627ba7669d5510341855f41090f83aa447dcccc9aa9e60fb41324 1640665862463 1640665878638 16175
95c68a62037b312f4a6a676108a17363f21d53768788b1b1ed90e94b35ed03c7 1640665922783 1640665938460 15677
dc76fb2bdd39c2e53408302e0fb2ab7028dc3320d85b527d8f19e1e29558a458 1640665984074 1640665995718 11644
7ed06068257bda91c18b10eb1630172df7a537259f74eced1662a023233a9bd2 1640666043214 1640666053419 10205
bc3a2ddd9f042cd6bba08029c619e7317635d35ae6252e240c3d9a8d58f31b25 1640666102553 1640666118437 15884
e640af7290daf7d7da8da276be70a326d683e57bf7558a72d269740b17e49b8b 1640666164488 1640666179641 15153
7d2d9a189202e229dd5a63f0b8f345a740a7b095e8e7e82ccf765e34f6db2845 1640666224734 1640666238932 14198
f3854b37003ef5e9486536b1bc29f4eb21996c3e4b6397a58ea2710d928be616 1640666284941 1640666295802 10861
e1b4e08aeb5ab511bb6a1727000da8597b64a7ce800b300ebcb1584067ba8181 1640666346181 1640666359853 13672
7a534010c1a9024830c02e513ca123df6a5347da43dac223489609e5d14b24b1 1640666405557 1640666418225 12668
