61ba985bd46f169a6effb37abbb6f6d933b5dda054656780fc7a115eed93904b 1640665257788 1640665266476 8688
8b9d384a7e69f7af839d8a042be45b7ee94060f518329328c05ba6482823157e 1640665317475 1640665332491 15016
e1744bddfe95562ce1cf642d96cb1f54c8269223105c382d8231b5a1a7dc5cb0 1640665377344 1640665390776 13432
a9909a2af2d20d4eb2e3258581fce928120735b1a43b69174804b93cc281b431 1640665439302 1640665452109 12807
8e081e5ea9e8716cbe5718087c354ce2b9a427626d2589c1d33a1b3778d17124 1640665500683 1640665509022 8339
b4ecbb2690e55c5bdb6fdb8d93da5e38592856cdd8ac84e209399e246ec5e357 1640665560907 1640665566379 5472
b7f2ffa4714315b8080b7be96a2f3a1922cbf55f11634d648dfccfabfc33c742 1640665620913 1640665627063 6150
378840b7021d8be48779ad7842e1122add07c11d4d0cf81392feb3ac666125b1 1640665680618 1640665693983 13365
735d3d85f8b78248ebcdc0fce033764fcb094814888a1dc42d7ab0959721c3fb 1640665739887 1640665752366 12479
2843479624e1329ac454f68b89e0498fa0ee05b91cca342db7e249f9657ad5db 1640665800858 1640665806455 5597
1fd6b25cb7623609d9a4d630ff3cc0053841c84c7c622a35c9def651984cebb0 1640665862451 1640665874650 12199
f63fb91e0974170cf9b56a43f0a2f4499ef061c5ef2adcf8e1b76be787e1fed2 1640665922771 1640665939291 16520
9c31a2807822fd694d9ac321fc470e082873c5ffa73af6b0c7f1686946f3514c 1640665984061 1640665993308 9247
8bcb43fedba1dbef8aecb1ce35e91cb001b5ca9de9975a1ef2c4051f79730be3 1640666043199 1640666055973 12774
85913a9671a3b74bf1aeacf273622965d4e504c1903ba1f660eca87b268555f5 1640666102539 1640666119178 16639
9caeb3317740794d3c0a913b5e30efab8270060412561d48ec11c857c3e90ca1 1640666164474 1640666179626 15152
2fc93af37f99d0e0fe1df8484b07b00408e0c8a2b70ad4ce1f4e8b64785f32dd 1640666224719 1640666238898 14179
2a3c61bd14f525d88dc09dce044e2c25de4b1e0f51da28112d075b70b4796ea9 1640666284928 1640666300682 15754
a0551bfb9266150a003631d7c754cac6a9f3d8f643c49da9dcfbdbbc443ae047 1640666346166 1640666359114 12948
7ab6922da2365d3150c497dbac5f3c424d7f63c9068618270e4490c65cb930ba 1640666405543 1640666414841 9298
