dbee6d6e10287199b3ba7194357767d5efe86c36a4a01d395eae11a407b31026 1640665257791 1640665269965 12174
d58ed280d1f8a5ac99a4a9cf7b83a422d7b1a47f7b7833d1ca93835b98d35118 1640665317487 1640665330896 13409
508d46ce4c6190fbf792d93c28443c588e3c8307377e8c82cb8e6ca5cacebd6c 1640665377347 1640665392216 14869
462893dc7b5ac5c19ba1ae8cefef37fe17c321cca45dd2a7a14403c9dc86d62d 1640665439306 1640665455975 16669
4fd3dcc4cc0c07f4bb63498803e2a1ffa57cce76da9f0510b2f10f6caa4f5def 1640665500694 1640665514547 13853
c537b722c9ccc03646adbc6fb238d7bf97373571b8312ef66264d96aca4fc5a6 1640665560912 1640665574885 13973
167102c7bd3b42a2210fd4de00cda1e8d55658d44cbf2537c959af3e45fda902 1640665620917 1640665629130 8213
36596e87ab13666899a72b9537999a179f8b5f51aea3a3555e82a648c07e613d 1640665680620 1640665689877 9257
f9d9c79519e5d356c4c25e71006f19c219a21e33f329ef98adec5e19e660703c 1640665739888 1640665752824 12936
626a2a0739ce03e0c13a68cef9e6ff9ba6ada1ac72f143c71500dae4857070e1 1640665800861 1640665813448 12587
47a93673752b7e178c9c53c6738e8b48922d3d71eee4269e813e1901022cc696 1640665862455 1640665877273 14818
a966dc130ee764a61cc9f5d7c5c53885e8b16d8ea67717cad9e7ddb78728dec1 1640665922773 1640665936091 13318
57e473f25fef577384fb7ffa2d1019626c083fa7b690b7e38074063ee67fdf1b 1640665984062 1640665995541 11479
486c4c7ce8fe5b6c06ff233db81c478270d4fa0f1573270bb7c16b3384005801 1640666043203 1640666056798 13595
bc0e26e555405607eab61620c73686ce7e7286dc488e690eb2effa4f7141462c 1640666102542 1640666117255 14713
ff9cf0b376a814daaa6b0675bb8bfcbfd23a3f39fc069785268a74989bd833a0 1640666164478 1640666178180 13702
4e1b9a86daf7aeddc5339a18ef91dade3613bd5f62490fecadab69e4b5a009cf 1640666224724 1640666238890 14166
7179559653241fc56931bc4d60c3291a2c2fb1471785fe94b2d663777ec0ec81 1640666284932 1640666301779 16847
96232ffa8d04662f01b1ee94188c1b37775f53b3c5d8fb1dfc8a76e336d03ae4 1640666346170 1640666355296 9126
d239bdeeba59a64dacc83c45df5a8dff1d33eea73a3177dad2e04a4eaef1ee0f 1640666405546 1640666420683 15137
