f9120fe2cc863ac8a0286ad89bce83a12d77f7394fa751de4924762c1cc5dc8b 1640665257763 1640665261265 3502
3abdaaa98827af1e6ad8b4b7ea525eee1ff46028ebd735ec45934423b6dcd49f 1640665317447 1640665321275 3828
f3d83ca9015230bfc2017f0b5f5020cc2a6876333bed908192d79784fb902577 1640665377313 1640665379579 2266
dff09a030d55b6dd9e85de680a96103b90924dd312d389e5c1d61b63dc636fd0 1640665439268 1640665444012 4744
d39ca0e83fc7846850ef4beaa057c4918c0fd26de6c6742d097cf439b07ca4f8 1640665500645 1640665504102 3457
1bbb6ab92014b3e27a978a3f01d8f10a373ea0c99ca677e75c68f312df5ef6d6 1640665560875 1640665565526 4651
bdd9dda3efe18eb15868e11b4d941e7458feb2eb44b44eb955f44cbecafa7c5f 1640665620879 1640665625354 4475
ca8a65c0c4d104fd109da622bda20edeaed567c7094acee32f09624e13183d7e 1640665680581 1640665684894 4313
18e63385d17d754771b80e820d21b7fdd0bdcd9981fbe5ba29b89ce6cc3d3979 1640665739846 1640665743450 3604
bf4a495e7a9bbdf006eeb25b181c995cb323063a2b1651f019c133aa5b25691d 1640665800824 1640665804480 3656
a090f6d046dcdef869e9f231bd56a301314029303dae0e93dfca221c7cd53e32 1640665862415 1640665866329 3914
1de3f697b4f66efb19e9bbe853bdb362f6de3372d83955d7a42369cfa080faef 1640665922733 1640665926431 3698
bdc757315d63608bd3f8d0f7ba95a5df3e12f7338faff4fc9927c2b9c3716072 1640665984018 1640665986760 2742
594c2a0227fdaa0ee9e78251262a4275445f3c54035faee12d735f11a7981186 1640666043162 1640666048619 5457
10a182b9867779f9c4befbc5713412cfff8b9b5742b80fcbd43520aec4c329aa 1640666102498 1640666104779 2281
c590c113ef4dd64c12d391e254a32e29b5556e0ec743439afa32b1be0be1c518 1640666164434 1640666167544 3110
a60cd2f8016c1ba18a14c89e12939d06b6b703cc0d4582eeb08e171ba670b151 1640666224678 1640666229546 4868
443feebd6aacffc8d5018e5eba4eba5f0cfe513e944ad053d252538d2ce1010e 1640666284883 1640666287709 2826
4bcd0e1aaa5ed304e9f065004b5aecbe5fcde084ed4a06a728c42b97a60f03a5 1640666346123 1640666349812 3689
e928c7c50d063981ef0e52858b31ff4f5d0002579913a50b0d89b98e67bda455 1640666405503 1640666408608 3105
