314235475978f414dc1e80400085e3962b89c19d5640b40f611ce787c08e10d1 1640665257796 1640665272665 14869
2508ffef43ad5b1e693897d4c76dbbf80c768e32facee88e49e714b5976056e0 1640665317487 1640665332283 14796
8114aa58259e1eae2511f03020608a721f4caf0a1f0118118761e77ccbc68495 1640665377352 1640665385222 7870
cb98ae7552aa72bf427c6139c0b654222cab464b9282fa00e13dcb32000d6280 1640665439312 1640665455447 16135
eadb3b315308d034aea16ac580f5d329f111b60dbfe327ada7265586861eb17b 1640665500694 1640665515121 14427
04885f18309743334b967904a133164301294ed2f2a02fe84a5798eaa630e4d3 1640665560917 1640665573919 13002
83c7e14720b075a8ea0457391407c13582304f2f298a7c54307d4801918ca9aa 1640665620921 1640665635869 14948
d1f6ac7fdf504b2651702064f8176257ae24402481095338c5ae5af1a359160d 1640665680626 1640665695029 14403
3613953740754f8416d5f16608bae54d50910f32c0bcb910e44d6d3ad9fb1bdd 1640665739894 1640665752129 12235
1be628bdfff6581d183f2c85aea12be766eb6cae41d9dd75a6812a7bd3bd0bc9 1640665800866 1640665817137 16271
4d78716abce2eec695b523ec92742b15208df71fa1246a9488e9db25ed9abf69 1640665862460 1640665874512 12052
a9b252c3225ab1b350ec6e37ec668bef892fb0b6c9f3611d4e501754fedf3e3f 1640665922779 1640665937583 14804
1556885be0b2f4e55e8b857a2c25767f1ca21dd15c20b3f49ee6da7caddba68c 1640665984070 1640665997238 13168
74e8fd9c1f171e2d09f518e6eeaddd80e3a264e8aa335b7bed558560bb1b295d 1640666043214 1640666053606 10392
8a8fc7592deff2f2c37b64d087d42e767144cd4609c02c5f1c3ce1688758487f 1640666102548 1640666116793 14245
5a3383f9c6acf58b26ede22a74568b36b92e76d8b70a437ec4d57cc4940ffda5 1640666164485 1640666175805 11320
379db5b5af772e6cfccb29ea525842cd46b94cdc1ff1db72b5d469116000f712 1640666224729 1640666239566 14837
bd8ce7170e383b48bdd35f94708114686470fa8b7fd30c3ebe9555d859f8fbcd 1640666284937 1640666291796 6859
eb3819298952685dcad06111d6389b32060dbd8ea376604e51a4e5b06e4cddaf 1640666346177 1640666355466 9289
746e4acfac7ac4bc0199f7e9a0d1ac171259cca3c6fc5a3222987bfea63aa591 1640666405553 1640666420719 15166
