a204f8f33733e5f2443dd382fa65f363c218bf9671ae48260868b271f2ed60e7 1640787120894 1640787125014 4120
770d5e4928718bbeb499b8785366f9e5bc82831dd8f90ed2e43bb2fd17bf35fc 1640787159637 1640787163755 4118
eb567bfacc9f741c430e99e61c618ccebcbdcb72e7de04cd982ef41530f18d69 1640787198601 1640787202309 3708
38c7a2d5f85b378376a699aa9b956a994bf207041770151b901ba7ca93ddf1ff 1640787238607 1640787242609 4002
6c3388eed2b189dd7fa1a0035b0bb875f6e9b47f72c08b1f88c0a405d69a6f00 1640787277453 1640787281706 4253
a4f9d323d99fca344ff90cc4e71eedf328f9ccc1dc18da004b767c0cc19acbfc 1640787317335 1640787321479 4144
70b3bfcda06f114957e8713eb4fc3fcb0f83ac6d9de8e6c9b443f1d90df71277 1640787356548 1640787360535 3987
a22ec8c108fa139342d7f0a1d94448ea18061c85bc08f02fd65618dbf0bdb437 1640787395495 1640787399575 4080
43c634714d7e67f3b4f9a8755a7790987bcfb74bf546d417e914e4f5d741fbd7 1640787434937 1640787437412 2475
81016ab9aae191656f5b7a5b06c14bc3643605a654f155a024b9cfe3a0beeece 1640787473782 1640787477229 3447
1f6a0cfa0e975419cdbd900a4b94c131b915ae6c254f28136bff63c932908743 1640787512871 1640787513523 652
38ac2e6d844f5b5f48e68c3d5235fa58414f0cec84b91a46f398ab5f021128d9 1640787552181 1640787555265 3084
6e81b0be66b1c3ccc048eb55e17f1319951b9c1d44652f5e95a4d07f35b3398b 1640787591331 1640787593825 2494
362b7aebf503ef6483c8f790abbdceb60933fe3264f06fe79be4c4a06fa51f5f 1640787630540 1640787634589 4049
9a1a44b3d650e0079ec3c84096cbf1234e5d10b8af3561a532aebe7e6c5fc99e 1640787669599 1640787672183 2584
8243fb8c365a8365cc3acc700970c9e12358e899bb4387006ecc0fd830409fd7 1640787708333 1640787711344 3011
8b1747b8809d419cef9b50970dcde59a7a695123cc1913bef2b1cd8a4eebeca3 1640787747176 1640787750931 3755
1d774f840f72bf5e94947106442bbb8ab11b42c69db11796ab9cab449b50956b 1640787786284 1640787790163 3879
c0c86129345c4abd83afe27f6cbc35c755134ceb41c544e060e389193bdb7146 1640787825129 1640787829316 4187
5dc395ddb17a5863b5615698c876714be66d9276824eba49d4e547ce518361c0 1640787864145 1640787866954 2809
