b563b8e6dea5b06de49751e21854d1d83ee1d309f4350f604ef8c6057754f499 1640787120886 1640787125054 4168
175d029a08a8e2fae1a6e7285725d2cc0c8ad068590e3ec44902313490b4006e 1640787159630 1640787162680 3050
b5338ad994977ff179ea80ceb93c2e31e8cc0c24a6ba5a0e9d194d269fb32e18 1640787198594 1640787201160 2566
91989bd4a307dfb30e2dc2f0236c476e3a40966d8bdd8e8ef2ca02c6ff07381a 1640787238597 1640787239185 588
8e45d25e74f36220a4899f475ace6a93bee6e39755be256f320a2fd31f3e0752 1640787277445 1640787280919 3474
5c293143d9bbb10df381b26af89b5e9e9163de78d6cb799c863e4c679e55e227 1640787317325 1640787317841 516
765d5c2e47cb92678b3ea9a0f2f5c3738089d2318a645ab523a63dec06589650 1640787356538 1640787357112 574
296a2b6e5c3b4797470d904ce14104e976011fb86b60f98d14fe82ff8c26c33b 1640787395483 1640787396016 533
1864240e589d34d5edc379118a81fe60e9f195605be8cece3c3d752f38e117ac 1640787434928 1640787435528 600
753a06039617a560c6690d2e645ab17d9dae9934360d47a81c09983e730905e0 1640787473772 1640787477660 3888
79868ea217436717f6667aa04bfd6bfc6dfda68e8db90075d1ac397112ebcdc9 1640787512862 1640787513522 660
d8288816f22e3547401e0d1d7df2c4de7ad1bc6fd7795dbf7ab884cccd1e7f95 1640787552171 1640787552869 698
87b7943611863b2cd7c670d7f1faff414c8cca98094c8c3bf873e7e700039bf8 1640787591321 1640787593793 2472
cbaf16a813f2536ebd6d72ebb030086695fac4783a59fbac3ba818d453dc7912 1640787630529 1640787631107 578
dc85b767fb62e9caeec5e67bfadb306aa383b3e24138062307b2e4f0d9be87f7 1640787669584 1640787671997 2413
49d468f671365736398033f8649638975e00967960ee4448c3fe729fa4f5d7a7 1640787708323 1640787708948 625
2da3bcb7be79dd063f211301912841f740acfd75f9fbf8768d42dc433fc35b7d 1640787747165 1640787747784 619
6bd0d8a40f254ee847f0ab7f6d596590137742e0ff053f96378197ff689fcb98 1640787786271 1640787786718 447
0e4457a6f7c85365bbc82e611a12564c6b35eb2928a1f64372cee1af5c3a7a8e 1640787825117 1640787825649 532
c52b63fbd0b77bd7b0fef6cfc3c9a0aa0ecd3351025302e9383f7c21d215284d 1640787864131 1640787864645 514
