743d8dca93472ec883cbc63aa4fbb113a3b5d43b1f9da080dae897003f07d94b 1640787120958 1640787125039 4081
13f010b70ccf4000956e5dc0a176196a7d73ec2ffb900a345a4efc45e1d24c23 1640787159705 1640787163705 4000
c9804d832b63e6d016643cbc5bdaceb956ebe0750136c4a9e822e7df82337f52 1640787198686 1640787201929 3243
b171a9185a139a45dc4b91af7380eea67703590905ad19d85823518456cff1c8 1640787238691 1640787242214 3523
d8dbd79990862cc4c007f05bcbca07971f3368c220e0c88f5eac994b4e9d9bd1 1640787277545 1640787281663 4118
7e3dc6a83bd1f29fb534a8616dc745d14b7e0dc9b97a2dc404619ba7f23f5b46 1640787317425 1640787321401 3976
114a040981ac7db1e407d6704642ba0687218b68f46d93d1bf42a8c69628ea24 1640787356641 1640787360548 3907
1916fad077a6cb1f168a6479ac579152320bd26f461138095ab9b3f637cfd0fc 1640787395613 1640787398974 3361
24f734280766cbf5c05bed1fac01035639513240b70bc798f711d19ca7efa1f7 1640787435041 1640787438719 3678
66997934e4e67c89ca7d6c848dc042c9df81730142670f85e3f396d7f6b7a8c3 1640787473877 1640787477940 4063
d5340d7c1efea50425898254aa2c65a50f0db9ff6e6d7ce38010ea81dff2a443 1640787512993 1640787516753 3760
1d3ede326d0802adcceab23f8b6327db8d8caf6c87b2f177ba2c1bc1d16e236a 1640787552293 1640787556096 3803
092045cd56e94c4e482f9b409d65c0ba1f229dc7c53ea921cff7687eab10992f 1640787591445 1640787595151 3706
8ee747343edc5eaf425c0084084e57b841c61c21e21ba4be01ec60b231d29206 1640787630659 1640787633994 3335
acb16ca618334eb97cb7ae0acb86c4733a4e7bdb3cb3b75479c2a73bf20a0181 1640787669709 1640787672754 3045
7a2de662dcba69b093079c1b168b859ba50e19246b5353387b8801ca2dc00e5e 1640787708432 1640787711862 3430
3499aa9d955709a7988a8b60fcf9480deb63f9780e987960514d819561b7637b 1640787747308 1640787750280 2972
41b92c0f14e25aeaba1375a0e91ee81f088f9ca52e8f8853b64bc4755724c700 1640787786454 1640787790081 3627
f47c1b67f73b8110fa3c8a359129c5b6536cf038115fa3955bd34da338f4a7ba 1640787825280 1640787828291 3011
ce7fd03ec8fa76423a512120e2bb7b1f7ee51ebc8f2fa8b9746308adabb0a244 1640787864291 1640787867931 3640
