e9c6200a82c0271ad3a631c03891ce3c5b169da019d4659c18951620489547d7 1640787120961 1640787124904 3943
782fb15dfd2516014302ab2a9a56066b2af066c74ea15639fe0e620001775213 1640787159723 1640787163514 3791
99fb168f389492293c81e6f1932f64df6cb0698fab1437d0acef1934a2196d04 1640787198690 1640787202093 3403
0f7cd3e68a3ca6ebae558e56ff8fe5a2e81416979b132057e4e67033b1c64eb7 1640787238708 1640787242646 3938
982260cb6516e00706530791a72ab9db9c424f76f590a110c7dd08a753279d5f 1640787277562 1640787280937 3375
1513d4f913db5fb4c588e0322056ced75e39c3d6e47594163fb7a21820ed9ad9 1640787317435 1640787321461 4026
b621e2d07f15cddc579347d3dc84e18325eac5660d0add5eaa55efad60198d43 1640787356659 1640787360447 3788
4f0c03b871035718f8a8f6cf9085509e3851bbc5b04c29827f49b178d32bdf39 1640787395621 1640787399583 3962
0baa415e3b0a0f529d9e4625e47361ec22d0752a3a5c3121312eb6d907b331a0 1640787435060 1640787438641 3581
1996cf36687cc7e19b12d28ab61cd13fed950965fc8dd857808f6adf97d8ed14 1640787473895 1640787476654 2759
b15fb44475da38e65509837a911c792914f926422b94a37249bcacad9e10d559 1640787513009 1640787515955 2946
efe85f4ca80a4dbeab9f81cec03faf04ee56c77a88fe33dd61009cd3b895acfd 1640787552306 1640787556255 3949
730b60fe940a4d250e1e125dc6767eccfa4c09c485fad30cf0498fd2950485d4 1640787591458 1640787594552 3094
6cd307000d70f3b1ab3534af67b269d3835758c956a2df948acd5c36c62590c5 1640787630679 1640787634491 3812
0111537c8ff9bb9a6f8cc695d307397d7bdd5e7e8c3c7d9e49334eb63ed8ed07 1640787669724 1640787673468 3744
fc645ed8fb7b9ad3f7ff43e097c6b1d319474983b30ebef517bf71aca569c596 1640787708448 1640787711468 3020
a3822928d78319068de51ad80b0e7bc6711ee294656998fadbb5ff49dbeb2377 1640787747321 1640787750487 3166
b996076c58be22ae388802cccc0c2d4872e74c463e057df270b4607cfdea4a44 1640787786480 1640787789497 3017
f8e262726f208229fd9ac1204532bd47bbc1ab4c344fededbd0171fdac2f38d8 1640787825303 1640787829318 4015
f0e6e08cca9b5db4f8ecaba4afd188135a67ce7f00dbdac4f17e202ce72d86e8 1640787864303 1640787867055 2752
