2b64adc231c11d95796c97485b25bff3b217ec62fbfd769ea3957fd1986dbd20 1640787120960 1640787124570 3610
bb1e599a14cd36ce9dcb1f453759c8384cad79cc753ecd287e78622ddfbc967b 1640787159714 1640787163709 3995
60fd42e264d1215fad6f5d1d732aa0eb7bc38e4b416a68ef36102233d9ec97f9 1640787198688 1640787201980 3292
9e928607f667a59d8276be2441809d8f649a887445256d4e7b31a77f39fd3d82 1640787238703 1640787242687 3984
1d8c6243cc0d151b85613f528f2fa32d556d40caa664c66522f94c963ee42d77 1640787277558 1640787280696 3138
2fa1d46adeb8cc54d92e7ef6f763acfea8565f1800084cc350480a342c0c73a8 1640787317429 1640787321110 3681
0673577ccdd87981c753f694da73d24698d4658e29976cd26855b9b614ab98eb 1640787356658 1640787360531 3873
f77fdaf94998c48172c1a7f45c1fb9f1fbee557fff838089c020bd060b8f1245 1640787395619 1640787399631 4012
c8e8ce6b978d4a4bec345e5c803a57e7d73a1f4a91c540c9731f64167de3f8b3 1640787435052 1640787438822 3770
a0d91b791c2df1be3d5a034d04331c972648383aeee3f7d579994c122fce1fcb 1640787473892 1640787477992 4100
f56d6d1bdb6a4d626e9a3100df0f2ef71bc6c4c4f4640c8cce4716f03f6ace52 1640787513004 1640787516804 3800
e662649b2d12ed8f82cbc682d8008bc827d10b7aca51bcd0a93befa2e6d28b4c 1640787552298 1640787556189 3891
a9e086f3599e5af8e359d1d43a135d2228393ef105001818a0ef842f3f5ccebb 1640787591449 1640787594065 2616
81c8d343a0a98e618a2a20089f4260574f37eb590f40fe87dc324749ad2c4fa8 1640787630670 1640787634464 3794
a223628cbe193b484aa92679c39df72a5e07c46d7b1f207b7f5318dcbec9a01a 1640787669721 1640787673369 3648
e579eae0959472914acd8a29622006727d8a6f5f9ed29836fd239c9d8a8ed063 1640787708446 1640787712277 3831
d89abc2218d42d37ffb73078e63238f21ff5bb76cb0fe7216f4114b17f238649 1640787747318 1640787751128 3810
7f8ab4b1965beb04859b1d28d0114a30616488230f293fbf05850281c78d6aa0 1640787786471 1640787789959 3488
89bd983244445414b52f82bb42bef6e67b83d1563027dbf86f604c94feeb0b8d 1640787825295 1640787828860 3565
c4254bb4c66350eb698b953cd432df35642ef2b3fbf485b5d078b36e9555e9e4 1640787864300 1640787867283 2983
