e8f5b88ff949301a99aa22f711cac1ca9759e6092c8486ee615f5221f416d94c 1640787120911 1640787124938 4027
9939c76fc38dbd4f020290fe3cb5c9f9dac6f978aabd8e1704851ba755d3fa37 1640787159660 1640787162588 2928
0c291c3f8a9c4d05b0acd39789637654c62d49b90917b89661abb049a46af87c 1640787198625 1640787202620 3995
7ee3227b64d2fac58cbfb8f2c59957fca7c0a6318fd35cf30efa00ad40b53590 1640787238630 1640787241396 2766
47966fe9b64791c42e8d7dbd0af84063efffa57d554e75c94c7a16efc3151448 1640787277478 1640787280848 3370
9966fbfa7508584897fedef1545e3e588e5b6910ebf13c0802af577f3487f6e1 1640787317356 1640787320282 2926
742857b6b58d9ca6add84651c16477f6a59de951ddbdd3cf12586bec4ab7a4a9 1640787356582 1640787360406 3824
9bb94ce284776e52dca50041de600848b2f431ad3dc3fc2a29f1b1e206468c7a 1640787395521 1640787399632 4111
1b2bd3346dae7e0e8a78524e168dd4a4678afbccf9829fa833efa15b2bad026a 1640787434971 1640787437680 2709
2d25bf89db9ebc835c915759ca73d67aca5345ea21764deb05e235882feb4e19 1640787473814 1640787477299 3485
21e7f44cb6d3871c9615c8736adea006ea4e3a12676a285631332b95c4609714 1640787512911 1640787515953 3042
a64890572d59d59e2de4624b7ac3a1c4c823d94a7260412dea2f2e93143ae79c 1640787552213 1640787556270 4057
8edd3d5c0350e13ca09c3458bf13c44514a678fe7ecb7cba8930a31061068efa 1640787591365 1640787594702 3337
e6b3d961e72288647c77e076aed1be200325c845f60dee3601ba78e839322672 1640787630575 1640787634475 3900
7e68ecf081644fa78679f8baa93e1a8a6b92495992608aec2a84d4740aa2436d 1640787669633 1640787672317 2684
8686664d109af9a95106faaf608f9ff5f7731fec8ceda0fb84f2e34221a2d164 1640787708367 1640787712313 3946
0e6647e91c02d33dffe05428c99d409210c38a8ad5da92c878721dec453f3d3f 1640787747217 1640787750994 3777
49eebead0a5436657382482a6e3a1b3086ca3c942587008a139a937ddd0b56d6 1640787786330 1640787789185 2855
9aa0c0edab3000307d7170231ecf86592f64277c03cd7bd56fd9fd5a5d85109c 1640787825165 1640787828847 3682
b4713cd4e4a39064692027347256838518344353790182e9ca6d55257360e068 1640787864185 1640787867221 3036
