55ed98e872ec1d66c446e21247c39089e055152db75b904c04a4169a5fbfd33a 1640787120904 1640787123748 2844
fac48d708ddec11166764480af973913a20266981980e23880e26a0736fd1907 1640787159649 1640787163349 3700
5e40e9051882894054119d5b97feeac4e712156280b1dc1a1a679878b16c9151 1640787198614 1640787202012 3398
fe10750230989e1043074a53481517f11ba9f04fa54336eb0893c38751dac4d4 1640787238618 1640787241912 3294
b509ac1f19b99aa0812e9fd502bd43ee020f4d5a4cd52fe4ebd6db9a98bfd880 1640787277465 1640787281805 4340
78ff131d6c3b11e788ba1c712236777002f28e862a4f4ccf37dc5f8dc4b20ada 1640787317345 1640787321339 3994
34a9aec3c855069e31bc0135983f3ec42a4b3dc997360d550a043e8365fbdcb5 1640787356565 1640787360577 4012
c299c7c8f169849aabf5bdcaacfcf5d2399b415ffaa0c689b039bbefc0b5c906 1640787395507 1640787399633 4126
12d905d0c307c5082f658568c73f50baf879c49f9d0490740156945a950f491c 1640787434952 1640787438795 3843
f50a6dbd1b76670b0a651d272d662b834f544936cc341959699965ec5fb96d03 1640787473801 1640787476989 3188
124d7dbd414b406045e5f243db259508d3f1d9ce7ec34c6ea5d1cc035ba4a6ea 1640787512885 1640787515961 3076
e1e99853094ad542afb2e642be38746f8a560224c0d33f5b51d2b3e34e1ca8d3 1640787552194 1640787556286 4092
70eb1c97fbadf1aee99842738237d7cbdde8924c0e2534e7bb9f3d033c2d328f 1640787591346 1640787594886 3540
ee40d1dd22bf065d029e7b1683dfd083353459ee7dfd12ad2c113b8a8852b6ca 1640787630556 1640787633499 2943
1675d04f53536e373d48e08e4068a7dcbb60041dbd46b279ac46acea93f98f10 1640787669615 1640787673443 3828
0ce92a23abdf7af9291b615ff65334a0c2d1039a179cc878bc1b57da31f5dd1a 1640787708349 1640787712245 3896
e173aef5f4a4c23f5dda32873c1105d27ef77a1f4f71d22076723fe38ede994d 1640787747193 1640787750754 3561
ee6f2bc44a97e9a7ddf6fd55f67f8f4c5988929674cc9d979d33a20527d5a7a7 1640787786308 1640787789465 3157
234d0a93bc31c5b6da9a3675694b5f910d388d813352875340aae42b59b4189f 1640787825147 1640787827955 2808
ecaea66a704f462fb53cceef090fc9f9f68bd8a67d654efa7fe4587443cb5f80 1640787864162 1640787867446 3284
