a15c34db76f7946ff042f8c468e4aa0ca1abb26b8c2f7a3c9ced8cb8cb26d7f8 1640787120928 1640787124895 3967
265941e45000af67e96301db3c62cdaed855709642aba4ccadd23efecaf19c6a 1640787159668 1640787163012 3344
a471f0bee3ace0b5d3cb5b896919ee8fb879f75880ceed2300cc958b6b1cc3b3 1640787198637 1640787202813 4176
e8e0af4c6f428d8ba1363650ce94a631377081a949683210a671de5aa8589b8a 1640787238648 1640787242648 4000
66584b8629b34a17da075812ad26a50cdc31a597fbf0c47e873a6f1b34f186bb 1640787277490 1640787280587 3097
ae336567ca5de390e7ac10733c0a3c0b210c914de79a337a9e12a71a4f04cb28 1640787317369 1640787320713 3344
5c8a9d4005a5f74a8327755e948cbaba56d7a8f1c27c38852d42793bf57004aa 1640787356596 1640787360178 3582
a2e7db567c79de16c1268642293664e9194f4dc1814be58d6b888e296e4a050f 1640787395548 1640787399630 4082
28f670f3d31b29836a9d70026b048b589ff1660cfae844ce1dc7355f48058d30 1640787434993 1640787438395 3402
51492e6c79a7c386191bdee5dd35fff3876f7cb33d8d6f39ec814faa08e1a00c 1640787473827 1640787476859 3032
5bb4e065d82b0d2266ff3fff1afb807c00a0af13503cb84ab60f04f046f012c6 1640787512931 1640787516869 3938
d5dfb6872e1fa1835907762f031c99a42c9470f6b72c67113ed2dde6f5e3e786 1640787552238 1640787555995 3757
610760db4ceeca6a108e021e33612031208d6c7549dfdc4951f3b3a70c94bc2c 1640787591386 1640787595112 3726
9ba6890eacd3287b667a41ca7b3e59868957734c8885c7d95c61ff3ba93f7fb5 1640787630599 1640787633833 3234
e16cd89a4b07a4f89af32851bae44536e007940435ef127dfc3824e34bf74548 1640787669650 1640787673401 3751
19f5d0a795a6056498a002c656a6e5b437f6f656a4aeda5e0a60438db2a17a37 1640787708387 1640787711679 3292
8d7fdbed0132784cd3f1ed3563cd5fe913bf28760477995af19a1fbb4ad83414 1640787747244 1640787750535 3291
d8e7019762da9b48b6211691b8ff896a4866b9f246277c18a965b2fc1adcf8e9 1640787786358 1640787789426 3068
1591d2f7d3e04b9541b89763022a85e8919c6e950726d7a245db45f78a03c415 1640787825193 1640787829310 4117
e6671f0504738916e942d08122f38d642b9ee5b736a79afea6c61542ad2fb92a 1640787864218 1640787867404 3186
