aa21be5c187a62626ca254e589c8c088ce959e819fce14b24f5677d2dfc45213 1640787120947 1640787124902 3955
981691ace1d039eb1aa5da1f8fac5646423f97ea42ce4938dff8f4613f501978 1640787159694 1640787163658 3964
de06daf82d711ecc47cab1138efc2f92445b1bd2b6b40d56365f64e90433aab5 1640787198672 1640787202815 4143
1ba2bcb29c4d775c7ebbdbbac4e6818f5ee9982cbfb456b56600973858528797 1640787238679 1640787242216 3537
ce2254292903b0410269fcab4dd1ee3fec0b1b189d4553fc6c37c63950dae97c 1640787277530 1640787281323 3793
37a11a36cb943876649f87c34d8464621da0deb8def671b67856b88e7a2dcf2c 1640787317402 1640787320890 3488
f039bfd79755ff913f87106b6adb0c6a71f9391adefc234e56fa42030a94d102 1640787356637 1640787359809 3172
f57625399b7dd45586f091b1a4a490db706048d631d06d4afac16c62c26dbd0b 1640787395592 1640787399126 3534
b8ddd3ce97746c1cfe1d68eed72f94909b4709cbbe295c3b81622db9010d422a 1640787435035 1640787438815 3780
ca558792c7bb3b9e73c7ef377c46a09e216c2c4ad0cfa999c5a58aa0883a428a 1640787473860 1640787476923 3063
19a8cccc9521e712079cda70f0c1d1e200e7906199f537eafb83733fa0d834f5 1640787512974 1640787516774 3800
db84130a1f1126b1e6517faa84f04d28012f337f52a37ca4d89d0ae5a655ccaf 1640787552283 1640787555522 3239
99c0494827c6f7b102df197eebc01b0c218c8c76d97c777bcf4cff7ce4aa880d 1640787591433 1640787595330 3897
88bbde8e193c9fa7e162600ef05814a398e7c3b29b183288ef7197aee05e0c79 1640787630649 1640787634600 3951
f25b289a42434ed7884fb1a80a64e12b6c3199d415dc45ef0dde43be8602c413 1640787669696 1640787672884 3188
f5863503c965ccb63cea165ba82ff0504f7d7ed32c4d7d18a97ec532268cc139 1640787708425 1640787711679 3254
a12f9b4b646cfda3d0b313618a38a2e9993966f52ca319b6ada609ec04dc2944 1640787747293 1640787750818 3525
72e867249b2bc3fe38503d59a170c123117e2b6eb739f6efd9e01fa4aab08cc7 1640787786427 1640787790100 3673
52a30b6c01410e2252c9332de17bcd2b6145f3306163e75569003a70bbf6ad26 1640787825251 1640787828863 3612
241a26c548c846993eba6f086686e51f7d6fe435873494187ab4bc87bd5cb951 1640787864260 1640787867728 3468
