15ca8075e14c7cbbab7607859934f8aeebbb55cfcbb92aa30f50938a53cd29d2 1640787120917 1640787125049 4132
c4e4fc5ca4d6164cefa13dcc2cf39cd91910d1225eb373523efd86d122df652e 1640787159665 1640787163634 3969
779e7ad6fef5034c074a62aace9f96bda5fb115d645cfb34b510a247eb294be0 1640787198634 1640787202668 4034
3c55eac9fdcc3253bc689e111a890066e8fd2976f95e83782e5e515148d69fff 1640787238636 1640787242672 4036
40ab7a61dbddfacd0f78682bc5c3b58aaff008d275cc2b06af166142bb20ddf2 1640787277483 1640787281700 4217
0c107b5e995dc4a4ac1e542bb51f5e6bc6dd532829f4191770cab3b5a9154e89 1640787317365 1640787320498 3133
898cdce178222a2c44f57ccd8265ab4031608fe695933bca65e003bceeeb1a68 1640787356592 1640787359858 3266
d4d1eebecf7185ad0d3151a3da48118b7e376ef193fea28e5a99f22947b005d7 1640787395529 1640787399601 4072
f180ca4a99e910df42c32b9e7fdbae777f899b9cdfdce57f6f6488debfb71700 1640787434979 1640787437675 2696
8333a6d8bd2a3ca96b615a9652e1f63fdd5645b723b339ada252513045344d34 1640787473820 1640787478014 4194
a1a8287d494618495eaac6bcbb270e1e22394c3fa09824ba420c28fd7f6a2f4a 1640787512922 1640787515776 2854
0dfb8e92da51ec0971f66c9e76eeb4c6c0243179721fdbc7f97aa403b74bf67e 1640787552226 1640787555264 3038
a7f65b56866cfedf2d798c05a1f355f07e254648478d3a771bcdfd9f6c69d1a2 1640787591375 1640787595329 3954
0ad9538eff8657c266e53500e6fc3b02b82690afa982e340b0cfce2be1d2105c 1640787630584 1640787634559 3975
57c4ed70c9e021b1e8304e480dcc5ccf8f063c97eb34a401bcc6d6b6cbcf8a3e 1640787669640 1640787673369 3729
4519207e5d1d7812a437c61e65bc81ecbba13ee11e2e0909ec91e961622b3d17 1640787708377 1640787712319 3942
e7739005446c8d2a308e38682d625fd39aa8d7f67f28a80d682e5c3c57904c19 1640787747229 1640787751075 3846
3440e589383d929a911b8b1d686d0f49057043b685ce86ea6951ffe4bb692ce8 1640787786342 1640787789397 3055
d4285d2aacd6bbc0b3aa5e7634684f105bb1cba4d7bec422e25856688ad750f2 1640787825179 1640787828789 3610
8e278558ec0df8109ceb9e5fce78375864836a389a02549df60b8a4d870ff698 1640787864200 1640787868160 3960
