27812e853a8d220ebd27166573308384c174b86773e50567bcafac838931ae4d 1640787120899 1640787124569 3670
08ac685a4894bb36b764af6b05170603ffd277f6f3546d34d20cb2a302247bea 1640787159640 1640787162545 2905
7989583f16b1242a00483774504a32946f1080cb2842578328556741f0c8f078 1640787198604 1640787202827 4223
55032667f2f8eabc3a9f6cc74da9e1164c01b53031de194fa5af3c1161357a39 1640787238609 1640787242616 4007
df7e6f487bbdc4a50ac4c7b0db9d59f8a6e78c4ea4cfeccae8b2f7e46174de34 1640787277457 1640787280683 3226
6b3a8327a60142cb7fcdf2e2ce639ce9312790b15135bd64247ef2f7dd843ce5 1640787317338 1640787321470 4132
4b05da6ef0f3e29aebf78850e1d025382747a930f2a8b75347eacc719e9faf81 1640787356553 1640787360396 3843
f22c160b17ab9dfac287ba2d01d7085adda68015c8e0b5e73ccb0072e14d7d77 1640787395498 1640787399629 4131
9e9f0e0a3a73a2c3e6cf413d8487903c247ff1fffb0de7c2549aec1beb9ab7b0 1640787434941 1640787438302 3361
b199fabb900dac4c6c5519834c96b5df3c110ec83854fdb5a57a20c2d52339fd 1640787473791 1640787476972 3181
3c74140e6396186169821c628459338067f0b30df7b7382a780ded2a8b2c7fd8 1640787512875 1640787516828 3953
30fca520642771cd50be16a84ad01f2c3d310430d47ae157c7e92028f9a9d66e 1640787552187 1640787555913 3726
fe4a7197b1d059312e7912ca2c535a0c98aa6cd5f2beb160f941863099d8f3d3 1640787591336 1640787593779 2443
2006a1c0d7393d363e6f4b0ac2082f19c482d746b07c0a926f3d1810392cc769 1640787630545 1640787634598 4053
f94bb60a564176039f706c4dd3eee4c52a67a8798dbb4d84432fdbb12abd8970 1640787669603 1640787673159 3556
54a4400191935ef4badd2170945e55af4d2b5398e96c47dcc8f1dd174f06094c 1640787708337 1640787712034 3697
1fef1e3accb8593b0690ec8a1ad744a489e73bffd32004c7e5ec196a66435594 1640787747181 1640787750950 3769
9309cc3d1df7f0b7d0d032d36670045f458cf406861f4f87d3aa3ddfa1dd7014 1640787786289 1640787790104 3815
8cd53f6684f6987890ada8cf39d59e69b5ad1ecae5899c8807d0954247c75601 1640787825133 1640787829318 4185
996faba3b105b9c37352404fac40593da13a9ab95fdd49650e37309915ac6abd 1640787864150 1640787867175 3025
