b58a1d965abf42a3263f52a147d101bc7ed161979d9dff262e1d1c750042950c 1640787120889 1640787125058 4169
1dcb34bd142935d0d0d49513cd3649ec9004e9918767675d47038774dfcd0092 1640787159632 1640787163656 4024
a39f5f94486e9965b331b63f2689fe312b7ca86009646c53a44edd873e884794 1640787198596 1640787201171 2575
dcad22350c74d36dcea8e81f8c056cbc396ed9c259905fb93989983e9764a3cc 1640787238600 1640787238952 352
7a70c0f40a06d851349ec9163bfe31cd17b4ba98e046b917d1bd3f9c96c93b55 1640787277447 1640787280818 3371
b6202994d3ddd4f76c636adccea3b66362ba27d6187b5f3db57792c1a81dbd09 1640787317327 1640787321111 3784
4875c163d9aed34c85a70bbe94e6b72a3b33b8727cc7fadc24b92bf2fd07385a 1640787356541 1640787357117 576
163998e818d9056161b43281e976622fe6168583b41e18221ad4f9f6ff0a5d86 1640787395487 1640787396084 597
760f42047a5ec11743ec3a23d6d852bce1b3a6330c19954082f6b6565af2125f 1640787434930 1640787435541 611
10342381d4d17b84948a08e705e549e2f81c82246412846d853b0b140581de85 1640787473775 1640787476700 2925
e33b56a926e8e02a968b633e403cb4dabd30a2b90b7e83da34f68b3b4310d5a0 1640787512864 1640787513508 644
446d7dd9a3d722c1fb716db187b00c4575bac29cdad207f0090c48d1bf8b949c 1640787552174 1640787552916 742
0d1221dd7ce1f6d3cad27e14ea7f2ce705e901f133e19a0123129eea23a8ff15 1640787591323 1640787593786 2463
bdbe92afcf4dcf753316aa5ba0cc48b8a72f31ae7043a8376a04d816e8ced9c8 1640787630533 1640787633985 3452
29256b198c3bda5bda63fffe6346120c04ecaaa364da24e64b819871d1fb44fd 1640787669586 1640787672740 3154
d3040a057845b86eb48a27c703e2b7a444d03fef6fd9fc9b42a24f621ae33590 1640787708326 1640787710835 2509
a16fc601c607734dea6ce621de3d2cfbbfe8bca93f8bb44a8175cd5ac2e97723 1640787747169 1640787747798 629
40a0c7bbb30991bcf921b864d1c919b250fc21e226ff095084764589a659a871 1640787786274 1640787788661 2387
1733ecc5c090ee46da468ff96008e64c87cd1e866a6d18689cfc59f101718d31 1640787825121 1640787829318 4197
65579ab8612a25b5b422b92156716b09acfd8175a152a48410ed7f265b676b8c 1640787864135 1640787866538 2403
