825fffc2a64a6f6e76ded2237e446280bb334306191baeea3b09691378fdf6dd 1640787120898 1640787124949 4051
1c1a341f35de15f4f2acc5bbc415ab2af0a8ba234cd1a0f40a08e618b1374fbc 1640787159642 1640787163727 4085
e747c8ca8d1d48305eeb45d519518c91a87f2bcdb7b49c7c800e4bac13811e18 1640787198606 1640787201858 3252
4535e45e986d36a91985ce1c2ee593fcd309753930a3a779c5e8083055263c87 1640787238611 1640787242181 3570
d61f8a7cd99c1978055e5576223297f30ca260835e69a6f3165f042ede848033 1640787277458 1640787281805 4347
e2fc1b6e09f86fbc35266c741c6261c741011d466509826a09876ab2be632ea1 1640787317339 1640787320403 3064
798aafa6fda8a105ebaf013c196ff16befc47f764dd8d628b11d2a4a613b5932 1640787356555 1640787360320 3765
52cc52d346f0e5411cc8c52f7f65c60359881cce187c842756ac977bcf1cead5 1640787395500 1640787399334 3834
aecc10df4134c61d5d64f3b786a7eb8917b3b90ddef78103ac6ebbe0d034e829 1640787434944 1640787438701 3757
f0dae7567a71db2293a017b9a8e8dd5be9125bd2799bc860b81e3a1129094ead 1640787473793 1640787477572 3779
134f679c498b33edd7119c1f167941265918e5b048f314923ee6cfae085c25b2 1640787512877 1640787515928 3051
830c39e8866b2fa84c654d43ee19a4618d9db3a650397f4d90f2d5b630e9fecb 1640787552187 1640787555109 2922
1c346dd3d079ef8af1970a5b1127777920b5befd0b1ac70c12b8e0acf609022c 1640787591339 1640787595020 3681
42ae436a02786bd01684382ae5ccf98d9022a15dadf6f5ac9121b92f034fd75d 1640787630547 1640787634515 3968
1336b1f117d8bf42106a4ad94391c0ba92a669a9e64420a1d12d207f04ecedd3 1640787669606 1640787672742 3136
381ce67c82c7d41f4e9ed36e9cd9e619177e1db8124e41f2c9ebc0359ed282ab 1640787708341 1640787711966 3625
3e6d2029ed7f5f41c913a5a975bcbebeac3bf455e19ea805494a745415237690 1640787747185 1640787750462 3277
90d45b4508c29becb4d318fd1510e48902e46864c226ed824f290d8aa4b4f86d 1640787786293 1640787786726 433
dc4a371224828c16004fa8884322e4ad6a61849368aaab83e4ebd0dfb227bc40 1640787825135 1640787828255 3120
bff363c0f384d13bc823b38707950bb8cb0b80620040a34a19c7a73b80f0e3de 1640787864153 1640787867785 3632
