64fe8fa751102d87872e7bdd208b256b59ee1ed28233b9df53157b297bfb3834 1640787120892 1640787125048 4156
229f83e74d9abeffd3cdbfa94925546a3305d03c3811dd95a2c508bdbfeed913 1640787159635 1640787163755 4120
649aebbcaeaad0fa745b1d37f66280e5d56b6f1b99988ed9ce099ee2d7f4eb0f 1640787198600 1640787202813 4213
c1cbc9c7d53c6f261540c65f7c898853c77c77856f19f82f4009ec1133cbb6dd 1640787238604 1640787241888 3284
c689e932fee9b43bf7e665a300b1b2ff21b68c73b2669c3cee1b2c568a931b02 1640787277451 1640787280699 3248
f6cf2d2b8ea8a98cb95685e5839d455bc71682ec8b4b7f894589554e43c75f61 1640787317332 1640787321438 4106
2c20caba3ebf911d0e8b0011cce54c4ec826a0e7f8882153fd7e649ee353d00a 1640787356548 1640787360282 3734
33a915903423f3acc131f7af8c09350dfba50197780653db15308eeb9c588e4e 1640787395491 1640787398633 3142
c465c2224afad253dd4645f846212e601dbc0ccd6ccbe2813ee88284c82b100c 1640787434935 1640787435642 707
534ab74982c38abda99c91d67da3c66a719ff43d14d1f5a8c26929155216f632 1640787473779 1640787476939 3160
8733b3e3708aa752b53c246ad75ab4a10f7bb7cf22757096127b1784183c350c 1640787512868 1640787513502 634
096d1184d39491614196e3a98e01d51949e9c99ca24ae994813ac50e04d4b220 1640787552179 1640787554766 2587
3c16404d36361a5059ac50c0e5fa2d7222abc2a27b7257fef5c6c45d6e64072d 1640787591327 1640787593795 2468
ac5cf98c290f6690d6d940873b95d5c280618309acd64982517843e599ca9fda 1640787630538 1640787633656 3118
ddba8756895b6266bcc564467ffca637ee1dd042e11951f488e0105ecd306988 1640787669596 1640787673320 3724
9e9249dbd5c0a27c81c3b0a223a4e391c81dcdb585a73a6384cfb44c667e358a 1640787708331 1640787711760 3429
306fb1fecd475886056e43cc3aa1106e2621f0b33ddee22caf738c44b2bfbff3 1640787747173 1640787747770 597
80282525b997616083ecf88f39e5ff66f79bdca353cce92b85522d66252eb271 1640787786280 1640787788660 2380
c32745c3ea41208cf5d98d1a841e3b54620a520307124683189639a5cdb2f3a7 1640787825126 1640787828842 3716
57d436b661f9711668237c4cb3cd7f4699d8ba28cbecc5c3590db756ecac695a 1640787864142 1640787867401 3259
