2502b9e53bb352635070ec6b9b4223bfb8a6157847ffe2fb3382a4cbc3cb9ca6 1640787120881 1640787121168 287
ed87c8db8abf56e09328807279e4229c31e5b04fc4dc3dfb2ac1efb1e0cd45db 1640787159624 1640787159922 298
881b70abc632d43cef7decf4e7afeb5397a8dce269294d287f20d4cdddcea4fc 1640787198588 1640787199039 451
f2768f0c7a256896a296b9e85f36ebc20d447855a47bf12bccacef9562e20753 1640787238590 1640787238912 322
8bc090bb9899c009b7378502699b193ca5cb1af5217f415cfc0f1e8b648cbc22 1640787277437 1640787277657 220
a266051178d53f77c8714a05eaf513a4acf1857a77f53f1a73b9290c79bbb87b 1640787317318 1640787317494 176
912714ead38480435bb7b937be1e718f6b93f380236c2314c69196a9d2d4f610 1640787356531 1640787356756 225
b6d1680a07622053569d6397e2d01eb856b13b880347f79cce99548b327fc501 1640787395476 1640787395783 307
b3cb96dafe6ccd2ce4e520b1971cbf04dc94396a11cc4bf79745476f3069f250 1640787434921 1640787435144 223
a47a6067459b771f2e7871239a8b07944156bb0db8b037c05227ecb4adc98a84 1640787473765 1640787474029 264
a0a30b4891b5baef85535e7d690c09d81074225afe30cc3d3d94d74c0882fc4f 1640787512854 1640787513015 161
bca505fd0392c3a2717dc06cf07aa556d5fc631e476ecbed850e91337943306e 1640787552161 1640787552917 756
d34cc8740c50c7763d3f98ebb532cb7857c70b911378ab1ed3894e6d0272a11a 1640787591311 1640787591530 219
2c3dc66537107478ef4da78645fe021d9f2e16f0f72bb1d611cfc1a1db842f9d 1640787630521 1640787630893 372
fad0bab43d5da76b18ee6b5a525ad841246d1b4b529f4e8e1b8963f4d0ce1a46 1640787669574 1640787669898 324
9d90434f7f32b5f11701e0fe74ea7f8fb9e8ae7de8e889c344bcdd0d9e1e5dec 1640787708315 1640787708563 248
f898ec743d02778490b7adac0dc6359d1bd770eba1ce22d5bf8c0c94476a43fc 1640787747155 1640787747418 263
6018899a72c981e9bd0fb262315175b34b225a83b8fa81adc9c236b41479e7b5 1640787786262 1640787786502 240
78d69da702cd770a1da751a3917b152b98eb48b0d91f67d8b9be7017a977132a 1640787825108 1640787825374 266
e07392a57245fa74a7063e7ce72923f3149c2703fa1d57161dd326da26037877 1640787864122 1640787864386 264
