9cc732c29f696258877fe6753c3c253ac73557f1e5868f8d07885602d3000976 1640787120914 1640787124654 3740
748e14ee706ce8e64aa729c8da2155f9b66de3f3002e21982ed41203d42319af 1640787159660 1640787163237 3577
be55b10fa6af98ca1a2530572054d5c384612f8ceec2435bac7fe94027ac33de 1640787198627 1640787202201 3574
c7d02b01d355645de04d4bb76bbb60303053904743ceb3b28370d76b00b382d3 1640787238632 1640787242372 3740
4ef3cdc45369fc40657461e38278dbdec83364ec369c76d0ed2d409d5c5cfc02 1640787277479 1640787281804 4325
34973ce6349710ba49439b61fdf146761f1ce784fb9ae7f4b5bcd66abd57c3ce 1640787317358 1640787320753 3395
26e839b6de1c0aba2108548f6120640a1bbd0cd618a67c4caadbebefff9a0657 1640787356587 1640787359621 3034
9bb09d229e6af942750fc7aa06ac147f54c1de97d1905e5686f40c3cac6bc2ad 1640787395525 1640787399582 4057
9b436c0b5f44a479f58fd66b79e8521f6fec5ded6e01b85d1c22d90b128f569a 1640787434976 1640787438725 3749
e513ec43081a3f8f2f73b303a982dfa95506f2f6eef64cdff9bc513bcad50ed4 1640787473817 1640787477973 4156
0bf09f4b4f7a2218b62bb218f80f876977df8339a290a15cea3f5f70c6e7fa27 1640787512914 1640787516805 3891
b8676161a2c0ce742c2f83daa947657d4afd4d88432872f22c128517b9f58d4f 1640787552217 1640787555936 3719
4348a474e7d0ae7c371c7be5b6040b7aebb0c9915fbd70856dd4065df3c2fd79 1640787591368 1640787594675 3307
89e8def3d8811b3e1167b5eebc63bff0e5e8fadd66a0dce874d50f560403cd82 1640787630577 1640787634492 3915
ff6d24966dbac20e5f2f17f3a9d3184a0d8325b59f9e4085bdbe802eedf5cd5e 1640787669637 1640787673320 3683
0235754987bf2dea31d15ae495c7b607b6d254995005700c8a11c532022a4a9f 1640787708372 1640787711635 3263
b4450b3c2ddf0e642af124925edf1ac2c9ecf5471008aaa223e5f57c57c485b2 1640787747224 1640787751039 3815
54c77afc881a660ae00851f0ffef48ed09c6ef8bdfbc91651758e3c06d6d244a 1640787786333 1640787790105 3772
212a54b2d4a3db84946755888ab601ba31909827938bc5863171fd88f73178b1 1640787825171 1640787829322 4151
e28b0b1af9592dd177e067e1d0cf58ff473c11f65506c062fa7b8d49a6d6eb6b 1640787864190 1640787867052 2862
