645419b983a24e7a26fd021dccb0a9f06b4a3229e051b39660262c1ec67830a6 1640787120933 1640787124933 4000
0f6e2a973d9ca2968529c341891e0dd484a975aa2a821035d6312791a0bc82f8 1640787159682 1640787163108 3426
4177c9aa1d797c8290c6ec0782e17de7f9f800228a181cb4cc0e181d43d5c098 1640787198649 1640787201710 3061
002ee2eac1edf5a4b916be22da38349fe61729d0c9fc164c10f95ef7f8619463 1640787238654 1640787242457 3803
f3a4cb22f8e2987712aa4ae7db013d1debf22e7c0b7c3f9f67917cafd002c18f 1640787277500 1640787281665 4165
bba529722294c2933aeac7fff9cedb6fb8c5933a0f7d26ae15ad995a5d1d6f7a 1640787317381 1640787321167 3786
2891023ab454ce63041b9053a8d5fc29c178e355ae7034ae8075eddbd9c0353c 1640787356609 1640787359859 3250
ce2282cf4c53a0f2bbdc0e0473f7060061715ee2e80c078e433ce17f0bc37042 1640787395558 1640787399527 3969
b5788d11decd13a81c916bbbf8ad42006c3a63364a9413660dce340c8b54993b 1640787435006 1640787438686 3680
8b3ba92fd0c59547a65e899ebfad1ec70c907238556cc7bc272da2d2106f03e0 1640787473834 1640787476698 2864
04662bac054cb8a2b1a34e1982a3b29a51f8c300abb3722b4eb670e73d0b7f9b 1640787512951 1640787516537 3586
c64c08fad1bc1c21eeb4f355c93c88e5b212248cbc737beb5e067f154489d83a 1640787552251 1640787556272 4021
e2fe604b1d0ab838148311861a741e51778fd6ff785cc45e1119a336a1741331 1640787591402 1640787595329 3927
4c25b630517969ea4992e1d03265502a77225d11cc34ce8f711821cb62deee94 1640787630612 1640787634606 3994
650a8bdacae51ebe12f818e7b1b307528b33e2a19ef9ed143ddce7ef46d6e662 1640787669666 1640787672304 2638
beb37d0afe25c36db8b2bcedb28e86fcfdceb799612087665f23732cd6f11efd 1640787708403 1640787711343 2940
9ad84a010e211d49832d0b2d8ad43f5d35a1a471b71fbbbc93b5f52906bb97b6 1640787747259 1640787750239 2980
34d36d59ec8f523c52d626d30a6ef0b695e44f9ea625cb369fab6256209ca5d9 1640787786370 1640787790152 3782
f182b955d3a584623ab9f0b722c08d0416d57bbbd6501b2d22d2e238f9401d50 1640787825211 1640787829316 4105
5b0d73aebdf0dc12a126f6275220604ffe571de790d6221b4d54c0210d28b93e 1640787864233 1640787867310 3077
