64f7580a64c3b3ae36580fec07bf4abacb0e831013a8fb5c745f8366cdf04102 1640787120881 1640787121065 184
acfc61fd1555f789469c1fb07aa5d7cbf8233ce472425de0c120e6b59207d8f6 1640787159623 1640787159788 165
3c1f95f3652206cdd6780764918f7b2c8720afc15c8d589ff3396bb4aa226d8d 1640787198587 1640787198761 174
6c0cc5ee34165ed80bafe5b73aa665eff65f4a93fc8cec78015cd3d585ea2fae 1640787238589 1640787238797 208
dc756d6746b987c0e6a016a2dc7e1373e1867f444ea7c479d7bb94f9b7c8b123 1640787277436 1640787277653 217
bf7d224be7d998fd087dba076f1cc5218a8a720c4e2a2d05863f1b6d6b9faf82 1640787317316 1640787317506 190
6dab6fcb48fd103ecc10a338441142e52fb6690b10c780db581691d288b6a2c3 1640787356530 1640787356671 141
a8bb9506a2009abb22d76b43ca9bd1d433a4f877561a9313ef88b86cb59ed89e 1640787395474 1640787395675 201
20516a3cc32166941d3d7b031edfafae486d6fdc5ba2962bf7f98defb4608c9a 1640787434919 1640787435151 232
b541d35779ec0f869c95dc251a6088670b6d1f41534aa91c83e476988ee2d500 1640787473763 1640787473958 195
5ca4cebd4b777c56f75366c452459579ad366ee752e29a5146a6ca9a4d2be993 1640787512852 1640787513016 164
f2dd36dca29cc238fa15e4de99e84cef7941773eb5475d578eba1617e5f2dcfe 1640787552160 1640787552334 174
b1934d4b37c931dcefc468db723c887a42b9e4e2197fb4ddb360c7ae14eb7ca4 1640787591310 1640787591477 167
3ea277c7cc8822650c7663f99d22371db950ce11b3d61b2aa3d6cc80fcd49a11 1640787630520 1640787630788 268
15c2d4f83fad8eaf53c3c0fbe8177d38495b123404e6df2fc54ba0456faf14cf 1640787669572 1640787669721 149
a81d2157e245586d7191176779b78e43510929368a138f201cfd52d8149385b0 1640787708314 1640787708495 181
bf793cf0147644dc40553887e13853c9be64486ccc27a95aa21256d78b266c10 1640787747153 1640787747344 191
bdc104dbd71a3e4ccdabefc8924b060c8bd5fecb85cf7e0d78a2d4aedda45a8a 1640787786261 1640787786411 150
f2a9a6762dca00feeae368999f90fcd0f42205c0b7868fd8aaec4439588af707 1640787825106 1640787825275 169
67378a15cd437d07f8ffdd8212315ae46503f5eca4282382de237fc6853b003b 1640787864120 1640787864286 166
