15c63321b1c15ff150e169a14dbd08a9441cb0b46d12e0d2ce91e2ab2d90a0c6 1640787120898 1640787125030 4132
1c890ae581f1fc65fa2fe6162df151a122dd69c9d078c9a77ba85d6ad702d374 1640787159641 1640787163408 3767
706710507e1daa1089a9fa6b4e8161577fd61f889cd4fa349c2b9fa2363f91e6 1640787198606 1640787202828 4222
38216e734716a7934740795ba120780928476dc4f13019e68863873c8c20f19d 1640787238610 1640787242517 3907
bac985cd7681d98d8bb07dd6e86bcdaf6a84b7045191d9377182338f249bd3fb 1640787277458 1640787281353 3895
a3e0b7deec4705685e90b3806b9c61b19afedc1c42c070c292bdd31c6f6e86ba 1640787317339 1640787320703 3364
dd61da692e0c200d15c081cf34a6be677450db8d9e06d46d47998d7cf480913e 1640787356554 1640787360451 3897
836cc6a45934a3ef2dea921244bf1e02ba4b364c3d79c056a83d1aaff48301d7 1640787395500 1640787399530 4030
3aefdcd1a46819542ebe3a8e4dba1d8afb40434906cd7253c941e9569364cd39 1640787434943 1640787438592 3649
7ce12352b5b47ca08ee15bf0dee4f17afc0726d9281f385d4a5500b84d873fb8 1640787473792 1640787477959 4167
85b4d7e1b3b680b639bbc025560a841bd210b255a1addeb95f196688d427588f 1640787512876 1640787516786 3910
550e50ebcc7661974982576b8c9645456b00adfd117f0a7d74d4d3a51abb3b3d 1640787552187 1640787555138 2951
1bc09418b30fbc15b3270589c7f535ed567d246cf3e1f46eae2cdfecf44e2ba3 1640787591338 1640787593787 2449
33e6e558934501a42710d565633b8292841404366c0b3f95e6dbf0e6bc946b53 1640787630546 1640787633531 2985
c9b7a91a2323e681f2d0cff82cf445a3b03fa156413b12b509056dafbef1818a 1640787669604 1640787672297 2693
e65d31c3dd4a88f3f400362d005ebd46ac25cf8783e8db7f4d9c15467e0845ba 1640787708340 1640787712038 3698
19fa47d6ed0cd1562052f0dbf4f6d2d74cf95fb8ee3e2c15d9b4160dd89c8c1f 1640787747184 1640787750841 3657
6b897096401162beea1f55eb95cde69425ac8cf4c67644b1a708953829e740f1 1640787786292 1640787789134 2842
cd79492543f9900262cc27e9159288b850bed7357740f4395468693b4a084c2b 1640787825135 1640787828793 3658
0e7c2f6a98caf2ec3aa4123dbc071fd721742ef729600078e196e1115235a8e6 1640787864152 1640787867134 2982
