0c28386406e3abce5976c6e5d8606de09c97a97ad16c818e8e3277b2f2e928f5 1640787120958 1640787125033 4075
5a19be3fe3de0645c93e91f4f67f6204d6b10d7903088e73c9a2f57d78021345 1640787159706 1640787163058 3352
dee0ae000ffaee7895b9dffda539ba6e7f2bcd1714f7d20bf6e0d1b2cf306534 1640787198678 1640787202637 3959
26314603f46dd3a16a99261d267468cc534849be8aac1c703bc866cdf3cbb48f 1640787238688 1640787242609 3921
ecc602fba644f8fb40084ff3a877b7e40fb8af5aaba37f4acf6ad8d0744328a4 1640787277545 1640787281506 3961
3e99149b1cf666e1752272c297d31fa1a552e174cf7c2033199bb16a1baa0121 1640787317414 1640787321450 4036
779076c61cfb98878cb0991dafa1c460415a8daf9bc14ccbbf67b85f84d718f2 1640787356640 1640787360407 3767
a138f886d948ac01c5dd2046725eba660380f2b316268c04aea8e0a8514c4a8f 1640787395608 1640787399528 3920
7768a7554f32b9fdfaa4ba8af8b530f2609a08d6c0113a083ffab7ffcc4f0ff9 1640787435041 1640787438331 3290
b01e28f02943a93ef7633079c8ba3162580eead242e3665cc0a475c88946d63a 1640787473873 1640787477950 4077
3719124cbd127e6b6ed9e51448207d72ee9f11a43d67c418c3ecaf5fdb98cb03 1640787512991 1640787516704 3713
d23e68e4357435b4c7f4dda33ae6f3c9b6d2d096d926cfc32a07e69e361021b5 1640787552293 1640787556013 3720
af120a31ce705805863c1266bb76f0110c5f19fb5c1976949212f397bf885ca1 1640787591442 1640787594560 3118
bb4deb5f62a4b8c34ad6c6e453fa06fe8f52ab719a99890eb6ae6ffb42ab7447 1640787630656 1640787634529 3873
94978d837d13c048a758e8c425fe533e0ca3251dbb24781fca548d46fe25070e 1640787669707 1640787673326 3619
286565f3e4b65c92f0fddf99665378b9e28af4eb1c282e7bce62336a813e56ba 1640787708431 1640787712292 3861
811cf67db7a45648baca2ab04adcb4a22b8e50c5d657ed385c8d6677d6cd6ea5 1640787747306 1640787750648 3342
cd5ec24c5bdd8d6c77f328e04cb7332f073a05cd0e20d29710dc0be55510aef4 1640787786443 1640787789768 3325
036e80f86f94755551a1f86e36fdcbff57970231df8584af14a818ae28a2dfb6 1640787825274 1640787829314 4040
6fbc66202b276261f27acd3b4e3cafda622df095e4063ba0489ad1c68354fc88 1640787864286 1640787867944 3658
