ff77d226015935b294375b5c9901bae9416191a9a73f7cd65ddbfa0155ed4ec2 1640787120896 1640787124548 3652
6d3d31fb76b6e37dc03aceeb0c7a149dc57be4442cacd66e31510308b9d559ff 1640787159640 1640787163715 4075
368f1ae9e26d97a77c47be80e3f8bc25a0ef1bfa4e0d39841fcc713b34a5ecf8 1640787198604 1640787202094 3490
f07b4a7ea1aedb854053469d555a087f8da66cf694079c74aa7f3dcb1d0ef906 1640787238608 1640787241436 2828
3d96f359ae5cc0194b3e369b1a033618c6a3b21ff78a6dbd0628aacbcd35b82e 1640787277456 1640787280511 3055
9dec049551889bc62e765ced0fa5dc0d5a46f3b91d4a11bd4ba237816e1568cd 1640787317337 1640787321501 4164
cab4230a7de6fba469eed38bb83f49721d365a7c8fafea6de45e841a6e6c0276 1640787356552 1640787360425 3873
3ba51872b5791c048649e1eecd1ef1450c8dfb21775b6b1f1979b1adec8d7f21 1640787395497 1640787399479 3982
a02b61c469e9168c148bca062edf198b579eae0b83218098c8adc7a991cee445 1640787434940 1640787438648 3708
2b4dac394e771d7fec777a6c8f26f39b5de181fe95ab755701f1335e06c3d06a 1640787473790 1640787477734 3944
2d3f75e730e2c2ee39ad7e4ddfedfdbd5b0408b9cd1c8180ff9be4b637970768 1640787512874 1640787515944 3070
85d150ba4145cfbc8ca437813d102079025436d81569143ee4d96e587daf8402 1640787552186 1640787555077 2891
f923e769d90d74e82337b540b32aa922726fa72c91ca89216b784071537bda6b 1640787591336 1640787593788 2452
a3c2bff265eeb654ca05df6c7b3a7357451fb06783f73b1cd7250ccda1275446 1640787630544 1640787633653 3109
846f0f4dbacebfc828a9fc7ddcf7344038974ef9a7d303396851f7de19a4ad51 1640787669601 1640787672267 2666
0061b847b84853e725cf28aaa1c18f2bc5c996eb04779f2eb73eb9fe45e67c39 1640787708336 1640787712016 3680
c5bb4e0ba36dbd0f0753fea29b9641516c2d680c6eafb709c9a52b0213e9c014 1640787747180 1640787751032 3852
765f3236f00168ba8114fa4cb80cccef947a8cf61d8c8c417394ec91ed96b22d 1640787786288 1640787789848 3560
6ab5d314eab938e6dad97852cb15382c60337f072b8b193ebd0d92cf22de1b71 1640787825132 1640787828286 3154
72101207d8159585f1e647fcbe4246ac9ba15d44932fec1534ec9e009b291f2e 1640787864149 1640787868164 4015
