b5e98a69245de99dfa5853334f0189610126228ec8266f50775a556f4dfd345c 1640690511865 1640690516168 4303
7c7610c40dbc431567274818c797ccbb39be4f77a92354a98de56e80fa7dcef4 1640690579481 1640690581363 1882
c3ee9c909a05d17fee903a0169539a7ce503cecef4ef0c9980f8bc45ed583109 1640690647319 1640690651432 4113
1d1879aeeae95b4d589d942e3f27a47ee98dc39c51aaec0edb34d02dce9e717e 1640690715869 1640690719725 3856
9ef011c7009b6aa463c4a15ee55ca6d9008e36796d16dc36fb14718467662372 1640690784381 1640690788875 4494
7f97404d5a62706926575e6cb4cecaa49e0b71bc59d7c5d494c775d9bad2e3be 1640690852104 1640690856502 4398
d86cf8be1261f0dcbd7fefc4bd76705a09c78861dfbb832b06b13d2e8926be73 1640690919829 1640690923603 3774
0066530c43b3014ff649aa8bc9745f3795e287fe5cbcb3aa51af9040cbb00624 1640690987139 1640690991125 3986
db95c6e3067a64521e678ad82a013e2189c24dffe5c807b8babdc8a38d816dc4 1640691055104 1640691057688 2584
907942c8863e433fcb8bbace86e2e005c209656d9a183e45e5385a9395b3e9f1 1640691122399 1640691125303 2904
5801501bfda7b13752825ae6d0e550de4a58ca8a10bdf1b236994b9127e568f0 1640691188782 1640691192265 3483
f8467f247bd84e97f309865c1b394d3351e5552bf92df8f8fd9368915afea918 1640691255598 1640691258639 3041
a6a6ebb30f7e73a6e44d1bedb1fcb379ea8b9d360077f91540639b04f7b6a71b 1640691322365 1640691325667 3302
7d3f91d76e4aad978ee31973f6b098f97f0f99fc5976bff688fdbe51465a6d66 1640691389426 1640691391450 2024
2a109c286ce957b7d0bcac7fdffbd22f45574404a018b87c240aaafa2aeb1399 1640691456433 1640691458479 2046
a2f09e4bc307808a15a0476df320958d2dafda0fe7957f626544ae5e1da83003 1640691522979 1640691526457 3478
c0c9563a824d2973194a1a76e50e28d9c77025954d6e7f609afbd8800cc78753 1640691589868 1640691592838 2970
4f5b2e4be07d186b8987b615d606f8a01f7d9592b16b2fb3b05eeb1b32bd2583 1640691657346 1640691660839 3493
05df3b6255df6af91ea5b71a39bfb8eda007e2538a8230b5d5faefcb64e7c2f6 1640691725471 1640691729665 4194
58dacd7c43645cef6c6bc4c097161c9d14aedda947c4d8cc3dcc4a437f59b07b 1640691794209 1640691796778 2569
