fdae1d8d3dac42056164c88387c47ca3d2acd72b20b05d48e175bb607df08935 1640690511855 1640690515279 3424
e94d26f4667835517c25bbe9e4dd09da7e2c2bdd34c6fda46837cb61507edb51 1640690579470 1640690581767 2297
9c4b824e3ad14ee37c464d61b4e560b2c07e21ddadcc2e5caa31ff959b3b9493 1640690647307 1640690650859 3552
8f86227c54992c8ad6181f0514d3630a73c9cd41dd4d933eac4555a5cbed1b6e 1640690715859 1640690719658 3799
84e8c2a642ecb71e3751bd4f6b23aeec0f0873298306b7dd42e3f1d5f992116d 1640690784371 1640690787867 3496
9c3d1907e5c656365a33a95ee6ed5748816ab8a800979525a8cf92a13c35176b 1640690852092 1640690856396 4304
32d2a5594adadc0ffe8222fb6b38b9f46c7510c07c175f4d1d5af1be1c73655d 1640690919819 1640690922219 2400
9929a6596542d6d6ed0ebd6cdeab4d1cd1f88bf0c560c76c3d578601c18237bf 1640690987126 1640690990059 2933
1669f583f960d995707a0fa66a0e50cd6bff5bed8e9743be75899489e477e82f 1640691055088 1640691057792 2704
0605853ef1f74626bd35315f545decb61425078bf27b4f2c01bd39acc7c5ae99 1640691122383 1640691124792 2409
8b06ad5a6bb04d492b2a674d7269033df9c6171bd650ee92f990463026f598a4 1640691188770 1640691192087 3317
0aaf350dfece7e59cad7d4fdf58da4bb19d54604f8af0ff07bec594fa9976cd5 1640691255584 1640691258019 2435
f9a2cb9d96032b1e64727a4fb696b63c88186ee89a2775301b00ddcb118e6e1e 1640691322350 1640691325487 3137
042635afa935afcbc23c1998b55ed7b968941fa56cf46e47edf9d57b660a4f7e 1640691389414 1640691391548 2134
42db5243765c97d19d2c2b8ba4c422629d89e370d9c8da65bf98ee2e5e675809 1640691456421 1640691460069 3648
9391a35c821f100b79fb9ce6a88272c98bb83f7a58e9f4540c596cce59ef2881 1640691522967 1640691525537 2570
c3249f0372d9b79fcd11c3834a5ba3dfbcf3ffe7f140dbcd0c60447fff8bb4ef 1640691589850 1640691592528 2678
f6f2617e0a226a43266210801398360e52876ad329cd036e7e5aba972ec4b0d2 1640691657333 1640691660454 3121
ade5c664df64daf4ca808a14cf901047348a7721b04c35a673e3437fadce693b 1640691725448 1640691727977 2529
d8863b3b249746f33725a95a6f748339e2029c0eb6cd117db447d6d799f449c2 1640691794187 1640691795975 1788
