e9f0d28c38ca06eb27bcc836c3dab486553a1e262d4a26c14f940e2281afa792 1640690511875 1640690516187 4312
0c35333316bfe7db000a1cf9441a15c6d8f79a03af54ae96df752c24f6f8b4d9 1640690579485 1640690583614 4129
c0e76cacb733bf4d7c723280048d344f00900bd01857b3df1044ef3a0667be13 1640690647326 1640690651408 4082
acddafba21cedda28118bac60b0e92d1157ed960001d6d37cf45eff44ecee326 1640690715876 1640690720136 4260
a00c0405f69d068992d25d1c51e9056b7d59e2421df2947a20e7ab1b146c08e1 1640690784392 1640690788838 4446
56d4fc8d15cfad2c7926ab7c58d0a0d2abce8989d00e7c4981a28ccbb15f24eb 1640690852110 1640690856429 4319
87bd917a4c9e0fcb391dd3ab22368e8fd0013daf123942343db95afa1a68e666 1640690919836 1640690923730 3894
7d929c6dc057963e436d3549284fbc9390eb1c3ce110cfe698ebc649fbaba62f 1640690987143 1640690990952 3809
521892ebaef20c0686c7f518249a26c7195b8c68cffcc6b7a9d0889e24be0cb1 1640691055118 1640691058516 3398
726c97c9018a0f808d2a9d312db0f8f773ca6d3cecee8ff5bbb054c13a09cb2c 1640691122410 1640691125976 3566
1efe2b22c7a5e05fd9477db37f164b1b6442b694acf818f1aa39612edba2e9ed 1640691188791 1640691192051 3260
e13bba59009e63cc375987557f52efa2687cbe1858ef98b2564b1767d0beff0e 1640691255613 1640691259448 3835
b670f34511fe98837f6cd1dd8dc4d008b6ce71abe427d0ad6aaf7649dcfdb310 1640691322371 1640691325970 3599
0daa5ae02228bc78eb12c96be679745939a34e8680ce6dacf153871906b5cb84 1640691389431 1640691392885 3454
90bc7cb514603f39e93678229bcfd649b41bbdfcdd97af4530100823b705cd78 1640691456442 1640691460214 3772
b3dcd01038b38419a7405c266339fa4a79569073fb51b2562eaebc3ab9c03184 1640691522995 1640691526088 3093
f7afb6c5b267dda65cec8369e0e7b4021f55b9589bc4cff9d2ec23defd5b2fc8 1640691589878 1640691593616 3738
215b4458bd29e2fa9ae0d5bd8e30d12fa6c971f6b77c74b7707a57c80a14975f 1640691657353 1640691660831 3478
159e5083b3aacbe1a31cd7d8884bf6ae6a24e76c00a74fb3b84e091ed10ee2d3 1640691725480 1640691729790 4310
d22b738b0ab58b6bcfc207b2943d44a527d4b438c5e278aa993763fb50464d61 1640691794218 1640691798254 4036
