493bd8656fce8777c74da9a951fdd319deb66a7718b78b32266dc341f627b840 1640690511890 1640690516320 4430
e6e6c84b8e5f7f44d8c2593a46e067389e47293952419f04117dfea740340ca5 1640690579504 1640690583819 4315
d6b5aeb506e7554e2e24ef244cb8e946bcc862cd369abe3e857ed77f71a5abe6 1640690647343 1640690651676 4333
a451021f4916566f6c85ea7bc78d55633a5406875d8f477191d59dec123f2e74 1640690715899 1640690720762 4863
4fd0d2976dbdd3ac831de8604b4063ac047eceda1283b040afd9b7ed73565b98 1640690784416 1640690789033 4617
5613794ede08aad8cd54604de878ecc6a8003103ccfb96a5b813639d2910602b 1640690852132 1640690856317 4185
6d57f0e35afe8a89e717ddca575787a1a67cc5226323c7d850d9aa04df67fc87 1640690919857 1640690923672 3815
ff077aa8b02caedcfb7b44c1e6fe6e52ca5610ec54b1889aaa9ac5e739c475c5 1640690987165 1640690990994 3829
9f0697a77db110c357ad1f67291d5303fafc611fe259a29e602ef32e882fbf1e 1640691055147 1640691058193 3046
3eb2b6f3d449eebc49f52cf491a4c3abb67c590ee82732c6872ffa8ee155e6d6 1640691122445 1640691126299 3854
a949de4fcadd1d799fa89761894f6ea7228511a50ef77734b0ecfbdc6d096689 1640691188823 1640691192360 3537
f53bf59efab1b1ddff93eb049609ba887e9cee546fa1329890a57806b1db8012 1640691255638 1640691259454 3816
2e5daaabed2c2b3c784e19e93ccd4b1524df4c84019fbf8903ff76c52256b1d6 1640691322395 1640691326393 3998
021a527bd73a00c9e76c9d3cbe27ffae2eb27b5ab15709cba026ec6709d70d91 1640691389458 1640691393047 3589
e4e8c2c8865ca5ac7534f22ac16800dc36c677fda7976a6399209e51a907707f 1640691456480 1640691460184 3704
b6170f8a20b3cae64f92e1795e4ef5bb0b770248b389d8a3b228df98d7820a8e 1640691523032 1640691526609 3577
f9c8917c6d1052a4f6ffd865fbc64c7b8d483c5571164542628ee100d631fa2d 1640691589918 1640691593608 3690
6cb744174f88be6842ce1822831a80035d9b5e86e5e0faba4420dcd4e2dfe7de 1640691657386 1640691661602 4216
9b55ddc53c0700fc618d185955481c7a3700600779d7dac4efba92d55d997d87 1640691725512 1640691729819 4307
dfe62d95dd3e0da2015a291c9e027de4cba507fbe9e319c48da3f6464e615943 1640691794257 1640691798612 4355
