ba6456f05acaf3a2056f0f1a6e6c4964c8dc2a65d50c91964051db5a47cb9f7e 1640690511851 1640690514273 2422
c25e55581b4a16ada4f0c92d73a9ec3b5ca35e22d76af8fc6d0fef0fe9e360a6 1640690579461 1640690582307 2846
8166f7bc3391c9e0827adf2f749a5d1c17c617668a1ffbe26773c05592be3388 1640690647295 1640690650018 2723
70e5cdff00df11bf89d884e9c52d456e0fd3ff027ea34c6d7a41cbbe9623ed61 1640690715847 1640690718870 3023
c6ab257354eb6b3a6286c59c63d4925c56ccb2c2afe45aaefa3b84ed3787730d 1640690784362 1640690786753 2391
115a75121e03d48adc891b92bd192e7d15936eb70cb5bbd3852e1c1089e780ed 1640690852081 1640690853909 1828
0429676d9c27202c25dce3a19a9d1e0c833bd9cb9e47de3b1c7325f590864dba 1640690919809 1640690922420 2611
4534b33eef498f87c857e0617e49cf310ff81ee937820b19f3539f63ec689abe 1640690987115 1640690990245 3130
ace88796583f50d3489ffc3be46c270d65107736c6b3deadba277e61d5f1e70a 1640691055077 1640691057156 2079
bf6bf1feb9abc300cbabcaa5086cc7aa8353df876f2688cef36e821e1fd0ba75 1640691122369 1640691124417 2048
10001b17d0f898fca9931176fa42acf14095fa97df42bf6cd90aa00b17236b46 1640691188759 1640691190808 2049
12c09ba8c7bdb1776b5b87150758666e9ca334ba02ac64b1d3cb96962a731be5 1640691255568 1640691257462 1894
ed8deb2e34e0fb2715fa5af0d4f0b8ecfefaa7488a7d18de7a86b2c8d0994d76 1640691322340 1640691324921 2581
9a83d85f42e5cc62ff87df42c3cfb96317362bb7134242dbd4868b10241c9fda 1640691389402 1640691391631 2229
9aa5e4cdfe9e231a4adbcdc7ec55e57d088888e33f9f326518949fc77daa6d42 1640691456409 1640691458415 2006
865daf3e69a5fc7de61b9f8860df381aed1e74e6931f2f711f173f297e42df09 1640691522953 1640691525199 2246
a4a260c81dd4e3113790333504577b7e763927ee07d82f20b8547d05c3b9c25a 1640691589837 1640691591926 2089
8b518dc77006f12b23b2edb7dad1d623ad7f8d494aff6952a64171dbbcd36124 1640691657317 1640691659108 1791
eaf3837d6523e34920980c8726ac4a7a1feb1c319d82fc98699843f7de416329 1640691725436 1640691728403 2967
328e8ea05f85bc55331e0dd64661ddc24cdc92542cb24070f675b67d6d648994 1640691794176 1640691796775 2599
