9434d63b85afce69eced866c3680fe144884f4b989eda213c26f86cbb5f6a4b6 1640690511814 1640690512536 722
9641eb7d23ec3e7f11bd4cc97a5a1e31bbf6618080be7048a767944f91429e33 1640690579417 1640690580040 623
deea0bf07494dc39c7b82190dea8116cc5e10541c1a031863b4a3e7cfbd56ab8 1640690647246 1640690647782 536
e13b3ae0260d8eee76e540ded7451e633c6d81ddc38f005db34c53c8c935b8ad 1640690715800 1640690716393 593
e576cf4f716a9cdaf2557903aea72e06bb56cd0fe190a9c1ed4fdfbf35d00fe9 1640690784316 1640690784738 422
6a416037b90595df28ea64768c77968e2b6b2bfa079e05cf5c34588caf70a995 1640690852032 1640690852887 855
166da0371fbabd5e9143c5ba0cb79760be1674a8c84bf9be9f948bb5a98668a7 1640690919760 1640690920412 652
ca1bd2594ad671ed3859202d4a2b6e7ed52b2e8c67ca714f20377f22cb8b1b88 1640690987067 1640690987687 620
e185d5ebac5a82c9e3bb12f9d1a4c1e9371c18c3c9425c14177a608f287b23c4 1640691055022 1640691055701 679
9077f68209db2add095a474b2fce5f5d929d60b48b1fee378a0a843739b54ab4 1640691122314 1640691122756 442
46ebf96a8f0faf22189a21e5e340c9d454c3395851757cf0a9772cbc8a6c5a29 1640691188704 1640691189607 903
bfb00125ff771b7a12ebe3aefcf894afffff5469b441c5678d1be20b770e836e 1640691255516 1640691255921 405
23a87f65f515add0a3f16a464b7f38d187afff402a0825c49fc9e7bad75e6094 1640691322284 1640691323138 854
d1aa298a1f2f58ef3713dc393f27c1d40b1eac3072251a8e254ee062963c76f6 1640691389349 1640691389960 611
fe8c5399500774517eb1f7ba0ad4b8d746fc444fdb5fda5b7f54ff8307317607 1640691456350 1640691456936 586
8a7fcb8f0e3d7b39217b0f52848c0ba0da6302540a5c462e586a62830a42ae5e 1640691522892 1640691523447 555
ed5c0fd0f5c99bbe2da31910aef31b3eb6c74e5f70418e52e182918692c6a063 1640691589775 1640691590331 556
451812f716de4647ee538a8345d5e75fe79761fadfafe89b5f972a5a0b6e8ca6 1640691657260 1640691657872 612
ba376004e1ebfa1ff564a00b60efed4bc84c591657da7430e8f7e8b091c9d385 1640691725370 1640691726430 1060
808fd39b76c7e61a7c09a3371552314e62650fbcb75e9d3eb1a59ce2f48caaa4 1640691794114 1640691794737 623
