a99e52f1bb40033d47d09e4227218d5839237311c7c4c98bb405161dd3484382 1640690511882 1640690516302 4420
d0fafbede1a960461c40b89f3916878d0d7a83c1e24babf5f2289ff59d04e209 1640690579500 1640690583824 4324
f8a8b53da74238d5444d1b554e7b649b5893ba82ef70f810de34344a365e1d60 1640690647335 1640690651465 4130
75041f520de8b1cd11a39fcfed2927df20f6f058207088f74439ad307a4e6152 1640690715894 1640690720772 4878
7c0a71b6c3835d3fe9a88479385913f7e3679a73358c37a0f8cede4cfbc71607 1640690784404 1640690788978 4574
56a386d64fe2502a843dd9be3f782a5d4a6703a5e20ec69f76bb554d3e2bd732 1640690852124 1640690856550 4426
af55d43d7b54ce9f2be3198be390ffa2782b8161d5019d7f261809f668bfb5c5 1640690919846 1640690922632 2786
ca0eacff7614b15fba4c5537c4908e849850909a73ae2a4d25ee8b810fb25f29 1640690987157 1640690989838 2681
e5882d586741aa0eaa2274e1f285819aca6d15dc713ae37fddfe04e015c47777 1640691055138 1640691058697 3559
ee35774b5e949f6b346f2efdda41810cfbeab8cd476d31dfe937f342a3aef674 1640691122431 1640691126142 3711
e63f9b90bbc98cd74d69876162a25fb2be577ecc50686474c0393d0d9c760658 1640691188806 1640691192543 3737
56931f00c795ef2f815413ecfa09280c6dec1dd20fd02ea1997d3e83d926e9f0 1640691255630 1640691259241 3611
4001501479514568d924669bc370be711ad3a11bd2f2539dd6ec7233ad0dc3e9 1640691322384 1640691326379 3995
e20b1cf9c96696c3bdfdc6d3aa43674aaacd7b0c4da7d0a670806ebd265206b3 1640691389444 1640691392502 3058
9d3937c8cf83c033a2cea9dd5f1673a407ee72f949294c6dd7d88bf88938c459 1640691456469 1640691459747 3278
372c1e882d19b86b26862cd59c94700b74ed138bff4ed493a96b1df1cf1cb09e 1640691523015 1640691526603 3588
d2311b841a9aee2099bda517b283510f32da775be2b8018471ef3118f5e479d8 1640691589902 1640691593584 3682
0246282b7011de5551b7ce483bd3e3548a40720ddcfb9aadc207da9099653ee3 1640691657370 1640691661173 3803
4682eb5712b8ec714fbb4d216ef959e8085a6fd7a9df6a641f5d06f6ae020311 1640691725497 1640691729814 4317
ae7f349f29c95e49a777cc5939d69a0874179f070d4acd622e805e84f0fa6c70 1640691794242 1640691798353 4111
