76ac8d3d368ad78fe236989f22ee996cb485c70e5886e396f41890d86fada901 1640690511820 1640690512647 827
b664aedce4d6dca1e0e9275f9f07a639ffd6420dead02a27350f0475bcb063a3 1640690579422 1640690580094 672
96881b2dfa8e7328507b006275bad34651ee5d0a978d089414188bd7501c62e2 1640690647253 1640690648296 1043
43eeca4ebf308d83a1df5f012e8f70009a4fa818e4f65fac56304ca19860286c 1640690715808 1640690716721 913
08d598a8214eaf550b02fd804a61d23e9534cb6c8881e3ea695ba98d6ca8e9fa 1640690784323 1640690786068 1745
572adb0b613062385c958d4c13041c5bf21bd2986cd4c0cbf045b29aabd8c7ad 1640690852040 1640690852967 927
054e74fd941c2231350efbc2c6c4b4e4c79f4880c8b59c915e4b1e67a5cbd62a 1640690919768 1640690921215 1447
e3f83d851a3c132846d0598669e6d5fe5aa9a921f1bf741addd0725be86c6d30 1640690987074 1640690988069 995
bb1eeab0745873e26fc13992e8b6b7d2135ca0ef10d9e429e4996d88db5ff88a 1640691055031 1640691055845 814
ee3fdecba5075f15a09107d98ac7ad056155db2cf50c8321f699ee5b0a52ec82 1640691122321 1640691123239 918
239033463fa9db5a5c961fda000e801543c7ee8dfe8ff4e7fb6f885effbcd177 1640691188712 1640691189810 1098
61fda8d991d35a9cbe3f7a0cba33b75b10cb93c9527aadf862a7939be5020935 1640691255523 1640691256583 1060
44bafec6cf4f778fb2f4dd4ec742b6d2b628160ab2fe4561721da4d81708bb20 1640691322293 1640691323708 1415
c6f705505c0d61d768f0bf9da32c0aaa562f1c924caf72b6598a09d66d4ec24d 1640691389356 1640691390193 837
355f7704fafb883bd979681453576823147862b0a26e5f725b68b7b94ccc4a20 1640691456359 1640691457282 923
4babe3800eb038ac6417f0bc0c251fb53488f71bf71ee4444d9bc7542d50e2f5 1640691522901 1640691523825 924
094a401fd2cefbf481ad59756bd4087ed2e1ad149175d9027c5719ac4c7e14bc 1640691589785 1640691590924 1139
ec8e5ebc486bf2bfcd5376f0919a1c2c420aef595ba0ce49d70de77b2c71144e 1640691657269 1640691658079 810
ca46ceaa6fcd5ebdd1b01fb593a9fe7727afdde12649cf44981c7cfd2482cd47 1640691725380 1640691726252 872
e3b4ce6d3e973c9e102101c715342043fc1c2f225a0c3b969828c53915fdeef6 1640691794122 1640691794839 717
