2082a66612fb99cb80073fb0f93d554906812abc3f5ca509ac684124abe5c31f 1640690511835 1640690513350 1515
1f7d8c74d3d04c60d3259795c637ea7f31d0a98a3763e0d640702af3dbbf55fc 1640690579442 1640690581014 1572
48a0b4250b2d5e1df52460b1baa841e2b9bc78176cb0f3720b9e53ee2540555b 1640690647272 1640690648806 1534
ed648b5149a463cae77e7f20db1fb1d01f5637bb0782fda2f96e02eb634f6f73 1640690715823 1640690717471 1648
bda3f2678ccba92a97ddf3a23e91cfe0e969b8f4232004f0532cd9bab8a80db4 1640690784341 1640690786205 1864
f5a733b505bfb5c705ce44252535089887799b02c951503d8bab0c998b47e21a 1640690852059 1640690853848 1789
3a95af9635d1af084d7dee97bbc099024c3cd0eeb6814fa3d1ab94895dea4047 1640690919789 1640690921624 1835
a528467b8cedd34f1409af52e614a1ec2254e9fa77859e9e63d321b772a63a3e 1640690987095 1640690988945 1850
b0345de83c25fc57abb46a6aa93861357512f7e97ee5e519c525248131f944a5 1640691055054 1640691056576 1522
72318df9aa7401390a4d3c09fbb2d9997fde6ae14d018d680f72c344f57aab48 1640691122342 1640691123374 1032
6c16091c27b9a6e9145ca12ee049cc9c0f6f276bddd1de4dc0a4a9494d2a7842 1640691188733 1640691190482 1749
6e454b81353a0c0667aef0e282937a6a0798a38bd7627474b42c974c6cef7596 1640691255544 1640691256821 1277
57b9e0e7678429b5d01ad37379bbd7bb0e6023a73d182e1128e5cdd6722627af 1640691322316 1640691324240 1924
379a2d98feecad039a602ce9a58ee42f8e6e91cec01b509e932a4e5ddce85d66 1640691389379 1640691391129 1750
3cecfd2057f6016210fdaac8e6ba002c008a418769bf6d19904b49b9e23c451f 1640691456384 1640691457991 1607
2248861ed27ec33dbf72fb4f0ad5a34a0344c982a82d8ad286853d70fa20f67e 1640691522925 1640691524507 1582
4580c1ea0b3eb38e31a279a547c93c8b9a62988869ac647fcf4d2646d9a278ae 1640691589812 1640691591624 1812
80ca1f9facc8a43a4f76f28fecda51e4c3eb4493b70de185b1c330a93717e6b4 1640691657294 1640691658867 1573
00658e7adeaf8437abf70128929fc41594a1a50e68bf9caaf6daf742a82a141d 1640691725407 1640691726926 1519
fb3807965f9456e114a767c9668c2930f4adce40163e2aaa33f3287ea522cdf7 1640691794148 1640691795937 1789
