15567f05aa58235d5d2c20a97d268ff718130b2626463bab8466ed6e28f3535c 1640690511822 1640690512629 807
c745e444891b5c8c90b9e6da5005de3a85feae3cebc9d54fd7b582d9e5ac87c8 1640690579427 1640690580090 663
613efa7c4f3a8559b363fe77a2629599cf4ad013ca0380a538002a10e27a3d01 1640690647256 1640690648398 1142
cc9c3c88dfdbc0d05ddc23dd133b2a053778a7c7daead6af41e4c4fff9334ea8 1640690715811 1640690716862 1051
22291b9c1ebaa60cdb6c28fa43ff806b257dc1616c4309173251e237341794db 1640690784325 1640690785450 1125
47913abf884bdfbd16be778c3f702ba34f0a9eb89b001d95dfe18c7207a18541 1640690852043 1640690853168 1125
d1dc98cf289a569b7ed675b11ef4be640ff1e7d971f727331fefc59a67cc51fc 1640690919772 1640690920946 1174
4451694e22b9fb33998283d5596a434c01437dc041ac27a5a3c2655ac2f9eb4c 1640690987076 1640690988235 1159
6aa83769c5eebc86fe0bc4f9952806e753bc77656a235e3c82a218a714eda3cc 1640691055034 1640691055975 941
095f72c97b60ba78f904b22f0bcac6fc395d33903ace7729aa96e1ce88e2ddc5 1640691122324 1640691123448 1124
76bbeb1308ad7ba431b4b7bb7dd4ed201a9059faeff92740ecc3a58a443dce16 1640691188717 1640691190102 1385
12b08a33db842e59e614e52e698d70d98c930a93125a7d8a581a440579e27dc0 1640691255525 1640691256567 1042
0bc7ac1099c9b668dd1ea85c98e7c6f02ad243d0f88c9157cc2e45c4553fbc84 1640691322296 1640691324016 1720
2840c14ecad38f904adaa70072348597869bc7f8e49141def1f571f64007372a 1640691389359 1640691390216 857
45392b5ea09fd978f899ea7cc3ef59ff9114b8be4e6c5a9c9b89fb25ea9ae7aa 1640691456362 1640691457252 890
e7bda85f035f7380d01d339228b69e6628b64631c4d91bff1560a363c3774de5 1640691522904 1640691523804 900
4c39adc79155880b02ada8f300881b6b8d55b296265bebc34441d3d784e45f7e 1640691589787 1640691590921 1134
70eabefaa7872b3f9636f38a4b87eb975b471be255eb47712cc8c118f2ab53de 1640691657273 1640691658250 977
1e39a3b334b73228fb583a7dbb76e1921254ab9356ebad842fe94e2d2ed7774a 1640691725383 1640691726333 950
0c9b92c307afc2dd8a106e865b961ad4f43dab883672cead04a6a3b65390c4ac 1640691794125 1640691794867 742
