d7322985877f3655b35df747f4a2aaf000918140bfa9b50842f95c3195d382b7 1640690511844 1640690513771 1927
c53c6b9c02f059be0cfa409036ea9d6ea11163694f07ffd196b31d61faa67b56 1640690579456 1640690583751 4295
d21a5d6fcd0d5960205c943803dbcba782b09933a6a77298c4e7b54b25375b0a 1640690647287 1640690649611 2324
00b0d8b002eef5c97c1866697fb436c306a87766837d764eab3a136d4ae99546 1640690715838 1640690718056 2218
5fc5fbf3a82eb5d3f437f1c881119a80e62ac4317509f10b0f59c6110d112ece 1640690784355 1640690787243 2888
9799e7e578f1b6ee3c71c3b69ef9daa26741ea0accb12a06f82e333a7166ba0b 1640690852075 1640690854094 2019
9eb449b64f38848718e5745ddc8eec9f21ed003f1e531753839803860b63ea1b 1640690919801 1640690921996 2195
6fcf24cf3d8589482f85bbac6484541e545e0bbf15374f1c0f8a96b1ee2e79b2 1640690987109 1640690989285 2176
2756ed590d36adeb07e4cfd192200bfa481e64cacb47b23463881fb8d976fe75 1640691055072 1640691057084 2012
1f9df8dff06560c8d1553407487d82337f5f62b33e93618ca3bee449bd5858ea 1640691122362 1640691124229 1867
12a7c3cffdc5b2cbe2dae39f0ab84733edef65db989fc6a40481d64a2445bacd 1640691188752 1640691190839 2087
909e20a13f69f14fa827385622c16860b1910071758218481813ca82aca255b9 1640691255559 1640691257489 1930
982df852c1897d9cce8aa9750c6fed3607fc17a32d3488b3716cdf2ab430c3e7 1640691322329 1640691324757 2428
2df34753600ed7331661fedd43bea21acf4f245dd73a05a9425bf18c66fce179 1640691389394 1640691391552 2158
de7a73a2043bfa5927138b6c6d5def3a1fda3a910d61955e79101ec73d3d7968 1640691456401 1640691458399 1998
d321b35ca5d23099c935b4e08640a60497542ef02392de32020d2f1dd253f22c 1640691522946 1640691525278 2332
45f0e4286f7d54283c184ecb592fd58b860059628bd3532c08a4125788a2b031 1640691589832 1640691592037 2205
5b301d59912db0acbfd9733d76f1fec856c4c49d086eb616667608eb4da3a1b4 1640691657310 1640691658887 1577
9ac69034295e64cde6cc64517eb0599f4dca8afbd535a64b7769d1648c9aac29 1640691725426 1640691728055 2629
70591e4d631168005ef1fe657b7869b9ae8ffd2f3b8cfad6a8881eadaddfa4a2 1640691794168 1640691796769 2601
