dc2a29d7a7d00bc6023b921ada2e36d7adcf51b4debd05c4795ebdab1b4ed008 1640690511862 1640690514236 2374
efc6e8b884dbef1e7b4574b8be5c641760ed681917e3002dffa775793c2e2e42 1640690579472 1640690582976 3504
b77a55d03c3561052a585e68b2328dd725206da0b9454ae2b9bca713c3ae8404 1640690647307 1640690651062 3755
d4dfdcf2bc54654e234b3deaef54bc2d2511f7e1bc5df6fc26ff643c6107f929 1640690715861 1640690719526 3665
4b210634ca444cc4806a430ab4d8b9351fff798cd5b4d1ece54e127da25c9ebb 1640690784377 1640690788332 3955
3b5da541e4702777315b2fded7273735c3757db2ab1081a9ebcfb887def3432a 1640690852096 1640690855327 3231
0f6324a2e6f1f0c871be75a22ce071b7ef662830afb10d2f9f5c20d0bb944e5a 1640690919822 1640690922389 2567
cba7135a063372844fc5aac1b27a20b6fb41b598edb2a8ea6eb79679a22b9027 1640690987128 1640690990031 2903
d281b327c64bc3d131083f7552f1d00a430011d112e544fa06aa14f9db5e0713 1640691055092 1640691057901 2809
b09a44dae07f5d90657b02153033438b1bf84f50afe471850807a5e2e93c26f7 1640691122388 1640691124914 2526
8ea31c778711edc4406d0e7c8142fb2924e72ba46ae5612c23c318915b1a5e2b 1640691188773 1640691191398 2625
fe03207ef41d5ef32d5683a1ba426cc514d3c3666cf2b67439a054f004294ae7 1640691255588 1640691257887 2299
159b98083436157f5783d637944ffc21e2b1f9e0f38c6966e22bfb3038ec4a7e 1640691322355 1640691324505 2150
4258e41a22a719fe83c10b724b4b7a4b28e66b0c47f15ebd667c6b36224bdea3 1640691389415 1640691392182 2767
e3f73918821a990356dd44bdd66b1970658dbd4f60f197d0188846d4e063b03b 1640691456426 1640691460050 3624
2c81f22a365238deb98ea5f141d01aa36684ff4dede2978a247b8c030caf36cf 1640691522970 1640691525300 2330
b6cdc9af5b9a412897194bb34ef910c994495794a5ad10bd0bea7d69c0a010a8 1640691589855 1640691592629 2774
a5e151e909d9a4a6c1cda93f34089ec15aadbda965f9247b3e353d16864fd021 1640691657334 1640691660469 3135
b83a07ad9536fda7e1dfd9b52dbe48c25a76568e1e312c80b21a913df56fefd7 1640691725456 1640691727802 2346
d88b870c0ceff777bec88a3ffc9c5a9493b7ae459a1d45542ebae7032d326510 1640691794192 1640691797123 2931
