b3ec62436522fbce047ba5ecebf642e08a716295e52a520a150ae2aadf889b2c 1640690511874 1640690516156 4282
9643566864a99981aaf4ffaea17894720039c22772adef79b1926916368d2602 1640690579487 1640690583049 3562
2426a556496e05d00a2cda7c2166a6111625c8dd2a64399a8a1658d7a68be6a2 1640690647329 1640690651389 4060
b9f389425f23948aaf59c7e6f9a90d2803a3aff6ac6430765489200f000fedbc 1640690715878 1640690720708 4830
da5247816445e93673d9ad1e1dfcc362e1dcc3ad5b0e3ea464838a91e93723dd 1640690784392 1640690788722 4330
acb321647052f047c57b509aeb9a68a3bf797d55141229ecff092f8a53df43df 1640690852115 1640690856560 4445
f9b8b27560a5d6bbd3bf0eb4a897f6dd0d594670ebc012e4609df3ed94f1225d 1640690919838 1640690923112 3274
31e4b7b51bb4ad551d433e7e3e02c1004ce02eda0ff6a30315a5e6fedf7b0b9c 1640690987147 1640690990978 3831
018a6e97156a12dd7825e87fd75378c8ad6d4185076b602645114f8fcf44db84 1640691055124 1640691058835 3711
f0952f98034a4b4aca004a878f054b62bdcab4cdc5b0737f3b87cafb2d509a3f 1640691122414 1640691126278 3864
621e6d6fbf8bb712023441e5a31565c3867784e6de787ec4d1d831253aed3006 1640691188792 1640691192549 3757
88d86a3cc050c0087ef3693875f2bb4bb324387c070f208319c9e421990f20ed 1640691255614 1640691259287 3673
e853a558b68aba38d801db012742d66f975e6dfea4c17f352d2eb06de1a9b362 1640691322374 1640691326094 3720
4167d45db47cb13d3ce3d2b8f3f170138f89e4bab3854af8491f998cef64af2c 1640691389434 1640691392471 3037
04e1c7cb5b7d0fa184f078e411a4b9668e6b2d5c2bfe447a6fd7ac852f639731 1640691456444 1640691459222 2778
3e3b3ed88673bc60c2fe7ffca3b107b03ff43a50ce81ab63ef72e5c9d5e51af5 1640691522998 1640691525319 2321
9ad155bb1700f691299e2ac2c722f5b0fdfd4f6191788afa5bec17ca02ff6076 1640691589883 1640691593552 3669
e30eb9b62bd863a654b87b54d8eaf102c6572146def90e3b78cd2bdb7061cef6 1640691657355 1640691661621 4266
f1436c1b42b51012fd2a251d72976b434eec242b4afdc82e388e8e9b3c9805c4 1640691725483 1640691728981 3498
656171cc4870a64aca42bde50ba346aa4a7f3d3865f03641099102c475b794c3 1640691794223 1640691797624 3401
