81bb3e5bbced05edb9b784032e06c9f73a62130e01c382331edca4ecba31192e 1640690511816 1640690512566 750
e561baaab0cb00ec85b67f4dfab26522536f90f242756cb3a1fa7c48544c7d4d 1640690579418 1640690580059 641
d0c244cb9e432b4edc1db05f03747c2f944271048526c4201ed822d63a531b5a 1640690647249 1640690647955 706
b192d28d023728658b5b68f7f8928c687cc9b6afede449dbe2b2e5a5ac4cafc3 1640690715802 1640690716661 859
8c4d30010831f3559187a80dde7801618c5ccde5be2e77e81ea64f69aff442ad 1640690784318 1640690784920 602
08d2bb8d35b68a0f504ae6f0e162d1f3528e7daaab278c7466a05c9e11afc90a 1640690852033 1640690852928 895
324376448de92d6d6b20b87e060fb5f3abd1785c22bf6550b78e90d3f6645a75 1640690919762 1640690920555 793
31a43030432626bf0b3af1724715926e34138388c6a8213e7f4782ebfa4c4698 1640690987069 1640690987896 827
c9f0780e94dfa6d03f0502db8ede3255dff9de4acd71d08c401d6c5d2c77471d 1640691055025 1640691055798 773
36b225d5d6d83150cb1f3b9df7d49dc4c84957beaa18d1483a4189247d076bd9 1640691122316 1640691122989 673
98e4a393858c64b2126272ac3f765d4fddf3f5c3b484482c5b02856d65184067 1640691188706 1640691189572 866
fbe8495e38fcc346329a65581414524f64519be95a529857c8f43f5f38f96121 1640691255518 1640691256172 654
9b246676c649527ce32f0795b0b11a1a1c8fae512ca013aa0178929fedd2697c 1640691322287 1640691323316 1029
0131e2a1d3d94edb2b2a891bebb8599246a7c3a1bd0374fadc508257cf0a87cd 1640691389351 1640691390075 724
37487606214f32875404af0b0250592231a15d067e640359e1d2060f3d71d32e 1640691456352 1640691457127 775
f5644fb60fc56c0bc218ce18fef8743c95563978dc89790a44878161e778ddd7 1640691522895 1640691523565 670
0a09b0bae416c88207657d46aa0979b1b5f863cfbca559edb1975341cfed92e9 1640691589778 1640691590412 634
4d5bcbd8599af5f63668f5552e1c4c0f077a151d9d3c44e5e3da72081bdfb920 1640691657263 1640691657926 663
6148f3bac4f9499149029eaaeee0e48b2f46a0cb1e81aa4d9bdbaa0a10ab4aad 1640691725373 1640691726013 640
ff59005ad498d378e1a2bea4c1a6fc6fc83d42d66506de4c3c22295e1ae69f3b 1640691794117 1640691794679 562
