9963a4a9eefbf4f2ac4a126e2601def8a8431b9dac5650ea6e3e243a0afd44b5 1640690511819 1640690512644 825
5a61ee92de8d60567df0c26596e8ca63965614cbccedd99a88920e786788739e 1640690579423 1640690580080 657
5e5a85d1c84665ccb3e2ebcf635692a4e4d8a2c5a34c4be903005f60a3482e58 1640690647253 1640690648170 917
60ebaff696d81a4c01131d8bde1bba08e7390ce1ac9d0c2a0bda4c267cf0c5ac 1640690715807 1640690716509 702
b58432834a2e7e7f2077678c8f1bae01d87805e5d67afef56f8426fccf8e3f85 1640690784322 1640690785480 1158
bbbd0227c4a317862aa952d6ff1da6a77768fd055a22876118640528104d9578 1640690852040 1640690853113 1073
67481a0b660616ff3d982092d1700808c02bd92c3e8d1df0624d2e3835c7c2ed 1640690919767 1640690921217 1450
ce0c3eb5d5e03eb7448d0585b4a85ce96fa801e597835e1bc9b380a18b40ef57 1640690987073 1640690987955 882
c83a77e62b50160003f426c25ff97f35bd3249c1aff769d485f5a353068e8825 1640691055030 1640691055631 601
d89d618b44e54c686d33d45df8dd573b9e46e659b8b08914664e0fe5ddd9a7ff 1640691122321 1640691123250 929
66eab1d3a80eadd32afa0e75e96c5252d1f32d32c30cbe324a0131155b5479ec 1640691188712 1640691189823 1111
b193bf9454ad4af0c16bf8dd49f9db57e0ffd9cd9b0ac8b3d63625148fe64d35 1640691255523 1640691256507 984
d8908fcd9286c546af48e99734b997e768bf04922844c077d31c583eddaf6d1b 1640691322292 1640691323524 1232
8423c939dacaafb59211ba1a27b0053783451d862a54ef7afeffad6772f4150a 1640691389356 1640691390267 911
2c3aac80879f800a06c9d6ac9d7bc8e46d1177c5efdf74fc70f33dd817a8c803 1640691456358 1640691457287 929
fb617fe8179afd10078fb7af9ea8fbf1cd414aa19fcc7b9db03634ce30d0ba4b 1640691522901 1640691523809 908
5e7a113d5868a9cb05aad9da90f697acf75ffd80e6a378c5f7706ba63cce358b 1640691589783 1640691590713 930
c8c6157596a58fa05713be3f1febb91b48355506a9353288435fa12818e51b19 1640691657269 1640691657769 500
3ea3e98bf6e354f86362664a63d365fb25dae94ac7d33df7d949d4ffa6fc6816 1640691725379 1640691726189 810
ede160fc7af94c5c994cb237cbedef00379a0eb66fc62749663aef864d73f98c 1640691794122 1640691794806 684
