cb6a9168c8916b1e1c63c294de1fa6f36829bf10c776a23399b5b9d75c1f8409 1640690511832 1640690513330 1498
9070ac27a97a47fe14848ea541fe6bd75f847b0d65ace56bbd4f7a76af400813 1640690579439 1640690581021 1582
cccd6e65eb7d345a1e147c181e68602e20c249e1c78d6ddbe9a5bd7076b93e7e 1640690647269 1640690648756 1487
cf44eb65ebe3fb64889c87a17ec88b4518488a8112c679ab4fe54afaf5d2e29b 1640690715821 1640690717428 1607
3233ee90222e3eea26b300558303491b1ff952727178f337ec2e56a4d0c47eff 1640690784338 1640690786249 1911
c3a5eaaff6c01e917dc9aa7b5c607b2bdf7b573941979786502269d7e82ac03a 1640690852055 1640690853861 1806
3801dc5bd8bf4f1815df47e600357564a945434d3694d8a1edb7b49fad4d871d 1640690919784 1640690921580 1796
0b2b714a8fdbe6a90b2fa81e47e94820c911da2502f4e6743946b6f84c62749a 1640690987091 1640690988887 1796
c251c1ae6398a85cc5e26dcad5c8550d3e0bc34339b4de86a46789775b8b2bc6 1640691055048 1640691056769 1721
2b1a85ea6e99a7abeb144b57a0b6266407c7ce0bca9731fd5a8f92645b4891ba 1640691122338 1640691123869 1531
71d1a001c75adce0f4063e2317b654c2e6a1970a46508f33b6c7819c29de2461 1640691188729 1640691190345 1616
78fe2e26117dc71a9b2672c6a68e55d5015705f59eccec96621046e6112fe085 1640691255540 1640691257216 1676
5cfc1824bda150770bd540c94a0d3b15133cc11ed7bf3051a9e5bffd6ba44e72 1640691322311 1640691324229 1918
40639b4777a35ae55c63739b31d31d632d12ea4de8c2483353f5e4dfd86d51f7 1640691389372 1640691391005 1633
9a39c908d882813930807cc1aafc939b472af18be47c46a9017dde5d41480735 1640691456380 1640691457995 1615
0d318ed8fe50ee7f0b5552a512b07fb9f5a977b5bd572c069dad43aa390fbb46 1640691522922 1640691524502 1580
6f7d7f580c690e7f1ac921aeb5ef7a2b65c70b511e142763eacc944ac16510b1 1640691589806 1640691591177 1371
9fc7f347ec3148980e087447eae5dfdbda201e389392a9b21231a7647c4aa38c 1640691657289 1640691658700 1411
8a7b4089b3c03a205d92a6c3813ca4674dbd8f849d8d9ca6cc10e37d589c2491 1640691725402 1640691726992 1590
cab1752eb23c77a278d41632e24f0c245077cd06cf7ebe54eb8bc586b93f2911 1640691794142 1640691795806 1664
