35bd91963c5c82fee8854adeb0a3066aca62f38da74ca1774cfcf725487c0d1f 1640695928105 1640695928587 482
3bb6d6d283a94dcc7f97ffc897654200530c0fdb5171cb38e2c7864b6081c286 1640695971105 1640695971649 544
9368c90d70d7b445d68bab9790bb69a5e65d57a299e81adb6cfe7f85c2bbe331 1640696014274 1640696014867 593
96278b4b619c370b06b0945feee1619ca3627bdefd5045161db94cae258733d6 1640696057549 1640696058096 547
ef28da883128b69f0d41c68d94fb1b2e78f097dc7ed85a7535ba90a8885cfaea 1640696100771 1640696101360 589
62c02005f266041dd5a71f86fb1d8c83a357b0197a84be47de9c4549a499d3b2 1640696144210 1640696144704 494
9b25af1c14d9148f635b91f3ef24a57b8bb44ee7e6d911235074fe0accd372c1 1640696186812 1640696187436 624
dcac89359e0d1c56ca57d23973ec68815cf0577105baef53dbfa3b940db8c324 1640696230001 1640696230511 510
b49d8fb0fde08ef94daaff277835204230068423f47ad0f155828cce391e87be 1640696273157 1640696273596 439
e9bf167f7392b9218ebaddf32bf39d623d9a635d5cb451cec76cee69ec6f541a 1640696316067 1640696316705 638
918f69a6cf37cae049fd06c4661fca2d21ed8e1806cbdc67a1ea7e9e2d0ce091 1640696359054 1640696359648 594
84ba6bebe6e9e3814132ac93849a189df9418df28e3865476fbbe629e3b84bdb 1640696402635 1640696403274 639
4425df764301ad2d8490a7234ec80b36867a17886ea6a2d8d2fad86bba6a2b9b 1640696445949 1640696446436 487
4f6d711cf74d0109abeee0939c1bf9c813b9dcab06cf46a26d962a157d2f9ba2 1640696488770 1640696489315 545
c952528390082cbb4c901208f4975e3e05908daa5be4e7e93f1999e556d0dcf3 1640696531880 1640696532421 541
cd4729e5fb57512adbdd424074666f4a4a4cb33801d7a4c66b5d1f2e1ad36ccc 1640696574912 1640696575338 426
d29cfdfea73b12126401482529d14f9c9b25d55c68d3bcdcaea443aaecef93fe 1640696617634 1640696618106 472
202bf256e41a35e4215171c44afbe65fa55fbd96a3050fcf02b80432d0e076a7 1640696660388 1640696660920 532
d06a52dce76418367b1c5b017077c90ca73ac17a688591261eba4bca94729e19 1640696703856 1640696704389 533
334885cf050ecd4e2cd185f01db11648d37174dc826ff33e7e8de787d9b1e5ad 1640696746756 1640696747242 486
