8f66c056983f08892fb8d3ccf561eb1b57977a838c90e81d4b14bb45e65a7f1e 1640695928145 1640695930252 2107
b26f11afca5229d82b6ba82e42857fe42470a91316e0676120bae31554791065 1640695971143 1640695973684 2541
721635907b19c5d387564056b26af6c106396a813f1e27a18c012d59dcbd6f55 1640696014318 1640696016775 2457
5e700092095fbc624c01cf44f0f5befd0487de7bfa13b23859fa4db599f99068 1640696057592 1640696059952 2360
ee64f5b45964c151e94b54bc250d2de8f3cd940eb5c890af95cd8207157b6012 1640696100815 1640696103273 2458
937cd961dad0a0e1c34fb598ea0e333ba30064fcca5af5a14d9236eb4d6b2b80 1640696144253 1640696146736 2483
d705fc9399a1e3007acc1b0513c21314a17603fb84f47995e6de7f59af686f6a 1640696186861 1640696189290 2429
3f935b33faa31409aeb195c72620c4c5a212d986f887cb493e34f8eff9c20600 1640696230044 1640696232329 2285
894bac5db10661dbab8e3c2bdfe691c8c6d99d486ed786f510627bb9202705fc 1640696273199 1640696275477 2278
173300154ae65c2e95dbd95c42e6589a941362f427dc7dd0418ec0de406646e7 1640696316114 1640696318522 2408
06f33fe056182fced6674ac242a7c7048d5c5e921e69c86dcda455e5c2a79fa9 1640696359100 1640696361546 2446
70141f3ec9119db79db698b21d1531108363cb03497cf1741179c408b9edba40 1640696402682 1640696404270 1588
b751d7784ddcbce0e53127fca43130629f9690e63fadbd1cad6a2079f6451232 1640696445998 1640696448052 2054
4826f6659db90717054a65eb2b2adc112c41b5550c796d17ac254350989b9d3f 1640696488818 1640696491254 2436
88f939a7e5944346b8efa59e9959a906b54c74f6d1fdbd01514e6571705e4d6e 1640696531926 1640696534292 2366
10f9063445aee3bc1c9b935d7ebb82ceeb09e27481d9748e5948cf9192040e66 1640696574965 1640696577192 2227
9c62b394810ff66ec6127bac4370ded78095be178c1ee8ba9b2104f780600302 1640696617679 1640696620050 2371
cf6d52eec3f52b6ed506168d402cc900055c3c94dbbe23c427a4bb5cc3ecdf19 1640696660442 1640696662926 2484
5dbb3f4c94b964acc13f9055766a821ab08b46f8e147e3ec9a17ab60c0b4513f 1640696703909 1640696706292 2383
a816b7cd6c930bc6c8108e6a4d17f99cc47e480e4751c7d747133494b5b11600 1640696746806 1640696749136 2330
