d5f3362aa95480f2b6bccb578f2e8e88f1990dc49c3744d01dc0c98ea07d2ee0 1640695928108 1640695928711 603
f7be6b87690256e88ca86b925e5b302dae3772b0c15ac00bad81274934109103 1640695971108 1640695972296 1188
93d558697dffc8bc64f29f11c87b9432e77de07c885db86b8481005cf0e016bf 1640696014278 1640696015201 923
193caa238df1e5f099c9a315bf4761ae98a28e15503dae76895694986bf19c56 1640696057553 1640696058484 931
7999610391406636d11b0d4a1aec5677cca9119d6dda77632c7a2c19d319d672 1640696100775 1640696101627 852
c0e8ea8af16cb1a2807105fe2ab2d1430811790e4b53a75562e3289b7fcc374d 1640696144213 1640696144997 784
cd3ca5522fed685a28e77bec167eeb3c87957192bc8ad2e01d303b9676251a82 1640696186816 1640696187982 1166
98079448f868ca1f12193bba9d0bd7ca7959221ad65b99ebe3d0e8e8e5e1ebd0 1640696230004 1640696231087 1083
09d3ef7be6ee98a751096c11c1066942b645244eb207a1315ab1352e523a9bf8 1640696273160 1640696274204 1044
7d0ff89bf90a683f61781633ec03b249ebd8ab1c7f10e83de07ba40ad6bc8df4 1640696316070 1640696316852 782
94afedddfc84b73f65a31f777d3e5a1ddc8e13d5858ce03c15878374bb55fc72 1640696359057 1640696359771 714
511771c9217f86839e1891968c9fd8005032f4ddac4ea8e422c822e30dfb03c4 1640696402638 1640696403349 711
ab25fecc84c7d924b6662209ce6b355798680679daff1ae1f0b037033a71778c 1640696445953 1640696446530 577
6126743ca0a58fdb7f41d692a9c3bb77dcc703572d553e0cc60ece8d358244da 1640696488774 1640696489600 826
95e1c9b78d8dfdd0620de1fe7cb743e66293b813626734d2fa5dafa0695dce36 1640696531884 1640696532629 745
ff703d17241e12f62f11770f26ed3475b03cc1f11548f9d37b8f9e6d0b5b802f 1640696574916 1640696575994 1078
8f2fbf62f45d84e473b2fed4423532f8c74dcf1cfd9c262a8733923cb6a6b669 1640696617638 1640696618534 896
01494cb8b2925386134800d7d0d84490d9c2d22224ddd56f748f459ace8fa58e 1640696660392 1640696661205 813
e6b36dbc45b12a934539a055f26783dae262d3babdc78c68ea4989880c4a8bd8 1640696703861 1640696704690 829
36804714a5f123559d29d423d7aa6da954b5487c55daaab0b4576a572f61d8ae 1640696746760 1640696747545 785
