2ab1bcc7ff5a072ab9045d7d565cf9ab37f6bfdf0d69b503c484e7d282695c51 1640695928141 1640695930138 1997
e7bbd90455d9def16c20c01eaaf45268516d2d8711ed7e489113a4e67d6d778d 1640695971142 1640695973595 2453
386726bb7c35b2e6cd55e1e9d3042a62bd0f8ba5c31d26e8a7ee8f66c69b05ba 1640696014316 1640696016783 2467
e19d164617f95be62e92e77b97f6763482a74f0b2d2f454f13ab0971b9ba66d0 1640696057589 1640696059952 2363
d2982d899750f6dbcb3d1c45eca98fdf7970fcc7eebee24461df61ec37da44cb 1640696100813 1640696102966 2153
6b0fba8261952583b57e507d3b642185c61b8b3e5e44d2b13dd89eae9e4164d7 1640696144250 1640696146607 2357
ca87c5270cecc25e1e5461a035b9ed51382e37c2d65e2476224098412fb91962 1640696186854 1640696188181 1327
15b972c739ec78967fc717d6de9a411b67a9879a7a1c78cc97c28379ca2ad3f2 1640696230042 1640696232267 2225
3ce35f71bc89e9b2e064da7b74c3e63c5a60efff58f7b029fbab5f943ee9b5d0 1640696273200 1640696275599 2399
e884709fa8effa56bc667fff62bb92eafd2cbe4f48b60085d766b1e68eeb78aa 1640696316113 1640696318503 2390
376681c754c7c549c9adb799b6befdbfa66bf9ac7c7802924e9fa505e30af860 1640696359097 1640696361269 2172
27efa4e9350ec3925ed29c8e8ae63aea5e2a99188fa5694b0c5cdd06d601bb18 1640696402680 1640696404411 1731
88c95aa73b70873813bd9a63cd75c75220de9e5c781407ef9516a1f8d42f9a17 1640696445997 1640696447922 1925
d2918987e2089ebf25a03c1ac5393e21f538fe1d692ff1b6217a5e78fd4b5f5c 1640696488815 1640696491254 2439
4b6ebbeb0bb680de367114e3a7e0fb581c613e0911a47295ed71a2ffb2553574 1640696531922 1640696534518 2596
bce37dd025fe6499e6e717c15e3048f75b0c0402b4f6331e1e79f2719c6f8982 1640696574963 1640696577174 2211
2b7d35cc736660cabec942e6b9ef1e31b8e33dc1a6eb1080659af2ccdd122e63 1640696617676 1640696619881 2205
0b6cc74d3f479d7713f55f9b50df5679c9fce8e6fbc373073401d2ad04239d6a 1640696660439 1640696662792 2353
3da653cc71bc3ebc5dc1dc02c6519f45aa002512e74a186f8cbf5e4468d39167 1640696703905 1640696706258 2353
d6cf80447eb4ba4a36ee9923972bc07bcfb0ed33972620ae13bc152dfd09b0e7 1640696746803 1640696749142 2339
