d8645c35ef840ff007d2a278dd86b316f76cf5bb714870f638810afcbf3f0dad 1640695928107 1640695928775 668
2684ec5ecba3a08f549fd9f90bc5c40ca943e292b807d24826412ef239b64914 1640695971109 1640695972206 1097
9e5f7943992eae54e30c95185eac665e23a280887b268c33b56d3cad3c293cfc 1640696014278 1640696015293 1015
c221a22c85d66d0729c4794f1348dd245156bfbac946981f280d9d2fb5424093 1640696057553 1640696058849 1296
cae38092c9d38abd9fae608c95d9a5dcbff57d7d20d4cd6968ccd671f250e11e 1640696100775 1640696101671 896
4ecdb8dadce6d2edc0cdcfdbb57638ee7b732c704dfc6b97762a9f614bcdc709 1640696144214 1640696144985 771
02e93af13d9d48438357edb2ad3758c55e8026ff16ce1070268daa00f524f3da 1640696186817 1640696187920 1103
e2443c46b7fa9b2d3a562ecc6264320d7f8500635b054c8408dbc7a7501ae262 1640696230005 1640696230884 879
7f27fbce5ef90f8dff7309423cd664d18d2522469d8d5ba1f928e4c8957fdc24 1640696273161 1640696274195 1034
868450450966f08afcf66bf21dc8f9136fbbe6e8d303543343e3c82fbe5dccff 1640696316071 1640696317299 1228
043a5a3877716bd87f8ea17b6a7a5485dfafb8b062c3c92f19379b3d8654f8db 1640696359058 1640696359843 785
f5ab8036f3954768725b593e2890ca2048e945c8cf2b74f5592958edc765db7e 1640696402639 1640696403340 701
f55ed8ec76cd13ca09e81c4e158502522c86b2ea318fc4c173de990b6bea028b 1640696445954 1640696446930 976
a5a4867c8a5f45f65bc92b9b57ac382021c3f87a10cae7660cd983cd3918a871 1640696488774 1640696489933 1159
953d9be50ea1c52962359ffb94745aa3d998e72acfdd7fff6cf1b3ce628debc9 1640696531884 1640696532967 1083
f3fa7bb314f949fa7942307bd721e4c6cdbafd7a367ce965fe70e21d2fa9f438 1640696574917 1640696576167 1250
a03334fe7fcc1ffee9c09fe9035c05468ec7038e2c1192f2c0f09437f0e5d394 1640696617638 1640696618535 897
dd99b0b21551d233431850a773c6d952a10c59d95fbdbf504d8c03c770adc938 1640696660393 1640696661579 1186
907588ffa3398072cd50166546c2811d3f6189516866af2a4fb429b22caedc00 1640696703861 1640696704708 847
2c7483ca482639c17f5eef379f2d090172446e806b3f00278fe1e67577e01bbb 1640696746761 1640696747681 920
