66aa33022739a7b290c6a1d5f83e14cab8a515bf06402ca641dfb49dcc13aa51 1640695928144 1640695930121 1977
a463fe221df1e14b3f7b41eeb2cb97810431e0c1c971d31b51d5c1f7f22490a0 1640695971148 1640695973701 2553
a5c0c004fca99cbb4a1e5dc002a153fe5e0a8427750dbcc1b3cd796de04c6a29 1640696014319 1640696016763 2444
32e65347d5285208c5ba29f68dbb0ebaf97e58fdd948d20f7fbe26942df347dc 1640696057592 1640696059945 2353
aa20c6cb79f9dbac5b09024615358c932812898e7eb5300d3c5e0ddf2ede5f6f 1640696100815 1640696103295 2480
e94ec87be3cc2ed5798361fe5d6ca2fa9d5c49b346a9fa46f43c12de8d3bc018 1640696144254 1640696146400 2146
87a4ca90df539f8976053dcdea0198193d744f84582efeb8be6ee7155b2d1504 1640696186863 1640696189000 2137
5f488e3bed334ce4a1e3418dc920300eed7b6608b98f5011c1f7fb417eaf2fbe 1640696230047 1640696232385 2338
06ab23bcfe745173b7b20d2916d22fd140dcd65fe2a9302920abe78e60b32202 1640696273201 1640696275505 2304
f180ab400fb9ce38bcab3a74d799d29640fec57d21ebc727c699a1aa0d6112f8 1640696316114 1640696318488 2374
f488ac6ac25264f92c0491996c3eb190e46483ea404abfea8afb05c685f2c9d5 1640696359100 1640696360886 1786
019d7c120199a127eb4dade685fb16739869eaca9908d5ce98c4f2e55c8e1e5c 1640696402684 1640696404879 2195
029444fc44adffe33776d936ac65744f9de2a1a75a2f6bbbd42f52aa6aaf6825 1640696445999 1640696448194 2195
4f261c4cfc26b101a3fd15e3272066d76f8fe197197e2efea740491007676975 1640696488817 1640696491271 2454
f3971a6c0647442d8f23ed0ec12cc021447f3bc95b736ccc15a38384e125e52c 1640696531927 1640696534510 2583
a59d0e325a60822dbaa88e4b3fb1d4022a5e54a52886478e0e52b41738a9e4d2 1640696574965 1640696577297 2332
d959eb29f6c346206d430641bc6633d537a11434efd930d54e87114cae76e1f0 1640696617678 1640696620020 2342
7ea770d1eb697382bb9422c6436b8348cc001a6dbb4f329016d3771e4c7d03ac 1640696660443 1640696662912 2469
915d2216f53a5c97a0c27244b7df56481a1aa3a9f37a1f51f2fe58a20dd02743 1640696703910 1640696706291 2381
11e1ba5101c4840a5b0fd72c6f722b70fe9c932c02c166fbf49463a77e5d4484 1640696746806 1640696749149 2343
