135e8f19fea23542d7028365996bb129a14904d57b480c1fecaa871017dc8ceb 1640695928117 1640695929342 1225
4fda7ef5c3cceab7d7112dda71b2a5136ece5afb28674ce8458884578e20a0c7 1640695971121 1640695972579 1458
fd9eaf9a782ca3d91d3427c626f10056637662b159547dcd2e7a2bc72af780a5 1640696014291 1640696016653 2362
d2879581b040d26d144df3b9b193f647d3d420f853d9b39d331343e4d513cf03 1640696057566 1640696059421 1855
6a4879742363ea01f18d018ebb3d0a4863481c087b764f16d0f6fc6624fd2f3a 1640696100787 1640696102372 1585
382b19a4f0dfaad8c006cc880852baf74166ed058d76a2bc5ba54b73e2e8bed1 1640696144226 1640696146031 1805
e33afdd49c57b984b9d9ad6f4351e65aaf37b2817115e64408e909d71870d52d 1640696186828 1640696188062 1234
f58f1252b1faacb4bb927ea09cea360ecc2548e2afdc7f27be609150bbe3078c 1640696230019 1640696232053 2034
7f9f003bb802a06f5612b6d880d0a6fb42e7d040f50afdb9e7053f28a537370f 1640696273174 1640696274828 1654
4ac1c4a507c4ec78259e0aba421528fc729d6a09ff85493bed6cf2e470c01699 1640696316085 1640696317267 1182
f4f5873477a328f13c15ab5779c99065f639506c617609bf7fcf15db35fabbce 1640696359071 1640696360499 1428
eba2b0c018557c3f3dfaab968e1e612fe0150be62a1a0b60b16464bb517a144d 1640696402653 1640696404320 1667
614444fd2d6bbe960e381520939c6adf07d007dacc21e67cb1352911abd49d12 1640696445967 1640696447356 1389
a059096e1a4a0890819a5966a39a022b0217a7d721e43eb917be6411438ce75a 1640696488790 1640696490826 2036
8e68564f4aeece87c638ea23fe415af0872d504b2845c60633c31713135256b1 1640696531898 1640696533345 1447
08aecd3e8f22f1bf86b8382789c3e19e23e98ab54c5c07890476bb7b674184d9 1640696574932 1640696576761 1829
d5e6fe135affbecc7b2a705f4dda55bb750b792542e6bdea31643c6a5f1cc361 1640696617652 1640696619191 1539
7e28ff530428d0118064bc5276606121aa5ded2ea2f87408c703638cf6ad8e17 1640696660408 1640696661921 1513
306404b2e51614e1012b3681481ebf8d4b9f36c0ad880ed3e18d5f0bd233e59b 1640696703878 1640696705625 1747
9690b512097911c578c5a177efae9df516bbfebba1851a07cfc6326e9e2a7043 1640696746776 1640696747848 1072
