9afa40fda5ca4685f6c4f48f2133efbbcc7d916b9f792c5d7cc34067e74eb972 1640695928108 1640695928746 638
48957433f877a806168ecad2cf4c1bc0505b597857d8111ad9c3ffdf38e52ed3 1640695971110 1640695972224 1114
fef4da20155bed418fb5567fc0ffbc57a0444d7d477f17954de22da464314d1d 1640696014279 1640696015352 1073
3ff98737281e11485b131f160a76d2ff89e4170b2c72ca80d37e1612c18f529a 1640696057554 1640696059060 1506
3bba4fad88c7338d34f31910003265eb1386aaf79536935ca9cc7bfd6876ceb7 1640696100776 1640696101696 920
d269a5e2c7677a0496eb31d28103c31378867b5a03900ffaa985f83e26c2a5ad 1640696144215 1640696145330 1115
80c18201b120727eb850c5a30a34ecffac14a981ff0b4a0476fe3489663527d8 1640696186818 1640696187977 1159
1d7dcd38c5cf784b504cfedd1cde279fe9cb10cf4b3f6d4eb3be6418e0ac8707 1640696230006 1640696231207 1201
d11a640a6c514c034a09c2f6e8db9bba53f30f54e84080b14f80842138e2cdd9 1640696273163 1640696273991 828
6d8f1e7804a00af15e2bf5033416b4340e4f8c1616089443e48528a3f00aa1e7 1640696316072 1640696316677 605
af2bd32cb1e42123738bdec19fc6957b37d7cf229ed2eb5c630e212dd0e2e7e9 1640696359059 1640696360136 1077
16a5e80e8c4c93bf599fe8f6bfb1550d433c04a6bd198e41306ce542a5c477e7 1640696402640 1640696403273 633
80c104a9f67d4a3a2d4b6e4015cf8f53c60cdd991b3170d58ba57651682413ed 1640696445955 1640696447295 1340
abc21717dfe4c95605315d3f4e4d2cfd5d7ebcf3b95c276da261e3f09fe56131 1640696488776 1640696489408 632
a8fed7b94d41a68e8483138c92b65ded9e6faa558c50156f9aa0a98f1aa7aa06 1640696531886 1640696532424 538
4095eaa0e406e046187b52518034cae036e1f106ad233b7dc062c8b74672ea8e 1640696574918 1640696576049 1131
912b528c887c7d07c3db9891f0000875535d044509d884e60d3d03986f71e7c2 1640696617640 1640696618693 1053
1e4fcad07733004bb37da8dc9a26a284fbec18d3a0cdd1a56217f83217008cff 1640696660394 1640696661851 1457
1e8e839c8fea383a22c6241ae1fd1989aaf731b99ec7f08664d2827d6ad6dc70 1640696703863 1640696705066 1203
84663602659e6b4e35d9a2bd558840408a2e2787f29e90a4fd7493c19fe041dc 1640696746762 1640696748031 1269
