60e2044cdcf5d48bd9e5b178452df70c4b39a8d1ecf36280666dc91b85b4080f 1640695928114 1640695929318 1204
f5959036f1864cbac116d522b5d40231695ca69876a8cfbb002f6fa7220d821b 1640695971117 1640695972552 1435
ce635e0a41299e46ddc42b4e6756171919511f14831e53af123b794d38ea67fd 1640696014286 1640696015601 1315
e68ef3daaef094d6d39296c6d6d17ede6ad1a178ff1f6f0e697c8d1a29c9c319 1640696057562 1640696059390 1828
f5d80e469d9fee9a766fd6fbea57be29ef03cd473274b2829d49a8ed027743ed 1640696100784 1640696102382 1598
8ebe132af3037799acc55fb14161e0db9068cbef29261391b0bc07d62a1537eb 1640696144223 1640696145928 1705
793493abe2d1d625c40459e793728bf6896be62b5d1494273d959f09b6cedb1e 1640696186825 1640696188101 1276
2ad127fa3c05ae7d775e92cb2dd638ce09c8e340a6b555c910215369635605e1 1640696230015 1640696231520 1505
70d9e7cea237651d770bcb0b7a3b2c7f2d118e6621a0a31f5bd995ac20ded096 1640696273171 1640696274497 1326
bc337c3726e82cddc429c19994ce5eb6d5d2d3ace1b74ecdd2696e8086431078 1640696316080 1640696317236 1156
de13963353204164108dd619d7e5e2bb4c899418190a88669a40d4466dd72b1c 1640696359068 1640696360527 1459
3c1768d951ec89868a132e5e29b407133ed053c996459b8db5b34be0006808ff 1640696402648 1640696404257 1609
8d0f2f142dac2f66f673d537552e8a82e754229946e3e5a0023572cad2133410 1640696445964 1640696447355 1391
178bab1a2b8dbbb12840439a55b9974b4e124dc7c3521063af366baa753e7cc5 1640696488787 1640696490045 1258
a8487d561daa663e4fc3bdd10d888f463c285c3e5aa3ca9267b83fe51baf5733 1640696531894 1640696533689 1795
a3d349d0694829e6d5e34700e19db6f10b371f6a2761600026e9aa74a8212aa5 1640696574928 1640696576553 1625
364fad15eb10df7dcf0f70934b109c2074478e885e7db940a7991b3bcb5693e0 1640696617648 1640696619120 1472
0d8b6ad65b62bce3a86f5d4a456351f3949f21af2c9594066a784f4df4f1d97b 1640696660405 1640696661856 1451
7405ac17ce9ed975f77d63ab967d40f10d6fb2f565538918b6253105a96668e4 1640696703873 1640696705063 1190
af8d4ea9c8086b9157b8a06ab11427b8cf5f59e193304f586e33e8dff04a1b88 1640696746771 1640696748279 1508
