7143bdb6b333d816509da68ea607e8e247558740d8a0a7fbba0f04054093cfd8 1640443832414 1640443840292 7878
4e7b3e674e4728f141e2ee1861e99de4940f57010b922a2bbcd0eedc497f9279 1640443912794 1640443919873 7079
62d811bbd25b98742d63305c7e91e28d64a9f4e2cdb5b17ede84777dedbad6c0 1640443993920 1640444005271 11351
f12f1784572628a097d2c1ca629731cfa009ffd44baebffa48b343c3feb5bf3e 1640444074116 1640444083202 9086
c85f53b8192e0cdbc406c932fae249f1120d2c447fecd55e8a79bfa43d15f257 1640444153421 1640444161672 8251
a533dd36683192934d74e189222411ff8f1fd573aeae69c87cebead39bc4af3f 1640444233604 1640444239446 5842
1e7d1e274a288909161349ba182871c1b68ca46d82733480d7df3673d6a2450a 1640444313949 1640444317850 3901
bea5ea5397803498737e81e8fd52a0a5efb9ed6118280f0b3c538e6abfc01972 1640444395197 1640444402073 6876
c547f96c534a0fbb69372e745e2003cafb8fe490b786632a09a67ea62888b14e 1640444475640 1640444480262 4622
fad9674433aa56ecf010ea4623363936de4f71e526a1cbe286691c85506f9b45 1640444554986 1640444564834 9848
8ef0f6ef1ca92a2c0dbdc801b2871f771f49b103d12811c0b1fc03bde2c39abd 1640444636273 1640444639734 3461
998bd2e18b4c1b73aa754a34aa9d812eb7981c9bd9f34cb10f7c09997d260088 1640444716396 1640444722093 5697
c93da06ef20dcd0389042cef57df4f73fe7410058b71cfc13fac372b91bc069b 1640444795549 1640444809494 13945
45fb1586994f21a120a73d2c2138d004f18431053f4d639b01883601ef5533e9 1640444875730 1640444885840 10110
f1ec5bc51bac8b37ef6b38e5810886212973673e5627e3455bf9808091e65e29 1640444956172 1640444962190 6018
2647a080ad693ac7218ddcced43dc5c5a1256cb6389d2ed54e9d90009b394a95 1640445036440 1640445042440 6000
f0bf1bcf7fe1ea400c35570655ef6f43ab3f1d3f098c6822c1ac5b867e3f1ceb 1640445115926 1640445125170 9244
0dae2ff25a44e5089a1e7648fbcfed13f2b8931d9989611d490cc102c10b4fe2 1640445196499 1640445202826 6327
57ab3705121894df38b2b394f3b34aa30c71fb517ee4c3f43a5211346b0fa08f 1640445276817 1640445282947 6130
7c74c07a082b01907d264d18d90e7c9ebe79fa6876c07d8a53f0d59bd69f0279 1640445357041 1640445361357 4316
7990a36c34e4b1fe80e41a8c41546ab917f803c9fca5c9405fc318402b7017ec 1640445436835 1640445443216 6381
aa22c8f7579de139967637c7353f806ad3d4ae7f73573206841c57c1799e12ba 1640445516539 1640445522983 6444
25696ff04c65906e712b0ce865d7ff9a0258af76e5ac9f8c45fda37fbd5caeed 1640445596496 1640445602896 6400
058eda6a29b18b4dfeb007b84c0b989e4b924e83bbb5a521c4b630713f5d33a9 1640445677131 1640445682293 5162
da530645da722067e54dc9af2c8421021a012089179c4bb2a1243677dd615ca0 1640445757725 1640445764883 7158
ef9b520c98a10204bbbfe792d95580617fd7a1739973901727d51ffa4912363b 1640445838023 1640445845360 7337
4643fa3505361709e5a59b1acecd9df0a9300a8999a1f6a424a45776d062f87b 1640445919469 1640445925445 5976
afaf567a8f08095fe157c06c6f4f50dce21bdd1ef5758f0a509aaebc729d17cc 1640446000328 1640446002599 2271
1a66e958b3ead390308fbb960f42cdf839f56c5738d163e3d48f8ed1ec0f4a1b 1640446080824 1640446086343 5519
2fe34df1f1527b334bbdc6a4ec22c1d21e7bd529981d3b7867b2337055821b2f 1640446160899 1640446167503 6604
f2b36d749cf13680696c0dc383c9d28bd5acdac0199b42eb72de09fc9775b482 1640446243398 1640446250974 7576
bdfd727da0e70d526bce47cdc5834898fdf9b3bea88ea7208105d0bbc897b7a7 1640446324364 1640446332284 7920
92ceaedc249d64e117a753202ca621f32f70b5a3b3072aa9fe63ede5e40a39f4 1640446404411 1640446412519 8108
26f6cce748e38b2af1bc7f91cb67fd4c88b616c76855bd778c148ceccfcd8ef8 1640446483563 1640446487115 3552
570f5ff2a102b8617bb1e53d521c7b691a552106081c5a2a32c9a7cdf3f5eeee 1640446563661 1640446570865 7204
ca3d14ba03595faef473956f3ec87f986a8a0b7a359680b43fb1952b3fba6e65 1640446643312 1640446649522 6210
b0bb7cf6d88ad3cbbb564f7e8e5ac8d2997421e16b577626a86252439b22c6f2 1640446722743 1640446729711 6968
02b7a4ef47e723be247b19ac384f036116ebc3eadf6f103cef716567e5ccc556 1640446803348 1640446810660 7312
fba0c76ecbab98dc432b6a0f381a6d65cd5059a19b954e6d0d5de5c3e6e7f2d8 1640446883970 1640446889435 5465
38f1365272f221bd41ae3c9a5d10927159c12004fff3fe19e437b9ff5aa85b69 1640446963496 1640446970977 7481
870daf5225374c85de3a8d2a1b3c05e72e30e76d8d36e39a962b78c720fa23dd 1640447044264 1640447052027 7763
3b57833e4f3b9bdb533feada8ed6ea8aa739f5704d61cf428171cba242e17ec6 1640447124316 1640447138741 14425
7d0c40a34b59317171b6240fb66fcb078f67a40d67a1224732694064e04726c1 1640447204154 1640447211676 7522
bb7023f31b62ece63d75181671369181896f6b11fca08835cf413c46485d491f 1640447283787 1640447287964 4177
dbd0b05c473c7d8c9e2546a51d1e61bec822a4906d7e8073bb2713bd5d0caabd 1640447362941 1640447369928 6987
3f69b9653628d6550a36b8509e84c38b188feb310ce55de71e9694ab2a5c34c4 1640447443055 1640447451789 8734
7d69e4edbe2485db1e91f618171cf6e7fdc94e3846b27b94ac38167edcdd3957 1640447524084 1640447530912 6828
c714f255b298df803bcc2ace95ccb0e82dce8c1e752bd2a71c6a96bd76916f9e 1640447604450 1640447612692 8242
8934efa21c8f98c5d00d9246db1e19286bf0910c333deeb80620f165026772f1 1640447685213 1640447694196 8983
8612f0370aa1c9273d95d2f66039d28d021a8ef1d4f07897a57c30597a839eb0 1640447765612 1640447770094 4482
