648be381594903b506589d7de74e25dd7654948b79858ce771f35246616e2608 1640443832463 1640443848721 16258
10eb930bab7817c0f55a98a54367f2e38366e067eb0543f73fa76c82920de1fb 1640443912851 1640443924162 11311
4e7dbfa7fa175cbe06ff08d48b0236625766270843d6a3d8d1d3810c11977e39 1640443993977 1640444002014 8037
c7546eee428ba3b8510f7d79a148ef3ffea7a2e6557eb284c530ac0c03813a87 1640444074170 1640444087182 13012
485362528d9b857eb9f9063cdfbfb481d44afe2b9f8bae24075b1c6c5c91f8aa 1640444153475 1640444165329 11854
b8c33fcc2f79a923ee0a749c7842c17ff24c0e08aebb9e73a88d9709c9b99d71 1640444233659 1640444249464 15805
ff733ae4493b543221dc3d4b80d53bb530f1da279ba51763a756367ce57f36df 1640444314011 1640444329752 15741
0e4ff6528897407c904174cca355e5d2b5528fde794af7b6c0cce751a11a9e9c 1640444395271 1640444406833 11562
4cce886712c2bc3ef387d384f79c2d66e3e93134592cffa3a303d8050cab5d66 1640444475708 1640444490241 14533
3e9e5d22bdf5b0f426b1f5f84956d88f4ca8d29a7dd9f3ef3ed7766c76a54520 1640444555051 1640444570096 15045
4e9ae87924994b14f85a75a8afcf7bd837369d22fcad2a4abdbae681e23f023f 1640444636346 1640444651540 15194
3e06a47de0e2f70197d388f296145956d40db9bf791067ffa59ac4ddcab78fc0 1640444716462 1640444729060 12598
0d81f6cbdc70cd7f018248b5dc3b48e5f61a570071fb3999d640156096eb0dcd 1640444795618 1640444808748 13130
3493717fc58b47ca748dfea57562b0db830e03cf7c48944d674a35d8b78677c0 1640444875804 1640444888738 12934
05a8f9cbee118b586721150d477d7ab1000883d74c5386eb221197566f355115 1640444956242 1640444969580 13338
58545245bc21843f555b76be8b18641026b76f5925129646f397f862fe30178e 1640445036519 1640445049587 13068
a8236fa02a8a97ba72126c0636510f511810f37c91edbc6af97d60c28bd825b5 1640445116014 1640445130126 14112
18d3312e6891e1dd387a9c611f259f80db9f630d015d62c22f3c4aedf9bb48b5 1640445196585 1640445209026 12441
3b2fde48f9cf9077a4c98d21fd1932e70626ab7977571967c991f26e160f0c37 1640445276912 1640445290413 13501
977097ce08c0e9ebbf94a9ffc54e820a0f954c92e09d3eb77bf2406a1f36b623 1640445357138 1640445372377 15239
b0c38413d2f2131c161af48be83424dc5752946169f1b17af739ec36bb5ad525 1640445436928 1640445451982 15054
6f3de3252411a35661b5860013a625040fa0039cf460039291976a0b584c2528 1640445516635 1640445531494 14859
8e8a62dbe67577c5275137abc9a108bd04e7b31d1981d03da0aa237b2b4e5441 1640445596578 1640445603182 6604
d75966fa0011c22b518a9693ee6d7f2f86586ebfa193db768c6360fa3c18d1bb 1640445677210 1640445690084 12874
7ea29a374182bd4d36d82e625e456c180b4eb26b0bf8b730b37e0c45d498beda 1640445757800 1640445772632 14832
4e82e373080f2237fcf62bbcf2608dccacbbd2d9d806e94a610b637d2ec5e162 1640445838137 1640445854747 16610
b7c068ea2b853931ad7c15f66ae358c7d2da187dfeec15418847b8f35b779144 1640445919559 1640445929383 9824
59205b601b2927f79817e94df45d584b337933a7b27657b2234d3c7836facc01 1640446000424 1640446012149 11725
e63d46fb1f0ef87ed7af9f8552a76179985ec05e248967bbaf2c01d680e1c584 1640446080925 1640446095391 14466
37e8deaf98819ba4c48d550ef31c387d59b725ec57e6284de920ed8bd680acbc 1640446160982 1640446176260 15278
5e951d7b2f2e5cd24b6cbfb8087e223f26c6047cff074dd1177e6328df5fee08 1640446243506 1640446258680 15174
df6080555a0c3570dc4726e7b7ab9f894eba080e4d6cb0da4a4bf485fc7914e6 1640446324466 1640446337742 13276
12274b8379f2ca05b715858883605fcec6ac44f18c6d112412c86fbf0f12a573 1640446404511 1640446418637 14126
30e4d3b3a4099295b6adf810a2897763fa2b2482dd8724771f3f76ffc125f8b8 1640446483679 1640446496620 12941
4b5f64faf91ead231889f18a60e670ca424cb8c7f9cfe73fbc002760809a78df 1640446563772 1640446576295 12523
a6555d99518a76d82510958c89a76e7c70b07a4fa436dc4653a096d1059640a8 1640446643412 1640446651144 7732
8d8334db6a45c6139cf3e4b263aab1eb08427b409d542171fa45cd9c8e2d2987 1640446722860 1640446738131 15271
1d9ee99230e89cf5410a5e7626549fe96d230a15a53c8b76db81df2af5f45f21 1640446803456 1640446816451 12995
7ad20d4c2e8f91764eec8e51234015d57ec0b84a2abf33d3a0ea439c0c07fa1c 1640446884094 1640446897731 13637
f834e9a268505258ec28b76c573c2615f329bd022b43930e549d4356a9252dcd 1640446963622 1640446973600 9978
75b5c065872df74b636762fcd8f2a048480c5f0433a176e5f688462aa1eb6495 1640447044414 1640447056954 12540
3ed2d192d86bc246dbb387a1816df45591ae5197f83f25f484e2e77ec3ea9a9b 1640447124428 1640447132391 7963
f7f2559c9795f8403e428ed1de7ff8e37513dc547559d0d9e405e3df31cc0f1a 1640447204285 1640447215271 10986
71ac5c6abba7e2fc7e7af469b1194e06f2a5cc2db0742161624e00be36c15153 1640447283951 1640447296154 12203
0bb55509718d9b06dfffecc1dbe1c12f256cc6b4766c8bf7cbd784379c09f7aa 1640447363060 1640447376236 13176
d1406a566b2e2109542be743bf91b31aa9dfd21a73a7089f1badce91cdc3cc44 1640447443168 1640447456884 13716
ee7397b4775e90522e577534552276007945a8b5c5d094263fd684a477997af2 1640447524242 1640447539090 14848
0b34072488ab605e43feb9f2569beae1b1cf39d1ffbc067e0e8e8e69dd447e68 1640447604558 1640447618515 13957
7d0bcbebdf70d94aad38061c33d059d56f92666238a344b5309c40c110d70dd4 1640447685373 1640447697139 11766
bd3a3a1fb7af1b4a2e9a5cec738d9718ad5026090b42f402a0ab1118be260573 1640447765773 1640447781520 15747
