6d62b6e15c3752b813635db452af6c9e0dee33fd14cc4a0f1e30c9eb8eddcc55 1640443832452 1640443848721 16269
50b1d735d96edcf548c822b179c11aa8491b688a7024771d5785535f33afb23d 1640443912845 1640443921894 9049
20d37828db943848223dfcefbceebc57dd15a2616a0c4e64c5f56f861a71a8f5 1640443993970 1640444006823 12853
99231faf3592b19eecce4dfcd714308ff34c21e0800f07597ea8ee89df8c0eb8 1640444074164 1640444079392 5228
01c04fec4425f8fa6ece1c22954914e950a0df09babe8d9928a266a55eeba6b0 1640444153471 1640444169164 15693
3026e441afaab78638043d1ac74d12413bfc550c41c246b94e89a0da597e888d 1640444233653 1640444248031 14378
019dd7ba1b0811e44d7156caea1ee8f8f428d5b4a6edbb81fbd959ae249e4148 1640444314003 1640444329555 15552
372f6a163d971f5ea35b9837e0b3bc891f686c4e282da5ae596a4b41a7f4ba22 1640444395259 1640444405160 9901
218c636703b61fec9b7223ccf1d99cc16e8218b355dd9daac92ad1671adc7876 1640444475692 1640444489204 13512
a33e54024eb20c48e9093f3c5fbd36ef613c7191d3bf6acc47e770e59289a028 1640444555042 1640444564616 9574
7f83c71ed913c0eed70d26e0fe9bd015efc9c4f14b45a648d6a07a3cae81c2f8 1640444636335 1640444647377 11042
5099c9af9d7b1e6c7c12eb72b86637b7fe1379dc94ae086cf68743fa2d81a31e 1640444716454 1640444725465 9011
8c640c891e746d2b476fc4049a6d1618fc362a330b37cddfa257ded2f4047761 1640444795607 1640444807114 11507
853e7e0e1d82bff2b3b3a0b4f47b4e65fa25d44135d17f363cb62a63c8208463 1640444875792 1640444885967 10175
b64aed50d81199667d8e56b8260ec7e0aa5c3fe3aae2ea87a005deb68d42f613 1640444956233 1640444967003 10770
ad46b40d4dd80a03de12e76e2c48d7a2fe656bd625e5301e0dbce43d02657d4b 1640445036505 1640445048789 12284
dfd00678bfbfab98de14dc867b1d180d77fdb0bff8c05791cbfb935c95200e7f 1640445116000 1640445131656 15656
fb525ed39793dbe2dc4f1fa12f8fabb5ee5a79ecd10e82faa019e8ac7771d88e 1640445196570 1640445212361 15791
c264504567dfcbad21a2b3b4c8feb334549d4c96239287deb747f35d88273e4b 1640445276896 1640445290421 13525
8b69783b9728a70abd6afc33b1c3678ee459c6350e5619f9668c890a9c6c58bf 1640445357126 1640445371485 14359
6fc5b2987e3680bc27e9d52c2ae43c8f5d7c2f2c0f9e606c01c061edd4b9dd6e 1640445436912 1640445451451 14539
30703e022089950f8558d7cc4d0bb551ea84c7ff6bf7a1de5a15bcd73eac7d2b 1640445516622 1640445524707 8085
03a8412336c2c659ea8702c12650f8c8992edd70cbfc0ec3071bd34003041f09 1640445596563 1640445605107 8544
b4993bb379dbf4d2e61cde357f05ee9a27d84c6e0f0b56e8ead9fbc23d175d2e 1640445677198 1640445692980 15782
30af2c555e70956763bed7859fd6f7126039a50dc81b32c1deee4914a3e4e44a 1640445757791 1640445773470 15679
827a5efb58198e74a40780c3a7d86a2fac6f1a6424c8a5bb3a2fb6720b77c4a3 1640445838122 1640445853606 15484
e928bcca21e4cc2eccc01d2808ff50829ce1fcc67cac39ad53984d9570ce0c10 1640445919540 1640445930520 10980
d41a53cccbbee5ff29d9d2059f31d3cbdaf31b71124d063f4e96b0ecaf925877 1640446000407 1640446011036 10629
cc9bb18e609a0fb7f524b3068fec3c2908e91b60740da8b604dc61cfbcbe5b6d 1640446080913 1640446091962 11049
60c42f444d4fc306fe093c0ab32915c4a73fe7f74ba2d366ed4101aa21cb6507 1640446160968 1640446176208 15240
3f22ac495a68df65178a8c7fc973d5a5728778e0555b7b67e94af630fdc2ca0d 1640446243485 1640446259523 16038
daae25d319c0cbf2ff4ffb74185603d5ed3b9f70222386a5f6b609e9ba01ac63 1640446324448 1640446339285 14837
7554e69d8df9d23467413ca413bf7bdd6a21ba41ecc1105e566dd200a4bd6dc0 1640446404492 1640446411071 6579
46bd1a97eb5bc52056dc4af773b8684b493925c0e6bc34254423a2a9efd1d2fb 1640446483659 1640446497634 13975
2612a33764fd4f4f0305fb001fd5f02489a8007d1d4bcfc2786f48b7b92564b1 1640446563758 1640446578083 14325
864e18e1da11d4244130a71375737276becff6b442f471eb41ab69da35032d8c 1640446643396 1640446657229 13833
2972e00b908bc47b42ffe108ff03c328610ca1e2c1b8bcca4103a668d2e7969f 1640446722842 1640446732063 9221
af10583a3e41b6b4b30c84b668aaabd0d8faa17d6ea6ce6627559477f279fb9e 1640446803440 1640446815102 11662
16f8e23c0c855f4fd19abe7ee4454abf229ab593b37a0ebaf87f9708df0f2497 1640446884074 1640446897710 13636
f45f167933e13ec8e0fe81aa446e57b97d1410d3585eaa6e67f1bd855dc9272e 1640446963602 1640446975890 12288
8f14ab97691341be61fb34263bde64889ef28450d9287e94dbe324685280da2c 1640447044384 1640447057041 12657
4c608abbca363a24e85d772cc4cb3d2e2d91317f31d75eb9e33fa1d289b8833d 1640447124413 1640447139579 15166
ce434bc0c3dee7740d3ddeaaf6accf0002697dbc69f972cd028e18fc38e18cd7 1640447204264 1640447218950 14686
3dc148011aee1d3bf14451fea7e896ae3a37113fb44ea1e9c8941311816f8279 1640447283915 1640447294071 10156
41fa3321745beacf6640596eb1dfc9c44b766c3fa8f86bf9bc268a5808c4b55b 1640447363039 1640447372510 9471
d0578195fdb7f604a15cd2ce0fcde54ba23e4face6f1faf92a31ef2f1ba431dc 1640447443152 1640447456878 13726
7195f21dd85c934dbe3e0971cd4450684b3f6c372325db8c33bdee9fef49eed1 1640447524215 1640447539189 14974
6a27817c4297ea7fa2a13f15c6a95ad8b329a3f066e65a2f4ba87f54f0b18995 1640447604541 1640447613500 8959
a69648f2a50bb627d7acc1d46f8322ac7d68e9abc6b640d5119b7d97dfd36aac 1640447685339 1640447698102 12763
4a896143c4644f55a14be389bb2a8fbc14a0a9f07e191c3ccd24e13db31fa63c 1640447765736 1640447777600 11864
