d0d5d42b7834efa21a8478313d68909012d2553ac7a14f2a4012bb93bcf0c185 1640443832477 1640443848721 16244
ec22ecc447a8d0871d033ba07522761f44db0d43fb6515005cfcf6d74f64c0c1 1640443912861 1640443929274 16413
b143a3710f333f33d2c162f79f332d522570c3298f51dad20baf6929fd2f6fbe 1640443993991 1640444005435 11444
aba067a1b57e68878f2edf77b43f5c6add1622ab630f04e57036c5dfe4c39f3a 1640444074183 1640444088492 14309
66333d587471fbbf439022f1ff52846cd50e21e92d940a4039050078db9fa275 1640444153485 1640444167410 13925
3cb19c46449834776f4a5324c5a121c64f46486f253702fefc604a7b6890d65b 1640444233675 1640444245413 11738
26cedcd3d27d65d083299da76281d12c528577473ba65fa0874da8c38f44d770 1640444314032 1640444330507 16475
8a377605ab76b793771e36f90431fac84246930a4a49f18d1bc1e17af605e5fd 1640444395288 1640444409688 14400
f633036167b81f9bbf0d4b86fd69346f1629ff6c537c28e982695cbecc7ce749 1640444475723 1640444489435 13712
7c871cf2b66f0528288adc81a339dcb2fe12fce46ac5eaad82d5b465ad7ddf9e 1640444555065 1640444571161 16096
6188f2e44de24f2ae60c5d524270427a8c363c407724a1563a3612820e2aaa81 1640444636375 1640444648806 12431
e9e8f2279cfbc8089845ee5b6de1a550bba74a36ac45b9382a95f7e04da8007e 1640444716477 1640444728200 11723
912969cb7a2ecf28c148d76e308a5630f383188bbf8a020bf8500e65f3826638 1640444795635 1640444808129 12494
7b43046935485101a620023d2b4711ad7b19ada575dc385c3c9b7bc9c3ebf94d 1640444875831 1640444888887 13056
e5dc7597d14f5adabb1374a8d057aba4505814af1fd5df6dd402786956e42ecf 1640444956260 1640444971392 15132
f4b9d170deaffabdca577f9ae8525512d193e44c750aede367cbf71c16c1a836 1640445036549 1640445051210 14661
c1b74f3474157df9ff3cebad0b489b5cb5b49763f760bd360056e8e1441a0da4 1640445116036 1640445127166 11130
f5a44403ed35cba2f11fb250ebe174a432d92c951152a2f7017c8acd86661cbb 1640445196609 1640445210188 13579
e5f6f0cef8a35b8f80aa764f6502383134969796a92ef370788c60f560ceb0c1 1640445276939 1640445290668 13729
2514d44cf05319da49c70990f61fea9a40904447f2196a0ad24717751c40175e 1640445357168 1640445372776 15608
3526f62d2c1fd8a0b34c5c326a9217ec55444a9470b031bd0f1a21a2481fc3e4 1640445436966 1640445451914 14948
47458fae857faa1a636f9d05b4803fdd6724e96113ab2cb59de492dbf01707c9 1640445516664 1640445530168 13504
7b72817898ff6f5ff3bf5a5889e964f6181e2d5d76f673cf1359804307197965 1640445596602 1640445607764 11162
4834c7bbeccdd2b343c11538f81f5b5754a00a56f76b9b734beb9e9b50e7ca17 1640445677236 1640445690602 13366
ab861267ebd52dc6d374201c050ff43db2ace135bc204e2fe611fd8b510a682d 1640445757827 1640445766151 8324
ab3cc5d9a4cf36c5f0a70604c216a6645ad18f0d59d1c4f830649877e903bc8b 1640445838166 1640445854594 16428
d8b3e7c0fae39f32400863b237273da72c49df7f41e639912fe0c7b46e32a546 1640445919589 1640445932620 13031
c5cec198b5fccab8df2fbedc81b412bf359d17132acf3a5fdbd4126b2cfc23cb 1640446000465 1640446008135 7670
e0d2d1ee61ae842b3a32d946afdada38141879002dfbd9d8f84858449375de6c 1640446080950 1640446096368 15418
5e083f8fd3dd3418f5267b9f158e6c5e21a137d1544a106d0d85b9cf6963dabc 1640446161018 1640446177430 16412
396044caabb3ba97fd84acc1c144de539ba07bc812e4c0b770982c837c617a52 1640446243547 1640446258816 15269
90cedbc508fb6959070f924200971d980a3b94d992b8e279fd776ebf77003b62 1640446324489 1640446336912 12423
9092b23a136e40ecc6ab146aad0c5564249aabb9f43b36ef6da612bb473eadd8 1640446404541 1640446416383 11842
a8fbd2308f16ff2257e47c784f9df7b7402b048ddf2d37f6a60fe361cc75fa9e 1640446483717 1640446497279 13562
096fa640112ae43b18f68f5421dca4a0bed3a2a61720459257e472886f805141 1640446563807 1640446575367 11560
e6849566db37350ec0cf300bf891152e48be76c0022847e07a03231c050d3c72 1640446643453 1640446656036 12583
098e694a1772521f4bad9b58ef96d344237003342d91ae39dc726236ad03c0d8 1640446722911 1640446735818 12907
ec2dd7b872a16f63d73c37f805ae010418f8fc0621a62ec469ecf41084aff4ce 1640446803493 1640446813540 10047
423ede304351b45618ca0543939a7082684be0cd6cd9bbde37ab3467f950e26b 1640446884136 1640446896052 11916
6a84c698d3d713aef6820d8ea7abff1d38c5f5723e70e7ce646dc3c6921be470 1640446963664 1640446978975 15311
48efc3926c25a3c217f6b93db60044eb7b324822d9cae763641209e1599bbc94 1640447044446 1640447054469 10023
1dbe900c1130cdc87342cde07d32ec1f40dcf78f0d58d5c8cdacbd3c8debcbc6 1640447124495 1640447139564 15069
d27041a80eefa17a7e6be20189928c69cacb965a33747cd1ad00c24d2dbda955 1640447204327 1640447214325 9998
1d13e5224297f48af6ac2b9734b5745189e83d3141a8b144c1b32e0559e78896 1640447284042 1640447298714 14672
bc1b859d72e62baf4f245903e721aa8344e140cecd91a610de245681b86e0b64 1640447363110 1640447376207 13097
7a18d6a947d0f4cc8733d0f58382039cffc2b2a95504cbf623280ef2115647d3 1640447443207 1640447457914 14707
7463f345c0a8e0807c0e659e92f041be659bb17b848f2d6363bffd3510eb792a 1640447524284 1640447537193 12909
97849392b7f82562fe107e48f63ee75056622df4a93fa08fda16d5121ff4d46b 1640447604595 1640447618662 14067
fd8fed5617f94ad63fa0a258ce12fc424259be677e26cd4a29e055840f4554a6 1640447685422 1640447699643 14221
87491800a13ef486afd2a647b38b80458cdcf8953e6ae24c3c5152744f7d3341 1640447765853 1640447782255 16402
