24bc6a4315d1869c8a2f3108f52875315167dcac498dc34d485493502c4e5ebe 1640443832418 1640443840524 8106
5f6faf76d8444e0526e16c24032df9ed393edea3b7d5536affc7221fe076e24f 1640443912802 1640443923018 10216
664deb31ccbbfdf7f1503763efed2670066d17be07133769a2d07c80d6e8c214 1640443993928 1640443999142 5214
fd5ef6b4ff9852d702022987f186f4b82b10ff16cdd25055a0f903cd30cf391a 1640444074126 1640444088363 14237
86ebd177d5e6b1ce866ff30b9590b103614ce4f8d74bdbcaf23f7bb76b66fcc7 1640444153426 1640444161627 8201
e946d1f3c76eb696587f83c197d039e7fe125beb3b315214ee38adaba20fe7bd 1640444233614 1640444248840 15226
29488b6b013f7176ed5dc0612828559b44dc4a9ab9b8dfe0500ddd8647f20d75 1640444313956 1640444323252 9296
5f6e1f0bffdd3c7ee6ca79c79dc8aa1edefd9e8b12ef9b5c8d8bad0c426331ee 1640444395205 1640444400670 5465
99e0e142ec23e9d6f59f28c451539d54b8b555195f88bfeb251311ae82c00f57 1640444475651 1640444480918 5267
02ccceb818af25812357914fd1105201e34b1ac759fb9834e624528d81438f2f 1640444554994 1640444563834 8840
159b6bba35b189126222e59c08a795c2f655a9f671619ac0bc17ca6b45f0f7b1 1640444636284 1640444644480 8196
91dceba6708fe165f4fee164340d4a98bad42cca5d10ed6c873f5ee1d39fb1c3 1640444716405 1640444728823 12418
81b815ff290877107b8d912c0d4e3b2aaa1bc44bae36b601b929166019082952 1640444795559 1640444801840 6281
014c07b39104198d3424eec931b4b328c984d24626ae3f26e30dbf9f1d8ad426 1640444875739 1640444884698 8959
34edd2da5a43598e260bb58c7e6bb4e8a8dc1629f0db2c0816ff0fe0586232b8 1640444956183 1640444961185 5002
830370a08a8bd52dea23a9e9a9ca2d1c1f22d66ca43f0442bf4f4f63b71b4273 1640445036450 1640445042388 5938
808225230d9f7bbf7ba8ef6e54facf9eb0268b12e45865b8e56197018dae3e8a 1640445115938 1640445121772 5834
1a8d4d5470ce4a61e309df35837f41126d336ce2b79bfad1b573ca459d98b1b9 1640445196512 1640445204153 7641
3e3fd80e702eb3f45455ae289a5de4afd45b46dba7e188617cc0539a992247d0 1640445276829 1640445283370 6541
e4a7c29028685420dd229a78236fcf3863220460d1ceeda80687344099453c93 1640445357052 1640445362005 4953
6105c791ba6227b6a4764cf1e5b6f32ea84ade00d7805b639cf5628b1a736ac5 1640445436847 1640445450399 13552
6df5cc8d99d3b8ee9201f5eea0fa2bc9550a1b677a6d6e369d33e0aa131be42a 1640445516551 1640445523501 6950
a0acd182b22cf7cb20823cd3a43a196f8d9ed3aba8007bd217b2ff3b39423f2d 1640445596505 1640445605522 9017
e0ebf1e84055b041588366bb42e201754746b8bf8a07b4a74e35aa227971eb7a 1640445677143 1640445691474 14331
fbfe01192a649945f8efda2e300caf7f95006d5e1fbfa2b32cc3263059828b8f 1640445757734 1640445766106 8372
5a9a1c30b6cb2fc27eb340710ebfb398f8b0664c93d97165de5022482fabd8e9 1640445838040 1640445845590 7550
002f26561cc6b4eed904d5f56e177d2d1c4f926ac95297abaec882711308c8e0 1640445919480 1640445934747 15267
cb6a7e6a415ad6e9ad80dbbe9865009d343b0489e134db96757b6b4550cc3532 1640446000339 1640446011078 10739
a14087a9fde84dc4091549145678a88d4f0c1279da4ac00dcffd779aa69777cb 1640446080835 1640446087901 7066
563ac4247aacc8f150379933e278da24aab2b91b9ff1f99f72885f5ecc77dfae 1640446160908 1640446169481 8573
741652379c6d1c38aa3afd80f8b7e2bb49f67dcc05e9b842c3497ee5f80cc4fc 1640446243411 1640446256941 13530
a7410e76a8a90fa845212222c0f6ffe1fb10eb52d73a2e315ab98a767377f5fa 1640446324376 1640446330793 6417
37b588a425411846272dd8b03d3a8a1002ec53735b5a3bd436983883dac51a84 1640446404424 1640446415889 11465
c1d7cde2a1d5c51cb27baa76295ee42a0548f05c541798a9e8359f9f911110bb 1640446483578 1640446491038 7460
89abb976b3a3cd457f004669f30f2dfcb7a5af536503242ef1076b773a3e3bf1 1640446563674 1640446573478 9804
07e2c894297ed207949fc6907a6c98d6073e0f9afaa4d672b9707d5e1d03f7ca 1640446643323 1640446650469 7146
20d71a33774040476f0b41cf570cfa7f935e9c4b032a91a2ff33fc0c1dbb11d7 1640446722754 1640446730786 8032
a7a0aaffeab3000892524eebca259f4393ada78e3f3d454780546e43b6356ebb 1640446803358 1640446815956 12598
ce218a7aa0a0ed7e834531e64ded006320ce9e766a5afe2fb6f57b54f87fa848 1640446883983 1640446891343 7360
b9afd51a77ac97772843b3e04e1a3f32721c5e5c971907ca0aecc075ed9cfdf7 1640446963511 1640446974073 10562
4e0c97f7e5375c4ecb5a01fdcccf29598e7837cfd829c24441672cde684f5c09 1640447044279 1640447051438 7159
3776467cd4d0b1939e742a80aeb1062d8f15207310591d87f73eaa1248146f8d 1640447124330 1640447128260 3930
f5a58000e7c97b9c0da920103e094740934c130f5e8354dc25aaf650eeac1138 1640447204167 1640447213696 9529
f962735a6f89ac724d2473975f65a648e06b86a05270fc96bcdeaf48e71411a3 1640447283804 1640447290758 6954
d9c8a113e2bff319af5443e83f566cd77df9d9a54ece0e23382b06321f695468 1640447362955 1640447368132 5177
6dec24d0859bbecf10cfd6a37a666cbca9c6f5250bf56eb4770f15c7b3e7e350 1640447443069 1640447458906 15837
25317bd4a5780cba615d45b30927e93deec1f5ce4f5b027cb9fc43bcec7d7cfc 1640447524100 1640447535496 11396
f27aad51232a343d9f52efdc4d44b4c58a89640ad636f6713ca2776db2f53cc7 1640447604463 1640447610178 5715
4358b8048db8c326ee604f4466ec5c7b05fa114840d98902739c42fa3f729ecf 1640447685230 1640447694254 9024
5c1764c0893fbdad785c6864c30997b01dd0d67d793d24975c0a569078fcd1b6 1640447765629 1640447773192 7563
