70276f98f1734f2889a0d3aaad91ba35e468568063d3477ba95bdfb9e9961cfa 1640443832429 1640443835161 2732
e4c06cb533f850bc2b3111dd105eb8828f09968d98ac923acefc6ec89d5af90e 1640443912815 1640443927642 14827
59f6a73a1de0ee591bc3840010557f8f708c0505344bc50ef6f6220ad45f56c1 1640443993941 1640444003839 9898
d8cb5bcc89c7e14f2de08179246683d6df8aaa591a6a749b3eab5d6ae29c5c6e 1640444074138 1640444088556 14418
062378a4481871f9786ad3cae425c379712ed978bc3eb169bb8df56f104021ba 1640444153442 1640444164269 10827
00c157542b7a869054ed1a4e8cbc4b18e7fbc5480ef52f852a6da61fa81f8af4 1640444233627 1640444245403 11776
5059db63c873f2da0fcd6566c10d2992713524224a76e77ce5bb900623be3a4c 1640444313970 1640444323220 9250
6d7e2175eead8bd85ab137eeca51481a3f9ed500b7ce2359c0884c8b15797b66 1640444395222 1640444405140 9918
005e1199458943a46e666f4767812809fed34819e677a068c9fefb8890d0db54 1640444475664 1640444486774 11110
fae222273b1df9f52d7b77626e3458f668882c5fc18c0d3f3e34f7b76a25d416 1640444555009 1640444565350 10341
e899c28f0552e7673b1d3cf4a6ac6a3ecb9af3e2083c415c540d052bfcb4e5d6 1640444636299 1640444644373 8074
1f556ba2a20806b925bcaf507eb5e6ca4f7f4d6a65248d5af456f9cf15d18446 1640444716421 1640444724745 8324
a04368ce573a24d8d14d7ab9d7c371ccf9fe1b49073ae257f42718d3f98a0bdd 1640444795577 1640444809407 13830
9352079a32758149f3d2628531c13d8b9bc9eb28a42cee3a8fe0f2c04ffc167b 1640444875758 1640444885993 10235
1a920e542505e66e48e07e26b16659079d2ed72d18972c94b079c7bc3c56fcd3 1640444956199 1640444965468 9269
6f33c1f23d2c036c68e4a11f66532ca39213a0dc83b25a526fdd542c06661905 1640445036469 1640445050154 13685
9e189a3da4beae63671072d20a04b23589d5feca9ee004aa4c739d10f44f83eb 1640445115958 1640445122905 6947
d76e04dba26d703ec5fc614f06cb44979133743aeff608e8cc6641e413d09d18 1640445196531 1640445204763 8232
161a43d43da5168faf0990d75e8c6bf07dd85586d2dde70e27799724232e3836 1640445276845 1640445289985 13140
7657aad9e6f61e8b1d22ed90039e1ad2f5765b979b1acc54273ef0c326d59b6e 1640445357072 1640445365136 8064
5f3990f1353e62974f97e6feafdc22bd3a6872733848907322587e825d529d88 1640445436865 1640445448831 11966
db0ee21abc413b5cef54ed998f3424f4227c5eba7b922ca322e685f8ed678280 1640445516570 1640445527905 11335
3a35903fd03006e6e810dfe998c29e8ada52247c140d1c1f869a5b971e080fb1 1640445596525 1640445602505 5980
e0241a605e5b437ab38ca9864cdb15bf3ec150bb5c4c60b5b018b46573fa6941 1640445677162 1640445692498 15336
1e15ff4812d06d7b9d58f3f4dba626f0ced048cc18ffb03f24afc8a7609f3acb 1640445757752 1640445770961 13209
14b86daf40f77b88a1e9b4f9f22928e604a9df44bc469e9bcc5eb7dc3e407cc7 1640445838064 1640445846276 8212
3c8b48af3372c26692b2605f074068c43c192460981f817e404b07c05d7c9592 1640445919496 1640445924426 4930
d09b08275c27827a79097d6c21016bb61e92aaef89744b2f5db169fbae392617 1640446000358 1640446013519 13161
babb39545d8dab8e0147cdc21e9811bd2145f2342550d2d4718cd8c6c981562d 1640446080858 1640446094992 14134
f43f6b282cbba89ae084fcaaf7ba286d13aa356d6113b75fa2058a7119685afe 1640446160927 1640446166122 5195
91ab11fdb267b24799c25f129b8a412b62956b8c7bca8d190693b07483dda316 1640446243433 1640446252314 8881
08e07730fff0447096e42075e70b1edf597fee4861ac3188b8313ccead4059a8 1640446324399 1640446332891 8492
6af8d23a9fbfb3712eb5bf5b27dd170961f485146749c2cc2c453482ccc409ae 1640446404448 1640446414926 10478
74fc8fdf2d7a45f33ccfd380865ee6da95590ab5def1bafe27eea6b5f0900231 1640446483601 1640446491034 7433
48fe0b7b071ba1ea38a86884688979c378083fd8f911e57db478f283354a924f 1640446563700 1640446568788 5088
6903068ac38d831c04a3a482e73081f41d98fded96f5661a3e1e4b1a8e0619e4 1640446643342 1640446658051 14709
555d6c8d1a07ee81e0c2e323523e56bd6123024d919a9be6e9973fc879f34344 1640446722774 1640446731984 9210
79392ad75910f322607676c261c0d4cdd195450c43fb3100149226d3799a84e4 1640446803382 1640446817726 14344
0e73f9342f0f71f56e21685fb249ac08c85152615698115dbe6ac2652bf83ad5 1640446884008 1640446890072 6064
1b13c0515644a53eadc14dd17575b4cb39a3007eb0d34617b5b9e6214301637f 1640446963533 1640446976289 12756
ee1fd5436ae0bd42e2b62de38f266567312f6b21ac7ccc90d446194a40acad0d 1640447044300 1640447053389 9089
a34593b7fab6f19b0a503308821297ec31f030f0f7d9644c71ce2ac6afb1a010 1640447124353 1640447132395 8042
9b241c348bc7e23ee7940cf25397cfdc6d6841cc489534bd6877c539bd59b8db 1640447204193 1640447219065 14872
752bcf956033bd5e47cfb9ee1c2c548adbe0c4a70025ecb8136d5ccc231ba341 1640447283827 1640447298305 14478
f818a7081245e74e8fb8c86926d4cfb8c3f7bc5637d40e123258e48a6a857277 1640447362977 1640447372633 9656
348ab48427d1465d9edc94227c2bbba8882dfc80e591c2cc297e07e6cc7aa2aa 1640447443090 1640447452988 9898
12054f1a204ab0873be31a5a3183e1b0ad1da17f7d2dd3b2336c1be0934f3171 1640447524129 1640447532323 8194
cb3c2fc0c028a38ff7da936f7cf6f98642b32fae477c5e459b416b5fc3975e2b 1640447604488 1640447613337 8849
0abf3eb248727dd94c70fbf50b04260c6b04bf05329fae4e269252956eb52f42 1640447685252 1640447694655 9403
fd26d417d24f425580b0305638df65aa5b34b1c8345086e2da4cccfe0675e4b7 1640447765655 1640447775381 9726
