1305946e6129e993938f99d15d9d984d16182a7c9db67c1954997a21346713b2 1640443832433 1640443842361 9928
21b1bd3d8d52e9fee1ff62f356f773cc8cd61abea083663d7bac3ca238348517 1640443912823 1640443928049 15226
d37b851029a1a9f9fbbd1c48d94f8fb9c0f5fe551ca779d44ce28b3fdb4dc916 1640443993948 1640444007302 13354
963223d5d23879f5575c47157bc915d112cb16ab9cc19d61f696cef027bc4cfa 1640444074150 1640444088629 14479
e04e96342993ae57532e905d570f13930ae47796daf247f670929952f43ae2b9 1640444153447 1640444158709 5262
0aa36d1e11a36b70fbe61d05e40d0d795db50f2a1c1e799e32eacbab7b8e7671 1640444233634 1640444245472 11838
97065b13b78574f136b22422a03fe84e71b1e5a7c621d7d3cf0825a46f389247 1640444313976 1640444322403 8427
79b3adda511100113ddf13e6186f7fdd92780950e2b505af7273e957d430cb0d 1640444395230 1640444409073 13843
ade497ab6b66ecec27561c4b65835efb02c3bbb8ea9db5372c652a94672e47b4 1640444475669 1640444487035 11366
6671e2cdcf4a595e9dfbe6e7a242a110675dc1fecb2f93a132e58003b25621db 1640444555018 1640444566483 11465
126e8e1fc6c70fcf4b4b487c52490780d307f964c26b5cdcf81c53a6b1c3673e 1640444636304 1640444650972 14668
d0f3676e95964f4604f356d2cf2766de969682afd91b5562f63cd17abb6abea2 1640444716428 1640444727641 11213
6997378a2595769dfb1485daf074ae172ed80a2281b4dd6aed43c77e3a7b1967 1640444795585 1640444807461 11876
cdfd18db036e08a61258281a69a81f427448a92bd2de23ccc363a459930a81b7 1640444875764 1640444884467 8703
2af61951f00819b4f1e029e70df6ebbfffa2f663d61445928fb2447410288521 1640444956206 1640444966490 10284
fc053996b7c54b83076ff7b0f36d1adfa4b8a0eb03171369e0594d926aaeb26a 1640445036477 1640445045362 8885
7041a350c0856be9732d20e2cbcdf723ff03714766a9a5136b617b66c3f55ebf 1640445115964 1640445126997 11033
8125d4d1eed293ba04feb41cf933b810885a78675116d8c012181bc385029855 1640445196539 1640445204178 7639
3e411b61e10ca1371360a3a25a651611cf51178c4aae569793e679062b389dc9 1640445276855 1640445282996 6141
7c64f648b65b94ee2776b691ebcd3d3b71665a45b10ecff5e647cd1850c2dee6 1640445357081 1640445365029 7948
6dd715ffc25b2baad1becd1ecaa943d04122e7d42440988d921f6fa3a4829ba5 1640445436875 1640445451934 15059
5ede030fa3ab053a769b857b9f78f689eea583ad3e4eda4de5915d504465c1e9 1640445516579 1640445522657 6078
e9e5cfd26286c704878cf5c9acb4cc88b5d494f8a6cb4d7863bba053e0600d38 1640445596535 1640445605244 8709
5740a9c05af792ee53d1ddeb13bf254378cbcd37ba35e442c1e66b4ef6140e89 1640445677168 1640445687522 10354
24ab740b717226d7296939c67428793148ce2793fe1ca0db8c77dbc441921d9f 1640445757761 1640445771821 14060
a094493f5bcf11eef491803801f7233662bb70d5d970369d887714cb9d63d28d 1640445838075 1640445845634 7559
4c0f0546c67d3b9e5f9547023fe8859d0163060dc6b8074feac639f1767ae96e 1640445919508 1640445929255 9747
4340e1073d4388bbbc056110554444ab55b3604dd5d0dacd521e2113d02a711a 1640446000368 1640446007428 7060
5a0c092ad859fa7f1345dc2e7a147e86a495c4a3628848d422b4e698fbe97a69 1640446080871 1640446089958 9087
37cd1ac1cad7ef20809b32a1429bced05756faa2c3dfd9f2176806597f8974f0 1640446160937 1640446169511 8574
ab94a4da0f9ce2465238ec54666303cdc7eafcffd4994aabfa7d3c66072b384f 1640446243445 1640446253675 10230
315018360861958281758d0179829a1c60eed2021df66c3a08b5448d1f7548bb 1640446324411 1640446339673 15262
a5141820291282a4881d29c6e5276113546cbbc51ef2aa33e4253ccea4a8c205 1640446404456 1640446413645 9189
8e7a86eb57ccf294799b044c915da51851cb860b9af4b23c5b8753db2b6ad6c6 1640446483612 1640446495423 11811
b69dcde315fff528d7f6abbd42ca44a5c7e38479be7f0ca4d9037424d30addb0 1640446563714 1640446573797 10083
df80f48da6b6fbf6e6804588d06947029ea4798c2ec4ba9c671ee69a501beccf 1640446643351 1640446652137 8786
e93b688fff2d5865f8b9e40f5b68a22f8265cec5121f3802215eff53e2e9c40f 1640446722785 1640446733187 10402
631eca514c9eeebf27ae7fd27c1b4169adf9956853fca22e2dffed8b8f4ee2c2 1640446803392 1640446817887 14495
2daacd0001421362ff0a2abe3d0e19323587cf64b92305201626d43d27d7d64d 1640446884022 1640446895759 11737
e7ae045183563f75fe06164575bab197d42c492732ba4407d82f5991230a6660 1640446963546 1640446974446 10900
122fb46f6d6b48aa8326df5840857710d8cf452801a19d615b6b8fa44c280924 1640447044313 1640447059241 14928
a1bc0aeaf02974a0958f8fdfb32c59d219cbe07d840a3905f5e049afeda4704a 1640447124364 1640447138089 13725
79d2c00ff37d795a0e7a7b0195ea9da63341e4005b5d107286c07dbf2fb04449 1640447204204 1640447214326 10122
d14698c7e22bf1e99767aab18c5e58c034fa0d16eb156f9c98331f0b836bf2c9 1640447283843 1640447291633 7790
b7d8b890ddd4ccc157dba1dbb200127675b4ec450a15b7c45049975a4db304c8 1640447362986 1640447376906 13920
5c8cf6de97a7b448372267189768e88f8a2e7eb0bfe1ac1570f639aec20703b6 1640447443098 1640447451851 8753
d19ab6d9ab377033da7508da918458fc68e9e6e9c561f8c55d00e6a3fb5a74c0 1640447524141 1640447530785 6644
eef39716bbedcdab141f777052651e7043ec96b33ffded687bd35ff856a5279b 1640447604500 1640447619488 14988
41cfaace2ff890a2b133dae466e600af9e6fe27ca0b94c4b02dd0eaf15945da7 1640447685270 1640447696896 11626
c88dfd457a626df12d66d8a2335a5a8efc03ffeb2073aeab4ff17722bd82aa78 1640447765670 1640447773560 7890
