abf594b0f8fa5494d090b54dc7331ca6bd0099c3bbf3910fce10f1956702c8ce 1640443832467 1640443848577 16110
a27022a8ed7343e70aaf8c9048142b3d3be901f353850f430f2257eb732cf4f7 1640443912853 1640443927578 14725
bd32229cf7e4d1c5957f6a69ec30c22caf9d217b84832cffb8a00cab47116e4b 1640443993989 1640444006866 12877
6e5ee3824746be247fcfdcfaf662e6df9732e1a5b2f045e7408eececaf566d32 1640444074173 1640444088641 14468
5df7e179b84447a67ab2d5bcad81ff32236dc9155f3cbf87c1b798a068cc31a7 1640444153479 1640444163126 9647
f944e5e7306f9ea26248d839b330a320c88057bcd7b4525cfc807411e8aed2b3 1640444233663 1640444246320 12657
229bb86ac065705b5bbad63a64fc6a7b327bd304b76d555082446b5c9454cff3 1640444314015 1640444326998 12983
05d5d8bca088100a342921e7dc7eeb3e88de6a2997c7a9383bb3a4cf78ee7fa7 1640444395271 1640444409081 13810
d8f9f71b7f5c49af038246a66e2d7c321b7ca6b42638a19fa5a1bdb8f0c96f69 1640444475709 1640444490314 14605
5db9398e496bcdc0cb451748b4cd7ee019a70f32363e36e207bcab5e7aeb87dd 1640444555055 1640444570762 15707
b7ff6eb03584c6d63b11ff5f32026d425861f27fa1a70aebcecbd400be694fa8 1640444636353 1640444648984 12631
6689cdd68df47b9c19012469d3d9402b18862549ae55df60ffe544589eccda87 1640444716467 1640444730092 13625
2bc39b7891bd2ee83f162cbcd2865b6808faeec5ba70f88b4afdde31da153f40 1640444795623 1640444810895 15272
d367431d8a5d1f4d63919a0be18661ac1b7f7e15db9f4cf83babd492f8cacca9 1640444875813 1640444886026 10213
bd62d1f31938b112532e0d986e224c24e653623ab4657289d9ac6ccefdd5f324 1640444956245 1640444968854 12609
64269742136c3757f319b7cca3989f2d9c394e49bb9e513e4ed5afbc35568102 1640445036527 1640445049255 12728
12387403524042b03b50dc00ab885abaa45bc8e232294f9a9e84030c3fe8385a 1640445116018 1640445131680 15662
0ac68b3cfcc9c336f00b8ae29fe85845ac2561bc1f5daf3b8dd3d141593ce99b 1640445196593 1640445208279 11686
c1a8a3c8fe78594c8835f480ef1f1ae3ef3069fa34b34a2cedc7371232db09b5 1640445276921 1640445289881 12960
eea537280086570b85b98aa13fc7343fa9d18a89542dd9996217904b307eb98a 1640445357145 1640445368410 11265
10c759388fdd26f5dfe546052f4537e2707e4259159d0fc1d207b2a2e234cf02 1640445436939 1640445450594 13655
0a9a88d78addf639e4c2f5659ffcee1eb456be6e8cc42026bf3d9cc01f4a2d49 1640445516644 1640445529556 12912
9dcbb312024758be607a8da2a10217cc80a5d6872178107ebfcda54fa35f2540 1640445596584 1640445610505 13921
76e0be12c08c274f1aa5dd815ef6d78a1fc5bba3f8eb4d2b3416e3841fec2a7c 1640445677220 1640445690641 13421
d4791f1a5cb99018fb1156898564125516b924aa2d19acb344a7028ee955e4f4 1640445757805 1640445771823 14018
deca6f498876a1d796f96d2d36a0c61d0187ae5200a24a549874d84fa4659930 1640445838142 1640445852514 14372
27b350b1695202292788d3d0f71566975693b4c0bcf0ad1a89ec3fbd7531b656 1640445919567 1640445935066 15499
72b0ab4e2d40731d93718273fd587350a776f9e156efbf8180f407469b6b05eb 1640446000433 1640446015877 15444
8dfcda547e1aa64072178bba8160634af97671201aceeb3e159397a1910b17b1 1640446080933 1640446096479 15546
8723b73b460168929023c210a7168fda14d615de19bf49a94f926ef89830a3fb 1640446160993 1640446171222 10229
3e6729c748d781518cdabefd54e27386abd1cfd0d40d2fa0d6a81c7fec6175ed 1640446243515 1640446258578 15063
f2d10b9efc4547178499033b7c39baafe14ccab2bf20f9ae1eaca6ec04b7af44 1640446324472 1640446338355 13883
804259b0c0cff7476c9800b89ea8f844c3d877b23bed24b752e0060e192f70ec 1640446404517 1640446419305 14788
30adb2003338ceb7685a2bf40230335a19f2c85ebbeb7f9e3dddc82ed05312c0 1640446483687 1640446494694 11007
d626ec139d3eb2c8c412e88bfb6d49bc4f5f565eb285b584949fae1403e87702 1640446563780 1640446578317 14537
7dd6a0692c7de65855d52c83ac61adb0b3dd9621b5ad5dd209adeb44e0a36bd3 1640446643420 1640446658130 14710
8cd52cd64e799490c3a706650e280aa04476a39fcd29b0291b516ac773a8109e 1640446722873 1640446737574 14701
87c9632645053796553e39b086bb8d61ce87e3734135be205a483570cfe02f44 1640446803465 1640446819171 15706
967e38c86e1687c6d801c8851a52d138f3330a58b31188a75cdd9a1ed5c77200 1640446884102 1640446898734 14632
89fbabab744bbe844f9cb9c660f51401834935e943674c144c46965f905067f6 1640446963631 1640446980188 16557
728bcbadf885e09b1c5a510b3b8a631427c25e9b2b6ae7551d9331c7807b1cdc 1640447044423 1640447055393 10970
14b176a20d67eef3fb67501a9f33bbd5dfe208ddc5503078747bef7ffb6bd1a2 1640447124441 1640447136370 11929
49da9c7787044b021e97652e476d9a88cced270676b3a290817509d62edb66ef 1640447204294 1640447214331 10037
0597454ee049365b11c7ed2be32d761096647e5f006cba6a1b13cf539d26e78b 1640447283971 1640447298663 14692
531a34b546b4cac0a20307ef530aaaa6d2c1dfc15cae682a3f1641834896715a 1640447363075 1640447376796 13721
023de7fefc64de977f37a23f0d7e06fd07a5cc9437f1c4cc5b4ec5bac21183d8 1640447443177 1640447455375 12198
e5cbf0ea6bf76b42abc6186e72b6e8deb455c781d0f0e4d69bcbfbab89c46efb 1640447524251 1640447537823 13572
1a47d4e40931491b24c4a3c462d48ab65596a5887112191dbc08af1df51bf108 1640447604566 1640447618816 14250
52243bcd79ee0621eee322f89367fea00bd708aeede242d8e08d58a086aab32a 1640447685384 1640447700851 15467
ba75ae53225ac7024f4e725ca6cd6ef738f95fdd9f72c2b60e91279fce4ba325 1640447765792 1640447781948 16156
