8787fa77fd50eb1b6a61329cc6e49dd91095cde84d7020b3e0c64c4214ab4895 1640443832465 1640443846701 14236
33d628a48247c360f267c124eb87f79c26e3c0e5b64f0676e8c10f504ebe2029 1640443912855 1640443925145 12290
5f4f254fa5fb275da0545bc24ca11ea4fb1e10c26da2948a9d116d3a242a471c 1640443993986 1640444002996 9010
cf9461052eea6cf765bbc9a659d826a78e7cbe1e12c9d065b6bb687e6843171e 1640444074175 1640444084750 10575
c3aabbb598a0a8659e054ee49ea60c562bc971ba4bd6d99a06b054f4cfb0fc0f 1640444153480 1640444167947 14467
a335d61f63ed6add74c269d2b9ef5ed561441587b1dd877eb59e682e595fc3ce 1640444233667 1640444245350 11683
aef2ebb500b2a2f3bb163f7300b927df743fca09a92b77d1a91145e5526e53b7 1640444314017 1640444329750 15733
a0003e9c66b423f81a93e9cd3806c30a6744297a34ca452f830c98bee440dd9b 1640444395274 1640444409602 14328
920a40954590c7ee59ed3eb955b03a707c10555689e76c4d7e1468a87aca938b 1640444475710 1640444489782 14072
98ce722a69b32408648e923cce2d6221d9c71dc44bf38c2dcd08e000c3031e08 1640444555058 1640444564847 9789
d2761135e8c6682c819d48e05ec6dc3e935ff616ca038102556ef5cfd5ceb577 1640444636356 1640444650360 14004
aa6031ce3f1abc562dfa0785fb4015759822b024605d5f21dd4e52bfc786e0d8 1640444716468 1640444729060 12592
abce86cd4b1aa35c14031672d570b31dc6525fca50aeadd72100f3390b4aa5a3 1640444795623 1640444809703 14080
e11142a8851a5b22e9567556c5ec3d7df9118ac9d65de575316c88fe6dac32a1 1640444875818 1640444889728 13910
4ce0b2cadbd32e5cb60e29f923217569db0cc37bebd46844a7bf9b10d188341a 1640444956247 1640444970930 14683
5a4b951e49de1db706624d924ff0f7e8c9b7d1166d921e9683fb628cb7878509 1640445036530 1640445051196 14666
52ec9606e328f2432553ae2afdf547225409add5fd6b5014480d18a51df9e88b 1640445116019 1640445128412 12393
45ad366c60121a3841a7d81857b72048ac830111e26d23c9f74ff1168f4d8194 1640445196595 1640445206004 9409
a837d76562deb4976ca872c64f9293e95dd47744c4223fde3f92048f8f29ab01 1640445276924 1640445290724 13800
9d07053b4108c35f639bbdde85400cadc383ab038e415ee9419a2968aceec021 1640445357148 1640445365258 8110
f6105e85bf20fda51cbaf83d17546c30218bbc42c253afdd541d43eb6d4270ef 1640445436945 1640445451853 14908
185f0ca2bdd2cb3a1e93fd02f37ba1e0f1d7b6fc39b657dd123e62a3b6b73e0c 1640445516646 1640445532290 15644
552f696e2b2cf10aca22f5b44c23ec1d51477a80e6fb3018b2c221baa8c828f1 1640445596586 1640445608830 12244
fadebc93a12298c670a75cc97ed1bdf2e0f0acaeb6291d88dd73ce8173740cb6 1640445677221 1640445692939 15718
15c9cfc219bfde4fe4f1a29d731a2ba1cd7688b02e70b68259bb95bb9785fd45 1640445757811 1640445768258 10447
8a38d322ee1f730cd5812bf8d69b1d7472f9bf0ef0e0938c8db1d0b36558385f 1640445838147 1640445853485 15338
e4fd5d016038f7a6ed401ffd7b76f129e228cd60b6c74d4d475527c8644a521f 1640445919569 1640445931272 11703
6640c52da80e876a9bc98654d06a90988c9512b31fc9fe391e1f489bb8428be9 1640446000437 1640446010963 10526
8389987b0d68caf2180c17e252aea9e6506d3e5bff43db357db09df162a466d4 1640446080936 1640446094277 13341
3ff9c1f1f3094a4f6a92d40e18bdddd49ab18560d83561e78fcd1cbff87aff99 1640446160996 1640446177198 16202
517249419e2eb73fece0a1c2f0ef3c074f98268c12dd7a12d352f9e5344e23b4 1640446243517 1640446257148 13631
130476b9cd13bfaad5409ee224acc391d6ae4b1db17d762a3a4079a64ad99b28 1640446324474 1640446335572 11098
95ab417911a28d8bc2099cd459eb83de708db31f45feda00b871b19f26a9c140 1640446404522 1640446416392 11870
27d5d2e5b748ce9932156313ef38cd7e03e441ca01a54c540d8ff0e732e2404a 1640446483694 1640446496777 13083
b9cf27f77033f5f64fc1cc0ed574bc518698b3b408563a94e75563602d1aa5f1 1640446563783 1640446578057 14274
6e39ad0f90ca6d368f01cb4fa8f2c0174542cb95245805802e5f770d0bab4465 1640446643423 1640446657964 14541
2549bddbf6d5f749a4f62aa757d3ba39e4ad703d170688e0de112e9a1f0e7b8f 1640446722878 1640446738101 15223
244c132a3dd63ba7dce2f977be357da73662bb0e7c4d6e08fc0beb3a651ecf5c 1640446803469 1640446816467 12998
b137a27ea35c6c40be36be59b5359938047b541aff3b4b5c1b189ce117586589 1640446884105 1640446896236 12131
16f99e2befd073a882d3eddc96057e82948b570172aad6dc907716d217e3c337 1640446963637 1640446978817 15180
205a7b1ec14a03f5223dadcdb4f1e51e285068250d092f36123a0cef154b184d 1640447044427 1640447056933 12506
ced8e5901de52c2310e7b238c874ffea7f581806d755183faf7f142521888362 1640447124449 1640447138953 14504
d59b00194f8b6d4a1d0c7c30671a9ae755fb576e3e5d65aacb6f6962f5984056 1640447204298 1640447214556 10258
2fe24caa2c5ff7690e85720d0b8ea29c5cae8559ac9abe97a9090dea7c5d57d1 1640447283989 1640447298601 14612
a81d1eed6fb6c72b4805237e6bbd31598cc305df565a32bce1d71c436e6bb852 1640447363078 1640447377650 14572
cdb18b2eeea3b6d5a751e6a859910400ddacd979399b4add5a4889e3028f0fe7 1640447443181 1640447457574 14393
391dc48e8efc782c050226d8f8aeca87918f66c15b35112355c73b8f5187d8f1 1640447524253 1640447539787 15534
e7335c697d7066eaba5dc372af0a6dbddab21146454dea1410a3ee78d513c405 1640447604569 1640447618424 13855
8fe46e3b11818390c16d14b6b868af2b85f8a25370847a4fbe15f7287cf64fe3 1640447685393 1640447700446 15053
6e2986b20f6ba5715f2f8c23b614b2effd2ac610b51caaca52efe2a912da75ca 1640447765801 1640447780618 14817
