82d6076eb6384bde9bfe7887470c5d6b06349f975345e4914c3b8ff96d1abe2c 1640443832472 1640443846703 14231
58a57f159890d1530106c61537052a1ca39071fd48bab73f06cab6933b89da85 1640443912856 1640443927256 14400
168d48daf5c1f1b4c8799e233c059de3e8146a93f25a4672178f7c84fe3f1a79 1640443993988 1640444008280 14292
af6638324f8c11cd92cf3933b21a60cb979708bb27de97e2a699a6a275dc7ca7 1640444074182 1640444088491 14309
78245e4fbdaebd1940f9652f865c9814c4145933a3221152803b2c8cac021099 1640444153482 1640444166132 12650
56cd1e9514d5ce21b19fcc3ac36afb528156968d2668ed64b1db7fb426f2aa06 1640444233668 1640444246390 12722
f898db8a7691b78f0b77290a646f9251c3f4c87cd791d9409ac41d49549b39f2 1640444314022 1640444329291 15269
e66fe39a011a6ff961be6198f7561757060e30509b1bd0057736292f680e3715 1640444395281 1640444410713 15432
2f21945060ab692ba8c6cd697efa427b8830f0ef6ae70fabfff7c34eb2f45a5b 1640444475717 1640444490392 14675
392ebad4268e994e1ffed8f14c9c5f0f8829a043f3d74cdbce08288c809d1be0 1640444555059 1640444571198 16139
84731e0b4de8a363298615a7a7991e12dac59b8a4733f138d307e435c89ce125 1640444636362 1640444649275 12913
5374c0606c15cca2dd4e0c6a7810de2a65b5e8c212736141c78c97c512f5e81c 1640444716471 1640444728442 11971
e93b103f190a74d2dcbd75b98548be5092a8515343ce12aca2286a67faf39d01 1640444795626 1640444810092 14466
f719527edac20ca1de39fb26b1fdbca199fd729ab60662470b8c957565e2b7b5 1640444875822 1640444887341 11519
1ec2bae37b9e4cc5a8549667c40b41336ff55220a6bad1ebf130eb537be44d65 1640444956249 1640444971124 14875
80a8bbdd10e4303fa8c1858eb3cf621f39f75bfea781e02a7d2a0ab453c701cc 1640445036538 1640445050549 14011
dd6633e600267828b5dcc1f4ab31cac65e33d9fd8b66264de2ee456692ec17be 1640445116030 1640445131733 15703
cf73067bec41691d29da4a2c347edc5b408f75ee7699687f7e27a911366b274a 1640445196598 1640445212185 15587
cfe29336be81672f312819c6c19799b31914ad8e30083c649b4fca6b3ab53e06 1640445276926 1640445291378 14452
485c936ba579fb5631d6b3280f9e4c33947b71e8ba2d279d1a99951db96458d5 1640445357155 1640445371533 14378
703aea27b0cda959f3e29f174e78d8177d337b5673c63ea8195766484f7a9422 1640445436953 1640445451941 14988
ec69a986b826cd09cdbe02cc3b7f4c33b2a7a2e49cc05a913fa7dc5b85af1795 1640445516654 1640445524668 8014
b5ce7f8ca307c71ba925d14cd70ab26ce9f7ba039beaaef98552c82eda0b3c7b 1640445596591 1640445608983 12392
b061ebc135dcccd0465bb1bb4285f1be2236ad83ddc565061a7d3c71a016c221 1640445677226 1640445688029 10803
6d08f8dac0fc8a13f883a5b5da5fb9bb77311ff1b44bf4c71d8c78c78e79155c 1640445757820 1640445765457 7637
97719e313bb0835de7f1b8c05c2e07866e49762b9289b224ec81df0b5ac4cecb 1640445838157 1640445851222 13065
97703c9e6d844f0f0b9944c3d61f066e367525ba7d9cfcf0e88918be1fc24ad7 1640445919577 1640445935857 16280
370e75f2d77efb705363e9cba3242848dac9987a76c25a3cedd3bb08fd8f40df 1640446000448 1640446007446 6998
5e2819ff8bbe094990ad449694bbdc17b446a76597fc6239029c3ee9a1145e70 1640446080938 1640446095963 15025
1db34ff75a46833feeb34dfc69d29e7b6c145e8b5e57ff2a0681ac43d5c554b7 1640446161000 1640446177625 16625
17505724c7b69eb7c2cb81952f2548120516b0f3e6cac08b01d19712b2c08bc5 1640446243525 1640446256874 13349
40f49d86c87d312b197459fd0f0832ad1504c1b558889cacffa0d81381e524e5 1640446324478 1640446337204 12726
7c7536312e7d623d8b5433215a6f86869fc8e50cdf5de74eba678e8d1a6d5abd 1640446404528 1640446419006 14478
42cf49e111d935e093fd3406fd51c71b4b90622a79735f6a03d26a3c76d94f0a 1640446483701 1640446494816 11115
808764ecc522bd8ddf9cdb9e20cf07771cac8efcfa4fded197fed0199a97831e 1640446563789 1640446577001 13212
2e71455e1c7d0fea832933faada71e92a8418ee6007123b41b8b49ee8e368fcc 1640446643437 1640446658181 14744
8fdb429963b9b20f5dc08dec172a634c7d5f0e21b7aad527d118e8f7e0c31b7d 1640446722888 1640446735992 13104
82a6b18ee1d0b73380ba8c31f8d36be41b7b64c90a1a09c46f22ea59c0a13799 1640446803475 1640446813871 10396
5eab62e8696525d575557081151403c8db2cb49f10695f808e95ddc2f74b14d5 1640446884117 1640446898068 13951
22957128a4241afd0d86e1913a6ffe154fc0ccee7d6ddc4afbbd6cbadae4b2a8 1640446963645 1640446979272 15627
7b4cf25a0036a6f221eb5f09510920269aac35382aa74e425fea5ed5b6ef8ed3 1640447044436 1640447057305 12869
f0a8e9b4a5a86f1688b18e72155e1b5455fa12466b6009f1ed96b7e6c4c823a0 1640447124459 1640447137276 12817
25ebe46439e968660d4d9183370c2ba3571ed033a64a86bc4cab96f838f4597c 1640447204307 1640447216316 12009
d29e368d1735f51796babc9bbbc76ac628a585ab248d8215e4ca15bb95c786fd 1640447284005 1640447298750 14745
ed7d83b28b871af8ef3ecf7d4b2178daefb293a9c31da2fa06c8d4340567da7c 1640447363091 1640447378057 14966
06f620f5c75ad273ac5ee4f859286d4f730ed6ec2a18d3728eb024a2a85b3d1a 1640447443186 1640447456953 13767
1ebdc95249e6206367ae590c45c7d9ab575acb0df11110aee694f73a1c737418 1640447524272 1640447539250 14978
93c05593ffed4dd99a8de267fbd9b83ccb30b56299e897c97d925f3cd319fcb3 1640447604576 1640447615822 11246
ee110905a5b4a22c6c3cb6f47faab4534c7cfee0d39b0ba84e8b050f7de179ec 1640447685404 1640447698251 12847
cd78d2e3981b1065142759350dd334f16fed0083f578625bca91c50b3e802b04 1640447765818 1640447780852 15034
