d3d46d2c626fdad77eb3c1ec5b20ed34cada09365bd725a37c44af6e44479784 1640443832423 1640443846673 14250
f42fa141e1ed9dec66deb46815e49038881d53b57e3965a4cbaa005d3fa810a8 1640443912805 1640443924121 11316
68e1912456df14cf0d52535ac9eee8b7e8eb8c099e8012cd41dbb5da8d31a343 1640443993929 1640444004322 10393
ec61e8eea84921419a0ed110ac1ab8514a480bf40bc25b88fc0f76fde0539435 1640444074129 1640444080364 6235
1b456784daaf48a2681616f9347e5da4fd8240d1aaf3754d10d422ef3c6de461 1640444153430 1640444166246 12816
96f13f822de57a56f7af928f96f10154d29878c92980d6ba17431945c3c892d2 1640444233616 1640444244091 10475
a18b5dadb49af4b5d07290e7a2d630793d49d9317a1b4d0bf3147ffbb54dbf39 1640444313957 1640444328954 14997
196acf3210c1c845869796eccad2f9c987c96ef536ed7d84e4f9e31dcd8ef795 1640444395206 1640444405309 10103
fb5452df239933a7abe331a8d20d4d8cb9ec5b7015a2f938752fee589a8e2d53 1640444475651 1640444483432 7781
917af6690a24c59d80ef972e3bd718d98b9a23465cbff576085a578ed29baef4 1640444554995 1640444562738 7743
ec8d77ef41ed2d5ffcd3178eec376c179343baaca89efa06a18ac57c514ed85e 1640444636286 1640444645603 9317
bbe20fc07f595fad7bc62d63c15d257287570320f768f83f7134e41b62e56c31 1640444716407 1640444722136 5729
4556eaacf8bf1e191c59356be2b3bab06c3c234d23abc04815fdc1e7cb0f4c62 1640444795562 1640444807461 11899
ea389468d82836249b4ac61d9d78ef6010a82489a11020fc3dbcea72214af2c6 1640444875742 1640444880783 5041
d5bfcf03986ebfbe87bf761f99cfbf65b0216628ea4ac20a36ffd04bb0817f47 1640444956185 1640444962847 6662
a6f7bedb509d35f68fb3484fed5ad346c4f4b4cc30bc6016683b7565205ca94b 1640445036454 1640445045889 9435
e3f261d451ab159617221d7b7c04cf34adb10ec9821c05ce06d9799fa59c2e82 1640445115942 1640445131675 15733
376d0b11f6b32aa9704f4f9967720e47924a295d770428c222be99b35db74706 1640445196513 1640445204174 7661
703e44b4f731fc2cc492c30f4b51de23753295ebab8846d67cc2d9c7848c8b67 1640445276831 1640445285415 8584
0dccfdfe380cf7022b97e84d6fb8466ec91babd39af972b00afd0eef2d457d13 1640445357054 1640445366225 9171
05fa602ed86d29797a5d1fd6896399dbd83ec331d759232f99ee1061f38c569e 1640445436849 1640445439870 3021
d4b67b6aa96e528a83ed0c522af8344a8eae356a33badedf8729e32991aeb7c8 1640445516553 1640445523243 6690
766076d5551348cddf3d282ceea85d3fb7dd96835ceb5770e664ccd0ae512018 1640445596509 1640445603111 6602
123e3a4a19099855c28594ac7b66ffb7da8ceeb6fad1b7ab751ec0507ab4ab8d 1640445677145 1640445689340 12195
bd8c431cb3ef724b65e45085ee44c52dab0767c64a999418e24082bfb679f496 1640445757736 1640445772977 15241
6ee5f5337620e3b00a785081719d2e77acfd58381796ad15dace8a18c60cd8c2 1640445838043 1640445847609 9566
d8ce9b33c8815a38a78d9a77d01cc7b5a411cda41a557add56a62ae1e23bc20f 1640445919484 1640445927897 8413
1244839f48d610a36881781609fcc4cdd5573122c2efad0bec5e2b36bc51b8ce 1640446000342 1640446008178 7836
576964ffe8a84ee5af7b96ffebaff0b398218e4c633b8f30c4ba7bc086d7910c 1640446080839 1640446088404 7565
4d2ad24ca0c7d1279d498605c045ec46ad2daf4403d188d0ce8da94ec4c27f21 1640446160910 1640446171225 10315
9fe393b368231df6f0a715d7e6a818399a186006ef0bf7d23f35cce8c8a6c447 1640446243413 1640446256402 12989
e4a3faac7c9b77597faa80606114fa9fbb0aa43f8db030803cd4e4813f1d9a61 1640446324379 1640446333043 8664
8623e60e10669ac412b538143fce9b5f2115f3ea18551064bf4232819e3620fe 1640446404428 1640446415480 11052
ccc3cdf03007a004ca47a6a379d0e872398a371de42c45a96325840f3b6b1021 1640446483581 1640446492701 9120
7d62ea54bd52158399095bd9feb0ca7a38d2dd65f30bf7ebccb83332b1deaaff 1640446563678 1640446570874 7196
855bce9947b164905f611babb098e575c540c6d4561dc7236f34139b3a2ba777 1640446643326 1640446652571 9245
0e87af960a2a75f1a02465ea017ed3618fdff9444409bbb721c8a378355d40e3 1640446722757 1640446738179 15422
46911218cc9246ad9a02e26c46bf74c95ca04ae71a9ed0b3deaa01c9259731a5 1640446803362 1640446815634 12272
6674a4ab4c00349c6e985f3706d1958aad5551ae2831600351cef0ad92f65d3d 1640446883986 1640446894322 10336
a9691eaf4d0c48cc6a31101e607a83db5d12c77074ee2b93834be0de42a30bc9 1640446963513 1640446971042 7529
8a8db67b184bd492173a496ec059bb24bd4ccca422ddbf04aa47cc6db57d1374 1640447044280 1640447054998 10718
d31328fadc7f1128f5da33e087217b670bc9e20d76d60d483a0f4a91acc32ed9 1640447124333 1640447129606 5273
0202def30fd176e3429f5fac8803e4572ae6d70ca17f8bd4c47b7e57d7280577 1640447204171 1640447213845 9674
65889fe73955eaecea3ce3fce9cad45efce2d2c8933adeee36ea2d764e7178ff 1640447283809 1640447288577 4768
c22b10599632ae4d0537b5f98d449458a7413c46fc5aa5457647034b85e37a11 1640447362959 1640447367052 4093
1704986e94e992fe35a0a189f9fa0779f90f55d68804cd9ebec725d346d023ba 1640447443070 1640447458457 15387
de40dec91f0b5b6745f83ee611eb58215810b630fb08847cf44062ac6cefa00a 1640447524102 1640447532907 8805
17980b242f04dbd82cea285094ccf1fea1a55e5913a86cccf632ba8ac036ab05 1640447604467 1640447611350 6883
9b5d617eb0df01a5d753bc40041091ec53f256d2e2284bf54587d47dda1d457d 1640447685233 1640447696938 11705
2b9bac7d442af784895a3d62ae5038a7412af3b0e5f2b1315b5f2d5700f8238a 1640447765633 1640447772516 6883
