49b59d1a5c665ca7a4a71b059027cb90fec7d28c91b692a8a1589fb15d49afba 1640443832408 1640443837390 4982
4bd34af672561e47776143c1cb3e4956ea03a42c62661bf7c91db8d6cfaac9eb 1640443912788 1640443915521 2733
d289ff6b7f42e1e287f461402d8c6db25ecf9449c4f1342c4901734134ec1d28 1640443993916 1640443999008 5092
85dcb6634c2bd5e0da28e7cf47e9f0f4e1d2a593dc6dca35383af0e75100a5ba 1640444074111 1640444077317 3206
51e0a7494aaa06e5615ec7974929a932197750c06738b13eb5bf5d5309561293 1640444153412 1640444158709 5297
3a8e36696caf925ab795e401cd3dcef433143a881a7e2cebac6b332156b560cf 1640444233599 1640444239420 5821
dd3e06ed2a9c4a9844ec55e88ccc4ebd212c62683ca257bca76a9fd38c0f9502 1640444313943 1640444318418 4475
ecdcebc02de52231d3fe089be7306c0f4e39e32878b33617a4b84e41abc07160 1640444395188 1640444399280 4092
b5db5b0c66fa90c1e657262c33f986a50040a88b2dd59d27ec12ca83f624ec38 1640444475633 1640444480192 4559
75c275c39bd34590849cefc4bb98e5da4cb341f72b831def441f9e26b21af18d 1640444554979 1640444558824 3845
c944b54a3fc06909da07045a948586e1490de9a93bc3747910cd6327db5e2d61 1640444636266 1640444642093 5827
81663604f591be2a32c7709c959e7aa63d5dd9dce551b5dc9d70082606310ab3 1640444716390 1640444722074 5684
2124e7d623c8c70dc554f5c20014867d833a612628ac86159ba432cd634e8837 1640444795541 1640444800647 5106
a4d7f3ac59ae95331bed6b6bde6ecad4d84b09caacef2c6517ad0bea25321a6a 1640444875721 1640444882205 6484
c5a0dd773325faebfab75432417ab95927593f118c0afdb004f795bc7adcd1fe 1640444956165 1640444961182 5017
0395bf9a4c2810495cb8e66f5dc6435a8e74677300e604b8d2e265338707aecd 1640445036434 1640445040331 3897
3f651a194ce72a6156110812e7c4e3be1214a38c890f7a08570bfb601d8ccec1 1640445115919 1640445120604 4685
b4478fd45e357b0a58248bd04f8258597803cb12a8362c1dc6906ff8ac3c58de 1640445196493 1640445205636 9143
70ef4adeeb8c35e4a6a08c3377fd1a4fd0be68c59f0356d2397f5f6f99c8cd2e 1640445276810 1640445280320 3510
dbd9b7003cec5e00e004f3b55e2a8ed13e08410f16de909e3f92c92b88dee87b 1640445357033 1640445368242 11209
4f064cb1675d14c4da6efd3ac5b32788b61dd33c3d0ccbe5f31e447fb3134eee 1640445436828 1640445440157 3329
29fbb1775a97eb511f41508212b7b43f80e2a8615e3929d77a9679dc4462bc2d 1640445516532 1640445521417 4885
5964f7d8012b6a277599bfe91eb7b3597b9fb0b793d6129d73614bf279e51e51 1640445596489 1640445599951 3462
57e2ebb151522ad82b5b5b7e8d64e8eddd554dbf5641871472fcb3819e06b461 1640445677124 1640445690185 13061
60a3411b9a9fefef9084a1fdf1d117f78e0fb81c4262853039ce59b7ba9d6390 1640445757716 1640445763698 5982
8636972979d653a9c12f2c7a1582a977db52d1e16b96b7489cc7f19a857f4f28 1640445838015 1640445843661 5646
d82dba30e56746906b5b284bc757103396c037cd42e0417ea034a8e69eac6085 1640445919463 1640445924576 5113
92b85a7fdebf12cdd182a90e678266d12985868d013f95b5d6baa0d3eaccb9c1 1640446000320 1640446005655 5335
055a46da5a944fd0cffa7aeb591740d666a986cfd62d010ce5f6f195a811cc59 1640446080816 1640446086396 5580
c626339669f0ed7697bbf03934e984954742efe8ed30d08895bfb02e949f1fdd 1640446160892 1640446167487 6595
a280bc6808e3b7fcb5656ce1fbdcac0113807ffd71c04077ba156d90b6fc8302 1640446243391 1640446248529 5138
d16d67845cc96e53ff98701b72f029ef8b55af9ea9fd6964b400d674258bc098 1640446324357 1640446330905 6548
740c89d369cdbef83c54f38cdf2432cca01fd5fc4bc3a40550a369fc1d76888e 1640446404404 1640446408494 4090
89cd3b34830cc789d73ef97ae93862a46d5a1186d464faf04d4f7ef35d5dbd66 1640446483555 1640446486836 3281
a1e25450862f5c9fdaa0f56e11dbb6ddf0eab0f7cd8b8234c2372a5fc2a2e47e 1640446563651 1640446568866 5215
7687170ba9b7bfd232626a05b6128470ab71ffb30510a73c3ca3cb5f5eb7b340 1640446643303 1640446649967 6664
ac794962f00f4be7cb7b5f3c054f4933fbddb0d1e470c5e6b92ac278d8bd40bd 1640446722734 1640446728326 5592
1eb990aab68d1caf5ec7658773f8c93d880e48b25e650e2c2ac1f507bc7d1883 1640446803340 1640446810745 7405
220c172ddb532d447e9bd380c760f32da4733973e371c1cacf20b5fd0fdfdb95 1640446883961 1640446889435 5474
38a7c1dece84af63fb468d8a893673906b1a371d16c115193b92da59f78cd986 1640446963489 1640446967171 3682
bf9ee98d46af6cba7eb3dcf47da8977d39f1868418b52696f5563e046e798dda 1640447044255 1640447045803 1548
727e8d0d0d1eb6b9d0fc2ec57322394d3b2e8c3181ace1aeb9328c5d1ad8264c 1640447124307 1640447130363 6056
dcef0e1be75011ef17544ce875514bf7de13ba8ce26f2ab9ea442f77faa7e8ef 1640447204146 1640447207403 3257
33f2f0b18939446b7a5921d6c614233f464196659ff9b8a05e158b344d02ba03 1640447283777 1640447287311 3534
a003b42388449c9fa555b5ecca737d9930509323e3bafeee857cc7c5ed97f78e 1640447362933 1640447367531 4598
6421a00d9b680e5e3cf6f68f1bd94f73c6bff4ad1d818e41c81f9510fb7f1eff 1640447443046 1640447450014 6968
c0474c43e8f7858e28eb2244ef7a689085f8612b04d00c0b8fdffc71bdbe292d 1640447524075 1640447526844 2769
d26c0eb702628f87e3e9516cf213e59a31338d511ff30a665240012b6dd0d655 1640447604441 1640447613632 9191
cb88e0aeb598c744fe220e36cff9f9dfcf6d2219ba81c6b90f53e1303053cf2c 1640447685202 1640447689944 4742
23420180ad7dc75425c2635d3b3d447909ccc1fffa0b07b9ed4c82b7fa001798 1640447765603 1640447774374 8771
