509bf46d1e289cad6ecb9ec2e1de4fa43c1be4a48d9c766b271c5d3b48c9125d 1640443832460 1640443848711 16251
07b8082552b5ef91430b836300a187f34507937426c289935246b823fd8bc664 1640443912845 1640443928726 15881
4c08c2b195e4f2abb5f3cbde0972f4b0911ea8368e2c2a54709c6dcec9446c1f 1640443993974 1640444007940 13966
811581eab644eb24f22553b0f0d9133663baecce1302db53ede5785e56ecd0d3 1640444074175 1640444084607 10432
d8c013ae8ec27fb49a0b9ac626c1af935e87aafd67ede51bfe90805b2ebccaf7 1640444153472 1640444169674 16202
e8f96bfce3227b7de1b921e274a9b84fd6f37dad9795e99bf5251bfdf4f1d46a 1640444233656 1640444245302 11646
7f359895fd0fcac0fa0b725e4b1b79668f995e6d27a7cf6958d7b3a1a7270cf7 1640444314006 1640444330507 16501
c7ac077f6ebb20e6157ed353a7a393b3a45071bf95f742dc2ac2ef93518a5599 1640444395263 1640444407361 12098
25c3bd75b3044a1bafe6a015010d5ae34abb322c810bf16a5e14045a57f6099b 1640444475700 1640444489174 13474
51b518c16c0e881774b6e4f47c4a081919591028cec266edadead81b67db21c9 1640444555048 1640444562387 7339
8140ff5b682a8eba357b004be2b2025ba4c3e38230b156e5b4546096c97bad0e 1640444636341 1640444650591 14250
394c64112e5f041d3dec9971f8c2db23080af64cf11f4eb46e104b54ccd29623 1640444716458 1640444724687 8229
b6fbd5bbedb728efcf96b0d9f867648985a3a2706ef579dfd63639abc42bcb6f 1640444795612 1640444807584 11972
6410c9fbe1ac81b5e4050b5ae3b87bedd6150e81450e35297767bd38f4bac419 1640444875797 1640444889700 13903
5ed0a2ee2b1097cc5eeb014619831df7724e8bfe0a638364f40dd06fe1d3b923 1640444956239 1640444968935 12696
11f3100514cc912fabdfa8c7cb83e2a4b6ff142e392909282c38243204a100ba 1640445036514 1640445051233 14719
2eace13bf8f3e2f2afc021c466384438b71e58999c4ca9a6947f8f21364d850f 1640445116007 1640445131746 15739
c7d285e437f564f96895a198b29b4166f74fe77f66ffc4bee377d113299901cf 1640445196580 1640445211913 15333
d64facca37b4aae51b11503e754aee74820675ff4052fb5caf8071b0daa9e326 1640445276903 1640445291522 14619
0e92ab5f20b22eb823530222159de3e86823fd24086e28d95f1a36fb4d294024 1640445357129 1640445372320 15191
b8d95e07800e1943bc00671cfa0049c5a4930a5fea5b0a612d5084c14762e415 1640445436922 1640445451940 15018
75fa1f0686703a3106b4772a88b1dadb68a22e8166d60244b19aa8d938c8b082 1640445516629 1640445529948 13319
0f752ac681b117237499f4955064d1aeb1b4b5d3da6fa25b86d56b5c5627a569 1640445596566 1640445609468 12902
98000b35e5702d54e0cde784df6c15e8efa9141ef65ff7af0c507d812a8bc46f 1640445677203 1640445690748 13545
567dd5a66a5155e0a88878f43b401aa1826e3c3f5b94119cb48074aa397f3296 1640445757795 1640445771827 14032
261af32c50fe1c5921212cfdf3064ffa7e3d75f1def71278d8d5d84296aadc36 1640445838128 1640445854732 16604
d38767e0b9755cabcd3a0ef630ff42fd25eae526d36bde6417aa520c06540afb 1640445919552 1640445926037 6485
4f439e48b7b98c0d27c0e2fc087c86e4f4492d137baf49e14d5c3bc0791c29d7 1640446000415 1640446012102 11687
037de2b40bd468e099d142b32d09adb37c574b1cc03bbffe201fffb17971e32e 1640446080921 1640446094536 13615
d1b4d2f5b13750aa7ba3d822c30ada492b92defd29c841865091ea1c817295ad 1640446160972 1640446177853 16881
617eea34261e7c020be17e56b4a78f9e6a38ecf28be62f214c4dda8cb7371748 1640446243495 1640446259673 16178
4f47d6d2820ec1fb795dc2c9c1b4c2c257442a7ca3a88058cbe5cd340e8a7ae3 1640446324455 1640446338578 14123
6d6664205b5f8422f90f0dcb7035bd59776b9a9ea53058caaccca1ea353bd084 1640446404504 1640446415549 11045
a40ebe401ac44bfac6ec0cc101a407d89a4a0aabb2950e3a6bcae5c137501911 1640446483672 1640446498095 14423
7c45baeadf66ae378a6b67f1a99834c3de7008d7f02236f043918f4b598e0010 1640446563763 1640446577437 13674
a2d168386d9b6745deb0461a1878bd5118d3ce5770d35316a4f6af930641ed63 1640446643403 1640446654533 11130
0d91c4ec3f2a10285da3a24cf90e15c132563080fd8fa6c66e034d722d5c8f02 1640446722849 1640446733822 10973
c04dfcfec303327c284ac2ba8a508eaa7c15952427998d2e4526a5e531c61d30 1640446803448 1640446818135 14687
1aa2914a00f2f9bb0ab60af1ac2c2fdd1795b65d4202f315adb186e17e80b024 1640446884086 1640446896359 12273
7e77e5c230d585c091d314fea72cb2e06522e797a3f1a0b5491e3ff507f0a21a 1640446963613 1640446978273 14660
80d449da392a5a3359eb33d320922766f4a87cf1f9a8d8484fd9406ef68c4514 1640447044397 1640447059034 14637
7f8ca1850e8008b06667f2deb243ffd7643a1bf9efa3ede13f1f269b437d7769 1640447124420 1640447139548 15128
0b5ad7fd7cfec9c3ba60b371a222d2266a0e9ea8e558797b0d9556a5b7319bc4 1640447204272 1640447219333 15061
ceedc1bfac9dcef4f4c1a617104d31bc6b630a2c880945d3b417120ff659dd41 1640447283931 1640447296203 12272
eef5fb79aaf8941ded8a6b6e9c182e3da6e194af42496aea6162e12e4cfd3bde 1640447363048 1640447375538 12490
51aac993144574de61046ee461ddcff1514b4387dc972903636a316919049883 1640447443159 1640447457756 14597
2efbea90aea7f817fd948aee889c2ee0623011d1cdbe99042917fba18546bf67 1640447524226 1640447535356 11130
d3dad12b9706ed0a8d1895a7fb211886a9e2a9253290e53763be76e56dfd76bf 1640447604551 1640447615890 11339
b615d26df4d61f42c9d1b565b40eeb3413c9e8afe50ef190b32e0c0c40f8140c 1640447685353 1640447697255 11902
d9394b8045489a1476d496236f79dd95f6e23515c6848714bcd663699d1904ba 1640447765753 1640447781309 15556
