3409ff9026d5cda15d51a0e1d4abf0293b2f7645d2c7e04a502b0692535d28fc 1640443832393 1640443833873 1480
1ea253457ed83781ecab1e2e35fb5b9556b4a54e08fa4454fbbaa9c39fd48cd1 1640443912771 1640443914233 1462
d4c8ef3938062f02d0827e742bb6dee74d7e36262d2b48cce8d6fed839986f98 1640443993896 1640443996038 2142
fe0789ef8aa1404d4741c9eb07978bdd42a85a85050f810584d855d7894235f1 1640444074092 1640444075628 1536
b42de799a462d715f1ff0c23c8b267051a35bd22ee941b78b984e5f403e74699 1640444153391 1640444155822 2431
93a7a9518428c6cd50f1b332eb1b3bf8dc2e16eee36af0761d6d9627cf5e7d98 1640444233581 1640444234934 1353
8d2ef7898bf72e26d82a9f5a420e2d265aaec7ca26e0dbbaf8bdcb0131b5c4d4 1640444313922 1640444315238 1316
4508648822a9a11543211451310383b3230ab62b04bcecb630a5558b2eafd422 1640444395168 1640444396706 1538
86304edf5a5491e66d375b677ce927c3603c0db368feb9360951c7735e3bad34 1640444475611 1640444477497 1886
dfd724a9f1969d8a8750ce1939fb6db9bad0abe88f3653e79b82771e597e20fa 1640444554956 1640444557631 2675
2608059d770e0d1049d6024bfd7aaa64dd7a14fe7f0bf5d4d76eff16d6b32e8c 1640444636242 1640444637471 1229
9ad613825334f98d2acd61da46f2a58af94588240e20fcf2c5c30ef6085bb1d6 1640444716368 1640444717722 1354
15297931a9aae5354fb9e0baf6141a07d12cbd9edcd6cdc605716348cdac74fd 1640444795519 1640444797268 1749
01cd18f96082b3decc806875bca301c5b5142faa96abadeaffa0ea1447605fc5 1640444875697 1640444877696 1999
7d557004a44aed14b20cac2b7ff22ca1ba375ef049f97682ade4c0e7dcc5deb6 1640444956138 1640444957890 1752
2033d2e2f9b03b904cb2ad5639e75ebb3f896df790bb52570e2f4acc9b6d2217 1640445036406 1640445037368 962
11d349152ee5202aa184db49089d42be2daac267f5ccf37141abad20d79adb7c 1640445115892 1640445118565 2673
fd3998c0cb50f8189815b55150e920384528b85b3f45bf0986bb71a2736440e0 1640445196469 1640445197925 1456
ce8828b26168a1304883d3cc287535de069b9375f9891b7965dc6d83dc409cb7 1640445276785 1640445278673 1888
ec8c2c59ad54afcd2347fbf4065cf99c88d53e8c24a8b8eb9fb34151d5408416 1640445357003 1640445358389 1386
3132115f1ae060b08cfbc7a65f648c20c97dec87961018ba4646c25c2bfbb089 1640445436800 1640445438353 1553
7b620f739f347580bb1e2374cda7c6a85a5f435071de2568e34e721f08941e4f 1640445516505 1640445518195 1690
3326c8692c3db6783863ffcc0a7d650122ed49f62a9d88ff86e599f3e16034a7 1640445596463 1640445597638 1175
72f188223acea2fb4838aed72d23af3a3f7e014330d20c39db09f2be32b8d4f1 1640445677097 1640445678724 1627
4fe8cfb9ce26b65bc5a7d7485a90ee61851da8ac23a94ae88968a7561f9e346f 1640445757689 1640445759006 1317
4b0b49b251c4eacad95936d0fff51627a018c7330ab5e0c56f09717cbb1b7f1f 1640445837985 1640445839799 1814
65d08762fd0f68ff30fedc6951d7af8f023d9bc31e8718394abc46b9462717ee 1640445919435 1640445921140 1705
2886ac8c92f6e316223c32c3bc8f7f44e53ea1b73f74b8813a3f3d8b723962a3 1640446000290 1640446001875 1585
173be9dccd1f2f9f6bfb8057a6297f3b4db34ffa2a104cc50b47361c59b8d7cd 1640446080787 1640446081865 1078
51c2b877d39aaa7977f7ffc8179bda1736806f5c8aaaec69dc3999883fdc2f59 1640446160865 1640446163599 2734
62e1efb246885da3010ec6ef6288d0aa292895bd925e1436e294b39619eacaae 1640446243360 1640446244694 1334
bb41fcb4ad520a6e54c770c8f6279b17850c9f27fcee2954ceb5d01f5c9b42b4 1640446324326 1640446325531 1205
ac63fa64dc9a686ab8857d92a231cb591689fc012d1bc7d5a602f16c39672fe9 1640446404373 1640446406088 1715
428f403775640757fbf024563b58782177f55e9531ce9ba1d0d8ad4ed3351ae7 1640446483527 1640446485464 1937
745a93d3e19a845b1c06cd5b649d82d393b6589fe8523f67aa48d03a80ceb497 1640446563622 1640446565998 2376
a76d069b5eb4696f4f4e5e5aebfdc0121745a65970734cf1d8e2cbc0d7fa99f4 1640446643274 1640446644668 1394
5d61bf3909b68b0875f138b4a860b968a7b9e34ceb481ab367237e1e7885fb10 1640446722702 1640446724069 1367
45fe67e973e419fe7094d75b6bdf9c3175f12e26bf5133a0a945cffd7d55c899 1640446803308 1640446805401 2093
59fe3396e69b506d5d2198a1e14f60d485ed30297342716550290f14f0134bab 1640446883930 1640446885051 1121
8478f12e7c89fbb0a624c5aa9f2c7a35775718eccebff37b32b451a36b4959b8 1640446963455 1640446965061 1606
3d793fe874ca9e7d0a930aaa5c2ff39314c7e857684ff2bdb6a4b1dd70191936 1640447044224 1640447045174 950
47424593af6faf85757f0c8dca7a3fa92e81177ae5043f959546e61c57ba5c17 1640447124274 1640447126247 1973
c352d981e677bd8e9a36c729c8c02e115e444ceacf21f3ceeeeef81cb85b9379 1640447204111 1640447205296 1185
5249ea3ce8d3811ce8cd4a9fd75aad4caff5ab5077d012c4379c93fe561b647c 1640447283745 1640447285804 2059
f8289e3d3bc0ca63b5646cb228d0677c93456d04712a0b3b044c26fc48aa33b1 1640447362902 1640447364790 1888
2f288806f50b68cb85a619bf650a3b30c311e2385b43a669ba2c0142894b221f 1640447443016 1640447445008 1992
0a3db21e4c704394acdaf9f8822cbf9ca9811abdd977d2c5569fe563052ab79d 1640447524042 1640447525462 1420
170140bcaf4627b42b33a4b09fc468f4aae2bf6e772eac23a3607f82541a2b15 1640447604410 1640447605396 986
22b1a3f2d11510a6e1ecf25ea095eddb6c4c296b93bda76ec7d33bd9fd33084f 1640447685169 1640447686543 1374
6ec3906b3c8b2d4b31db91015b9145758eb21c12b1e7a160655dddc49e4986d0 1640447765569 1640447766662 1093
