25a8f685bb744d3e57becfa1732461b54c84f01a625c9a9d4a845d975ad847f3 1640443832453 1640443844757 12304
745a57b2aef75e23f200fe016a7f9fae4f9599263a64763ee99034484ae162bc 1640443912841 1640443928403 15562
6875d6b2cfde48afb2cc36895fff05b11de71608aa9fcf1011930c5f1d88164f 1640443993969 1640444009509 15540
6dda4a5b4f83a6322d749ad30ebc55669aaebf537c47fb4529fc80bf87bed172 1640444074165 1640444082445 8280
c5b91bc63cd18648a8722a15d7d148cbf0e36246e6772809a363aa4053c47535 1640444153467 1640444163572 10105
21e1358efd3aeee5543056068027aa31734041c36566a803015f5919e33cc050 1640444233653 1640444246378 12725
13960d00170b0d3dd245ef9fea35c249ae7bb28b7a57e8083406eb373b168da3 1640444314001 1640444325056 11055
c7bba32c91975b0c468d738400823e233d8dcbb383f47779b94a48e08dc415c3 1640444395258 1640444408213 12955
042a14278bd9588dd9aa97c66add0b09c55917ffebea0ca45cc221c1b1fa63dc 1640444475690 1640444490392 14702
eb38adda72a3d808fc1ca1e9702285417692644f4a8af378fbe53389207c73e5 1640444555040 1640444571159 16119
8760bb5cf4b3c49951c062e6ac362167901475bcc4beb7d1b56dc4e4186a4eb1 1640444636333 1640444651614 15281
6b33f37d1012382a5b1ddffe0662f4296e528fe52ddca9d7f9608331fd732870 1640444716453 1640444729855 13402
a503b25137632aedaa64438370f972863b74c3c6bd6e98bb75004055d104be99 1640444795606 1640444808889 13283
f2dc4e25dcd7d1aa705cb6f6545787990099e17b46d3c0dc01f50a42185fad2e 1640444875788 1640444888203 12415
3099575b8786db74660c35fd76ccd1d096af41f71f26b9aac5d1f18efa8aa017 1640444956233 1640444966608 10375
598666f4533ecd1c86ce77fe80fe9d9b6708a7df1d1e6c6804e210d96e8cee18 1640445036505 1640445049357 12852
0e8dc489d2a7cbb400c7b0c59dd307203fe7f4d37a43964d7ca2d38ad67130d9 1640445115999 1640445127229 11230
1bc9221495dcdf23f653a444c4afceeb4e6ae49bc00cf5dac23773bafac19891 1640445196569 1640445211421 14852
2a31e18aa1119f871dcf69d487809ac0b5b9cc618e4cd3ac1874615d7bac41ea 1640445276891 1640445292182 15291
16cd7862e200b59d9a3f7588dcf2e4cb4a75fd4c5ae2358341e2eea96b84fe9d 1640445357122 1640445371091 13969
2ad64a953f3989df0c5730b6430bbc2ad190bebc72dee6388103a4147e97fff1 1640445436911 1640445451502 14591
a8ff0f5e0f75faa14ad48395d0e5c53aa9e3e33822510e903b1a0b4aff6c5b94 1640445516618 1640445531944 15326
b7396b68d48264ca310220d17f442d9d5445d60b70268dc6345820be6e116fc5 1640445596561 1640445606341 9780
670d995239d237da4d00380791437cd0b2efe0d649b0eb69ba2ad5226c5e5320 1640445677196 1640445691177 13981
6e36f4204375c883360ff4dd9fa63849485062332da30d5fd480310d05830a26 1640445757789 1640445771789 14000
a5cbfc93b887b3f88dbe960d928e46e2e484af1d67f8c5d269b5d5c4cbc65405 1640445838120 1640445851011 12891
5867e088646d5c965c553b41fbbe827f6090e2d12fca1174f6320238299f528d 1640445919539 1640445933339 13800
87ce8c128141b260233d27d1aa36cf8354cfb0166985da91b14eb9958edeee3a 1640446000404 1640446011369 10965
c27b477a844d9defd78b2edb894049d26c042fec77923c316afce5a4f51e2195 1640446080911 1640446093608 12697
4ecd49d32c2ee419eb7fe85487072739b2b1f75554bf6801f0ada29317d711b3 1640446160966 1640446177257 16291
8766526e10996d1e314405c618a89308dbe15ce0cf23d626b5d8bdd2db9f8ec6 1640446243484 1640446247361 3877
a85727e866167b90368701aab6bf70bf87f38d975abb592f74c84cabc2eabf89 1640446324446 1640446337436 12990
ce3ac9da6a4ff6551eb0fa6705c97b0bc048d14c49d48ebbbfc7c487f779c858 1640446404490 1640446413691 9201
03c5844fe8ce0d65cf279479bc57b706dff153be729798ff5aecb9dfae613a59 1640446483657 1640446498879 15222
b52e4d28cafe401181b1abd0ee3ae8dd99b5f1087cf7a71fefde030df9d137ec 1640446563757 1640446578663 14906
e0fdccbde162aafc31a10b141223b1cec2dd588207428ddabbb52d902077a2b9 1640446643392 1640446658222 14830
4c071c096e0b9771982059cbf69e6dec9f09a9a6472c8eec239d702eb9ecb895 1640446722838 1640446734807 11969
82a2449a66a76db203a6d196914a683deac26c41883415802d341c0368686990 1640446803434 1640446815647 12213
7eeb0b71b0ebd0138b10237865b2c45b030798bc3175636d9ac2ff06b9b5e924 1640446884072 1640446896476 12404
c7840003317fcdfd6e3e4c5e283fe7b27773c8408b9b1bbadfdd42fcae4f6f8a 1640446963594 1640446976777 13183
254cd933e8a47136533f4fc28005b570691d1e07e4494d6595de3cb90924b35c 1640447044380 1640447057023 12643
377f29fa9cb008a72f0a4e625c1ad21d09baac48337929eda6049456ba582d48 1640447124411 1640447137003 12592
48c13aabd1de38551469c851430aec3af96926e39c1c3d70012ee7496c657b9b 1640447204261 1640447217186 12925
d9999c1315d5303d698e5408d80a780ab9901438d4373badf7620de62ae137cd 1640447283911 1640447298662 14751
b0a5db74893c3b2abd0846739152322a0de615f38d966b31914b3de3972261a2 1640447363034 1640447375539 12505
3f7ebc300e435b0b8b4db2abe2f43eabd282f218051ebd3b7764329478ad357d 1640447443149 1640447458509 15360
4c3f6503d2a62e425c8b153c99c42aeb2a24d01463d47a5dad413003f5a7bacc 1640447524207 1640447539058 14851
b7bf2fab01ce942d2c16a2660ba6e63505f9176a0a56724d25cd37afae07c3f3 1640447604536 1640447617979 13443
bad5b3ae29422dd3562d9db4985b1e17a7b43aea75765b0fbaa23267994bb639 1640447685336 1640447696915 11579
4e2e9f214262b9914dad006e9ff21e3e87a056fe1620342f6408c588c79525a9 1640447765733 1640447778696 12963
