b71b1b1476c87d84ff8e53c60c6536942bd0f701c2e73c4022600912e7bdbdef 1640443832448 1640443842980 10532
c8367cd15e03d9af29ada16f94620e1de75d1c44bb49e92abc23917f0e0d108b 1640443912838 1640443924801 11963
b537922ad210e0a5f861d0b8fd65e8dcbebe3fabfab790effe02ba31ea96cf99 1640443993966 1640444007009 13043
c0586557ba612fac7cf19ed2ba1b09373b957119713aacc862aa18b02ec7491f 1640444074163 1640444088495 14332
50c783798ecf2ca4feda8715b6d360d02ab72c4aa6bce411062c16f80fb56530 1640444153465 1640444169540 16075
d3a984ea82141d7bd6921e880ec6f5570884e45ebc04d5bfbc9c96b91576a1be 1640444233650 1640444245568 11918
2c5171f5512d274907d16a333f9627637d7896c72dfe94c622d58d2fd5bfa0a0 1640444313998 1640444329013 15015
2e8efb0a5242c083511a35b17d88356e18455e14d28172d7beb62a64f932e99b 1640444395254 1640444402082 6828
66202ee29ea14554affc370abed2ed9b7c64baa7118da65e0118bc50be7d5de5 1640444475688 1640444490242 14554
ddadddf5a586a6e85c4d59082f90011b9c848b0d3d2208c2f040dcc6f197aef3 1640444555038 1640444562519 7481
6b352965eaa19b83b92989ca72f47b73f9be0cffec601acbdf8c74afe9a7da45 1640444636325 1640444650920 14595
578539a1738a7c9d39c67dab774907dfd485e5eeca45028c9725d971653a8b8e 1640444716451 1640444731202 14751
9b68cf54013777330fb32c6c83a0cc5094e7ff7432bd0b820f88a79054203fd1 1640444795603 1640444805849 10246
00b4a92d44a729b00c8734ba35fa8985c333c62b6d1c1b3c734338993b471047 1640444875785 1640444886476 10691
95b2e6d8d7fda012f32b4f8c21bac9e8618ceb032f3f4a173d1e8d23f278d205 1640444956229 1640444965455 9226
23aaa04ef20571c7feb9e3fbe56335d166f77d6746cff75fffbd94b4b9760d78 1640445036500 1640445042711 6211
e08ac3f9dc54ad33b994dfd941cd5071994a1e10ac896d2c6d1b10686d22fe2a 1640445115995 1640445131243 15248
83dd2b4a5ea3f210bb32b4086ccf4860c15457c0e0e1c2334a24b5f80fa87aaa 1640445196562 1640445211765 15203
98d9eebe6b01a38139d8792182388600a2acc15673da14afd0fe60511ea2dad3 1640445276887 1640445290740 13853
484210f68f03c9fcdda1912fa6344923f1fd9822304094f7a2834c23930a6250 1640445357118 1640445369663 12545
71ea53304eec8d8939fdc99ce165bc986fd95fe0f3cea57884103401fe44b8b2 1640445436906 1640445443216 6310
3f773b5d4466638ffb78d8ccc76132887b0be5ffcd535ba98e625189cd36c0ff 1640445516612 1640445527613 11001
6f0eee8c48acff3de06405d5f0f17f14b25fb038d7fd7e9526773956bd667bc2 1640445596557 1640445608460 11903
84be336c623a38f879f609c6af3f3709478698d82dfc9da4ed365a9e3b0dbbf3 1640445677194 1640445692959 15765
c972d852d78b9f8719c6ad7a95561ca545b804e5de6afc0b0f97b8036538059c 1640445757786 1640445765795 8009
dba9d40f439fe14eafc354fa7dbc430e892604de9741184681d00bd5623d00ed 1640445838115 1640445854731 16616
f31a1e502258191a85c850d39b24f598fa819a975accb361d3b608c540dce4ba 1640445919535 1640445935181 15646
82110cc6dd837ec6eb27b0408c4fffc847c6167377b1c620056efe0f86534cd9 1640446000399 1640446015877 15478
aba90f0fcdfbbe3bc120be4d5c02adfa8a81e7a386ee74b4f252a6f903fc9d3c 1640446080902 1640446090966 10064
4807a515c34519a71574461dc70521a55ff1346583c1193988a177b9fc553f46 1640446160965 1640446174182 13217
aee6ead1ca188109ca1969ab093cfbaa6810cc48cf185cfd4895efae04eb5735 1640446243476 1640446258519 15043
f142320ca5af53ae55777920a627ac1d93f2da3b6ae16ff5ea0d3b2547fa6dae 1640446324439 1640446338128 13689
3ee892f134534eb05fb1db4807ccaa90a2f27442231aa95bbb3d677a6cd6d261 1640446404482 1640446415476 10994
6398491a2db6c12ab5ce9ffd19630932055f4b4cff9f7ce2c33f7021559fd7ff 1640446483648 1640446495759 12111
88c957b97f664d6bfb259b42b93e33f3e3e6fab1d9148f33e3244af7b8fb7345 1640446563747 1640446576957 13210
2c166723e14a87887513085d4e0229445d4146d4593cd6c452889cfeb9fb1eb6 1640446643387 1640446658308 14921
5bfa97a60e87208e18957becfd6c0fafe68ed7cb0d6ba0dc3e97b7a2aacf237c 1640446722829 1640446730721 7892
fefc5ae74ba7686ce3e2073384dd51202ddf38c4d09ff0d4f0aabb6b07b51df5 1640446803427 1640446815881 12454
20889435dff06b2a69cee94f826e863ddc6a6446e6970529351c079503fe31a4 1640446884066 1640446895777 11711
8d9e96c2bc84db4902b6d7fad5a4aa5bc0d592072f859abef2ef4124c5a93851 1640446963586 1640446979859 16273
6f599502a20dc6b2a60e8d163c6c64da6b6b6d0ee6f5fa5a5b28c072a4a8bd4e 1640447044371 1640447058528 14157
706446f45b6ab38cb6683325738b23a20ba7a7224802fb517995c729b61f4c19 1640447124405 1640447134953 10548
6cf318c2cb496e8bf77f3dea29458a887b5904bbf47988d0cf8e58a468ee38bc 1640447204253 1640447217659 13406
f2d6ab761b8e572ade1213a0b2f1c5e89e7af6b90baf89363496ed964b5fe399 1640447283897 1640447295513 11616
27e7071eba4ac7cec6112c1045e27f16f8352fe3f77ee346eaf7c3a95098a650 1640447363027 1640447377684 14657
538ca0166525e61988a629bb4774f4a0286cca854eab246d2fe644ad93cbc689 1640447443144 1640447452741 9597
d9f16039723d025276120134c213810b858a6031dab7bca19d21e69637353241 1640447524200 1640447536296 12096
4394c163c19b47a021194d15b649da8f8ce47587cc4d48d8313b8879fdd240d2 1640447604531 1640447616203 11672
4f6f4b4bd5c387cd36644360b561ecbd2fa3ab9d7a2ea3b3e4828bb45e8901de 1640447685325 1640447697731 12406
1457434baaf952975c249706c012700d09ad4c717c3439023569d3ad9e0b5a9b 1640447765723 1640447775563 9840
