ed479da4137573650064635065bcc164b4f086442557ee0ef69e574cb0523f36 1640443832448 1640443844444 11996
c50dcbabe0c8900694f075a06109884f17ef101566eacc321b62bdeba69bf82c 1640443912840 1640443928027 15187
55e340245fee2cc8550df115800a5aca3d6bc6a1e160a1b85ad1360148a78d84 1640443993967 1640444006697 12730
3530bce4aa2ec6dc732401235adeed213b280a6268f0668f33a96116dea12e38 1640444074161 1640444087991 13830
0d0269638cf7401cf7dde4fb8105886db94f4cb810fecbc8a47370bdc0d893c8 1640444153465 1640444168072 14607
552cca97dbdf73a8edbd0e79bc7798127a603ce59d4bf84660b6d16a1f713f4a 1640444233649 1640444245267 11618
21981234624f608da062748e0323d181fc32150532ccd32637f523f36d6a995e 1640444313997 1640444326280 12283
06024451f789e7c4c5cda1bcc0b3c84ad7a8609ab53e4886efd26a76a6899430 1640444395256 1640444407216 11960
fabe073edb9c05ca2dec24e4c3e869f5bdd958ef8afdd0eb06e8b9f917513a0d 1640444475688 1640444487035 11347
41ff414072b9de32e8cbe3d57a778a1ea275feb0a7591f6462e628cdd205f87d 1640444555039 1640444562349 7310
df2492d54a5555401575c194276e1ce4f933c51a2f7d31ccaf5af854b3fdbc72 1640444636326 1640444647451 11125
46803da9156618e6ad7cd0df5f8e77d726abf63876f6c957a38ed7964f0fcb33 1640444716451 1640444728769 12318
e57e366add6c76d7be6a45f8eb427babc06b846bf3f2138736a6b16cb21418dc 1640444795604 1640444809299 13695
5d6ecd5233e05459dcd35c55ad80ecfe2594b4d30d9b31084e20759a21716530 1640444875787 1640444890451 14664
fd759d057e90fea43c4a7175c0f06612dd70ee161e83ee9b8b412ce79055be67 1640444956228 1640444969552 13324
22af798d383e0ef506f0c76039ebb167c61b53b1636156a38f1b2347f960fbbe 1640445036500 1640445048798 12298
975bd8527528fe79be9662bb3bfc968c3cd1835ff00f671cfca649d6b4ad8726 1640445115995 1640445131759 15764
b912d3ca734914b83afc51cecadec1f269123069afd4fdb4fb7f8b63ac984f98 1640445196561 1640445204545 7984
afd3d4a4c61407c08c48d32700d54842c20afb09ab73b13bb4906f6e57678d74 1640445276887 1640445290421 13534
4f3bd2aaa8dc76be93b51f1f6008e4e346927bb808de975cea59e497aed6fe94 1640445357119 1640445369368 12249
871da8620e4922d3c29390c93c3e4e368887f950a3e3ee7758e3a90939a872b6 1640445436907 1640445447186 10279
f42b2300b6393796630b984fe0a82177069adfbdb452b173db1c99562882542d 1640445516613 1640445523465 6852
30fffcce40c18d56203016c968b50710e3a3663dea58264f9d615716ae8af63a 1640445596558 1640445610406 13848
1b3da477b93aae4d9c93861181f67cf17e2af1ce788cf2b2a4e7a3d0da08c3e5 1640445677193 1640445690214 13021
0ccfe0479f68a2fcf12803d509069a3678840c956c43adcc0f8b04869c5df751 1640445757786 1640445770364 12578
b541d698732d6deff64ef0866bce0111203173047a9713e9c5dd71f284a97b7b 1640445838115 1640445852043 13928
f6ffc733c0045f9b2ff99defe49cb8f7d0d0a6e3f2afb996824a14ff802e6c48 1640445919538 1640445934796 15258
787fee72fe9042678e3d89f29d3149c54bfeb8e22c4b88443d616d19304395bc 1640446000400 1640446012104 11704
e24895243c3101c5dbb11de3b67d57b760110009e118108c079e529216a18caa 1640446080903 1640446092998 12095
8aebe031863f0e64a3ff3e81c872797bede66661acce0fa7f16f9a0a5fb936c3 1640446160963 1640446169364 8401
7609fcd814b1f0f499aeafc977e21ec0ed1826d21d7253a0e52ca5aa0fc1d4d6 1640446243476 1640446257238 13762
5796d9937e9de05c150d58520f45a6d1975ed71e61fd4bc4c5e7a406882e5cc1 1640446324439 1640446338891 14452
2702739ae8afc5b9cd69b6639ace51130c3c0893613730e260a4713e92875ee9 1640446404485 1640446412153 7668
20d3be2fd3c3d21036b1c591aa0efe8900b4c55faac1029f92f1d0a3572db2a0 1640446483649 1640446493137 9488
fcb10b36f6aa711eeb26a6051a3fea2c1801a89b5c325591766f8a6551716e58 1640446563749 1640446571124 7375
20ed2c61a9e7fd0570c7f280479aacd1a8be7d6b8c1d9b9b6a13355b6ae28704 1640446643388 1640446658297 14909
286243d82c374c6018838d977d7d9e92c6a5cd3911ac425e6bb4dcb5ca5067e7 1640446722830 1640446729815 6985
0dc48aa13d39ee013f37137ff530be4f668882a5054e8d2ff6128587882cca07 1640446803429 1640446812586 9157
67ebd897b45feeb7b2e74e1880546105d1808d6ec44aaf0d958275beb9a68452 1640446884069 1640446897266 13197
1df35802b37886b7266ecef072496270b4ca78c3d2c4b064a0d0ea79f92f0f51 1640446963588 1640446974152 10564
59610ceaa64f251e0c4db82027a37896f05b34e9d8dfcdb935949df7724b6695 1640447044372 1640447053756 9384
d737c7501dd235626c36ef2f34aea018d4be46afbac796c8049deb2ca1e19d16 1640447124405 1640447138592 14187
e26066865436196d8d15dabaf5df59fec8122967e8f54b04904770c070a282c4 1640447204253 1640447216426 12173
6ed35d1da6cfc091bb0043242bb90c79530228ab708e17b9b857688189646c16 1640447283901 1640447293947 10046
de01d9905e7531a82a1d9451af271ed5cfc86a53fa6e3870a31cce88f1e47f7c 1640447363027 1640447374934 11907
2fdd6bfcaa7f0fbaf2371e509853c8f8d8ce0e673527f8e676c09365e2d665cc 1640447443144 1640447452764 9620
ee3dc79644b9a71546b3df9a2348ec9de4a64bb3534cd0fe7359b4251b14f59d 1640447524201 1640447536436 12235
4303d82ef883b66c58d45dc70ec46357f385f7b0810535276eeedcb6c90e4f71 1640447604529 1640447613629 9100
6aab3548f5040139d69bce164b331b6d9b51b8674d4b686071b620e9f7acc74b 1640447685328 1640447700782 15454
81efd43bef2cccbbbfb7821c636646bae10436bec1ad5be325e07dbca194c4e2 1640447765724 1640447775446 9722
