278f544ef84338a55e44c18fabf6da885e5a720822471da0fc46cff60bf9a505 1640443832433 1640443843571 11138
cace0182367cebe4b8b226b782c849d11d07de5f06bcf3e6fd4118bb3f033a04 1640443912822 1640443925144 12322
20bb6e8d764df18e4f7549276a2bc918c471c9e7da7fc08623237efc91b8c204 1640443993946 1640444002102 8156
b4ed588e21238b09db5d34147e0dfa0dfb4282eca1b90683d2e9d3b4956ec485 1640444074145 1640444080375 6230
62e9d0c357ab20415dd1a70d33eeb8a3de79fa3568a358e7237c3f4a300afa55 1640444153444 1640444164516 11072
ebc2d509138c6b1c48884405ed493a80fd744d78bc05c5319a636c26a00a5e88 1640444233629 1640444243797 10168
9202d0f1bde9cc7fd883e670b156517a289ac581c9a04a39674b3b036279352f 1640444313978 1640444322096 8118
92c6e5c59f3d02cde06b1004812db585b23f27b123fba8e64cc8386c50980fc7 1640444395226 1640444405171 9945
71b7c2fe383f73f02de7a223045d9c8cbe5365f23ce1169da2ce752fd70c3071 1640444475670 1640444486294 10624
64c98f96545e37c0dca59a4bc596f9f519a8481fe92e42b353e3a16242dec30e 1640444555014 1640444564378 9364
e958823db3f8228e6564a6d834757dea5245cf79471b4cf00e5604fdb42c0943 1640444636302 1640444647205 10903
2571905159e7e81a65e7bc3c86c46a4d3d27b95895e52e4bcf911c8968f157fa 1640444716426 1640444730743 14317
cd60f6787225aee2aec1cdaac907b2bf3e9bafd83fd3c724cb8b9409391f55b7 1640444795580 1640444805221 9641
70c2e727e9da6e3ee57f6b506e3a7d2749a152249c5e8cad981f28d3e9ab0f8e 1640444875761 1640444882853 7092
c6ec583424a574bfc3fc074ae39064b9817a0d970db7a69b6d092b124924bdc8 1640444956204 1640444968463 12259
8c5168cd9819e9f96902ed97cc40459734367d40c769e2ae7b562a7921b8bb55 1640445036473 1640445048983 12510
55ea39a540d0854ea039d7f10771b87a1b4b70be69aae1993ddc8cccda78d9c1 1640445115963 1640445125383 9420
a359bc394fb33e25119a29e154a831cd42d46d13eab8d4233b03dad2c258d206 1640445196535 1640445205811 9276
8a26791bedb107e3c5388f7e229ff9b9c496c75b4654b5713a22fcc96e745441 1640445276852 1640445289682 12830
b8032220e0e4f9686905f3ca7ea58191cdbd82aa2b26cf29e94b3eb131441380 1640445357078 1640445367925 10847
663907ce7d8f87f174cb42a529bd38ef820c6bf4fef4b94295e51948c5cf4fda 1640445436873 1640445445730 8857
0ed88a8ccedc8d4a9749de682023cde2907772d5f745f02de14cd307478f20f2 1640445516575 1640445524636 8061
54fb4172bb0ad2de543676231dd3e4acc4e16e427b1e1fe9dbdf3d7514c94f41 1640445596532 1640445607489 10957
06d4ed24f02db0dd5406d936edc1ca6c5ca946e67ba102eab4cf05d95799e88a 1640445677165 1640445689347 12182
d9dc8857d2e3906a02d767aee3a9240f713cab1c95a1522acbe35018a57abf6d 1640445757757 1640445764532 6775
30c0bca1bcc9ea473caf35e58b2e1597d403ca3a1f59b7683cd80e1f516a5c30 1640445838069 1640445850010 11941
685bc2834db60499a25ccae763a8652707998a0b72f1a2c6901d5b4951346246 1640445919504 1640445933257 13753
afb32d8b986d7dbe2bba91b3d0eb61dbda67faaf69221092f52ae2d37b1e48ea 1640446000364 1640446011058 10694
4c978332df38a2ea2a4a21d7b51acce1741f0157163d7cd43faca4b825502603 1640446080865 1640446091875 11010
07421f5a725946ad6d9ec218256aed27b53341c471725985d5ab936ecbf3ff99 1640446160933 1640446171167 10234
f53bea51936f1bc4427285febebaaa56646da55752ba7a19e0bd5d9acd9144ab 1640446243440 1640446253143 9703
25536acf01fc0521f8ab12a04f2329d250de8e1631232b4e175ebda968936284 1640446324405 1640446332349 7944
bbfc21435955aff8c49377e6514ed2ec551e8d6d558e6d16e74465bf3fe82227 1640446404452 1640446411050 6598
27d0bca75059c0357a02e64fde90a7cbc9fb77224e9b91ed316d2da828c77e47 1640446483609 1640446490002 6393
aae1952cf2c3fd9a8d1bc38a509de374731adab5449c50db29229b7e7fc4dad3 1640446563708 1640446578144 14436
97c7157797d349e2932fa1e87ee30691bcff6e29a3c84939cc45cd79a56abe78 1640446643347 1640446654553 11206
7b608668e868e85742960575bc152cdd0d4a9e2dd46c430759594f5f8231cc0d 1640446722780 1640446734089 11309
fafd29518418b06e60e256cff16f6e257c3d65d06b91e8c58c1f6cfce0707fb2 1640446803389 1640446810673 7284
d910a7a9cd3382ddc6e89b2c6e779d8dee8bbbe780715f863382b4d300b4ac45 1640446884014 1640446894252 10238
f687b915376e5847c1be0835b6d608b796ba385c9dd11e345698c931678fc72c 1640446963539 1640446979560 16021
50a54d10ad70a7830713c56de2ad1bf1de3b875ff85f721e8af29cbe9cde52b4 1640447044307 1640447057015 12708
f4c058b44034acbf668d152e473a50e0a0210e5686439c9f77ac9581e15eb806 1640447124361 1640447133720 9359
3a7c5be133d2087ccb14b08da5ddc254dcc4da7e956be1b9730adc1f434d94f7 1640447204200 1640447213971 9771
80a556c9088ac448b916f155b1c5d76f6c366b4a1b097bbcc810c2e9808efa2b 1640447283836 1640447295449 11613
ca035fbca2f8f8c7f7d2b7b7c443cf343df2fb9deac1207b517b05c74adf13b5 1640447362982 1640447372633 9651
b76aa6433741f79a89446b89f90e3e57249519feeb7fc765fa7b304c8f4e089a 1640447443094 1640447448483 5389
357173c38a2c38ac496d4e8511a623cd1ca04d6f2cb684964cfbf142f7765e77 1640447524136 1640447533127 8991
aa89810805de1b63a9fb9c8cedb5fa0da3d474e809ea3cf6121ff54e60744392 1640447604496 1640447613500 9004
a311c95bc5788b3d8899ffb521ede157806490d7ea78b041756ff710099bb87a 1640447685264 1640447697184 11920
8542bd43b43e10f2986f0ed603136f9c94872f45baaae31f10614a7efa3c32f7 1640447765664 1640447772571 6907
