db1ded95f1738d3d89b238c661fddf91d48d2f0295ed519a83d12fcfa63512bb 1640443832442 1640443848169 15727
0f893f7ea36e8c2299355033900cd8405e3ccb0c80b33885c4d4174108867c54 1640443912833 1640443929119 16286
9a95ebe824eb72f3787c992145416698e3bc58460c15f096842cb980bb203b70 1640443993958 1640444008443 14485
b146beb50991603f21ee27e341de16bc2bb3a9381bf8f5e674cc05c59ef3d5b7 1640444074154 1640444087380 13226
1ab4a0dac8be38d8e78f5ef76b3eba1b2aad826feedbb239782974fdf1963801 1640444153456 1640444167992 14536
d0b77e865b344404468fd1650f011a0ccf7b6ac19707e9f561b562a28555ada3 1640444233645 1640444245417 11772
27349489fb6f8c7459242de27eb928b72658252ff483121d310720863654579f 1640444313987 1640444322033 8046
feedf6417e06fd0ec60e616210996a496c6cbadb6ec8d6f2868012e1d1252e43 1640444395245 1640444409092 13847
67cde49854055b7f0181810f72705de872faa032734ab4f067fa912a293ff087 1640444475680 1640444490308 14628
2ccd1adc3fdcff5785e4adf4dbdeb9b2f30fc83d808f8afb96f9ebe1bb4e0c83 1640444555027 1640444570795 15768
265623f0b2f5953bf49abd0661e627a0c0cf5ad132f515f0a8f46755e01d7f1b 1640444636316 1640444644487 8171
7fdb23981965eeceec57dfe8820df89d55a80ec4eabf24585f0c9aaaf9d9982f 1640444716441 1640444727364 10923
5e0840e1de95651c275a2a3634450665c946f3de6a9ca9c2c4d7af556286910e 1640444795594 1640444805218 9624
ae9a7efaa9cc03ad03717880134dcc01d0c0c9db257fa750789c6ee4582c239f 1640444875777 1640444890498 14721
f72cc6bd8bbbce4a6638c3d6b56ea1ddbb1ebe55415cfed6785c2bbcce9672a6 1640444956220 1640444966894 10674
afba648aa27f8f7dbb3e444e1b65021c64b05e5486005d88a114ca9493bd4ab1 1640445036488 1640445047740 11252
214847da28fcf103638657a3ca5eb05dcaa944aeece89433d9e679edd61602f7 1640445115981 1640445127326 11345
848f2c78ce4d63c7b31de01a21a6f351f17c3d8ae94687a7f8f7b479fa3d72d8 1640445196550 1640445211136 14586
ef67fe2efcfd91468322eb5673d27c2d0f0c54046a666651b06fe8880807667a 1640445276874 1640445291805 14931
4db48d8d12a9a94fd472b3bee3a2f05046a60e35c171d79d7d477e4be07ff928 1640445357100 1640445370585 13485
f6c5d37ad95d14dab7751bf2c0e5a3096a14d49284bec6f464b8480aa41b8952 1640445436888 1640445447183 10295
087c719f6f5f2eee616d882906c5210c599258ac6574d71eb353849ff8801aff 1640445516597 1640445530298 13701
f5d445c28d4323df41a1f8e1486f1cc0776ecda09093663b0d005264c7454273 1640445596548 1640445605189 8641
069c97ebdce99497d6bb4f7aff8237dfcf325dfc1e6f9c0ccdd4cf4211e9aaab 1640445677183 1640445688406 11223
01b0144d1b63f05df89072570afb417005f4ed4ed2858b87cacc059c6f6a4ac3 1640445757773 1640445765631 7858
91d798c51ca1a71811236cf4000d2b453ee2d0f5af73ac8ff4d0379fcbaf37a0 1640445838094 1640445852316 14222
b3ab39ea43d0f861062978360d142e490e30ce455df79598703bea1736a1d2b9 1640445919520 1640445932715 13195
a92eaee49839ec1ea7c7e6ea43182db16986e2997543f916c4587602345b291e 1640446000385 1640446009297 8912
348836c0df869fb940a6c226ed1102f42e0a4dde327da5e263e447eea11c7a3d 1640446080887 1640446091962 11075
5210b93535c3c5785a3eb8b85cc86bf44155e50d2f8614bc6006bc925e89c567 1640446160951 1640446176798 15847
5ba4c59a26d9ee7cce01bb2b8715715bba627de07deb4b2da4928e2da12ca1c0 1640446243463 1640446259673 16210
9b045e373fd7c303e29b3f8c8dd7baae0812a68b1038ebf1ae26e796acb6d171 1640446324427 1640446336466 12039
795b881c0bf8d9a299e578e3263eaf30ddefbaa1279fd8cf29ea035945d59946 1640446404472 1640446417935 13463
207cfb60a2c3b56847ef6eb186317111b6ed17658cf6481b8875d3eef2759248 1640446483630 1640446496419 12789
f289ea592196ad8e2b5c93b19ca05d17fae5c95f3d7e3caf1e4bc222604ff0d3 1640446563733 1640446578544 14811
357edf553eaa862b5da4cae66dc674921acb479892cb65e737247d07fc21cdc8 1640446643373 1640446658321 14948
6234d067e337514829e36ac258a3e29a92be58bc519864fc1e0082c6b65b9e6d 1640446722807 1640446731983 9176
6f4d912cf39b09a736b5015d3d64f58c5ef28b6da07f16f9b07b90a79e0563e1 1640446803409 1640446813918 10509
293da677344e19e44399711a31f844e0fdeb018e5bccc3cf75143320006f744e 1640446884045 1640446895454 11409
8511598a1f9fdb730443d6b6cb246541106bcab2fe14509b9f85d3873486da9a 1640446963569 1640446980253 16684
7a9b0114b2c132a20b0ae2eeb28c6c6373b42cd50d45e8019dcd5883e123fbad 1640447044341 1640447054784 10443
d4c235827769cab51491cee3400de9d135d78e5a79f53521e2c39f362b7c67b7 1640447124382 1640447134743 10361
e3c6dc3e3e88fd9fe8c40d989683f648cd6de1430228e3eac3bc3a9881ffcdb8 1640447204229 1640447215011 10782
aec234f4c9accf66ac2b3a49a8434d7296d3244aa9a96a58d45a4172ab2230cc 1640447283869 1640447298714 14845
ab936caab8bfb543e5c424dd94ecb8b2e00b07c9207ee53496c841e7f8a24845 1640447363010 1640447376843 13833
87cdf5f8023619a532154eb1cf469594df4d7fb24e63960cb61b2fc007a5b3d1 1640447443119 1640447451915 8796
9343a8288923ee074064004dead8ed1316f24681fa3fb2e2627295e7832abc53 1640447524175 1640447530884 6709
7318043acbe53e62fd47836bb53b6a8e6c9d672e148c0f9d2e14d3397f3505fd 1640447604516 1640447615866 11350
1dce78089a60b9ffe905ccadc5ab31b25e8d5edc828a4b4e3730af0040d87f91 1640447685300 1640447696847 11547
b64e5037f379484b3ed8d57b0fd98fee0341b9c3a7fff25df721659c346b8cc9 1640447765696 1640447778660 12964
