10a6a83f8e5535c03b67610744aaed9c0f23a0809e48f2285581ac8774b7030a 1640793728545 1640793734748 6203
938d9920e628c87018eea865134a338b69df7900046da9043b0f75a648bde141 1640793764823 1640793770647 5824
094afbc6b1df25f630ee34ffcde0b95003737de13b09ed542456f7b93ed5890e 1640793801214 1640793807504 6290
ad0aefb1d86a3f8b24fe099fea044770ba0c135826624f298cc96814f23590be 1640793837503 1640793843796 6293
2237270e60df52f6662a5bb4b39b931b809f3567cd38a3a393e8d978cbc9a1aa 1640793873657 1640793879045 5388
96d9ba7ccd481813465e0a065459d76863a048f2ff0cae51fe916bd7a72fcf7b 1640793910322 1640793916642 6320
6222ec94bfddd21372fece086b533ea3e3be348b8800cd2179d8549ea2496405 1640793946567 1640793952536 5969
244b61358a7b8dbc5d36b7298dde11d46fc2bfdcf58750052e472ea439b7d224 1640793983062 1640793989348 6286
b51a80030ee063e86ebbc982e2d98a8c7a349f0b2f0f54baafc544105f863ff1 1640794019221 1640794025282 6061
47e032c4fc1d50b0787503b0a177ffba8a46056e22fd8fcc5ca338754730e5a4 1640794055440 1640794061058 5618
3b6790a3a7be46f6a5ab38e2102218fd83bbb8e44484228b8d78282784628b45 1640794091775 1640794098017 6242
b1bba0bcc2bfa91b480434684c82f2aa917a4fda52ecc9221143e2902f811d1f 1640794128212 1640794134678 6466
c503e19d4905fbe24c836f4e3db46e1b5c14e66eb6fe208d383fa4c42435b6e0 1640794164808 1640794171264 6456
7b9d0d0e433451b921cdd4899ec2be9e8d15a3151882b4c236c36c9650c77fdc 1640794201241 1640794206630 5389
b580c446b86209d27ca3e255dd6877137d532af740ba78f458e660a336f3a49a 1640794237821 1640794244251 6430
860d69bda090514b7687ed7b32f52976af61060610353caa3d9d1a827f86d633 1640794274329 1640794280404 6075
586166c3c452c558f3812616ae263ab5a36e9a56bdd9645bc25d994ad5afd1d3 1640794310513 1640794316648 6135
1a48981d1ac659d311bbb40cda4c3e6efa394b77d312b37ae5c09d228ed4a0ad 1640794346793 1640794352913 6120
7d7395a86b1b5437cdc95e45084bd62380a4c134bd215162b5168976ce32d82e 1640794382908 1640794389235 6327
4f597dad1ac9043f53f1e270bb082363f2980d7155b63716dee9c02b52f42e2e 1640794418974 1640794425243 6269
