5aef0bcc363c6feb04fbcd72fe58abb489b5ad8072ecd7c4c023a98565f43bd7 1640793728543 1640793734451 5908
4410b09385064df43f9e8ec6815b2e2f1f40ed1faf2bb6d17f2278a8d61ea7f8 1640793764822 1640793771043 6221
92c8f466a02975e7ca4481d8ae09490b5becdaa834234054cf4f147518b61f4e 1640793801210 1640793807146 5936
8cb3085bae34fa920af9c81bc8dfd833055d9b43b06302386caa3327c54212ed 1640793837496 1640793843696 6200
c830a05082a9446aac2cdaba4ef3d87a8bb9f5b8e1fc3e1426a899f8da55e322 1640793873647 1640793879901 6254
ec0adbe840a24e890b1e282c5a4b0b42fed1d8005c1a3bca5d785eb6f2cbf60b 1640793910312 1640793916096 5784
37640703db8874c31f7ceff0bdfc92421bc58f7ff0496b7084e7160941bb28c6 1640793946559 1640793951808 5249
cba30c50b5674f9c53b249dd055204262a4a2522166e5dd64985dc4b41de78c2 1640793983059 1640793989080 6021
b36ee9e20fab713e38b1a2063366c34d973b8b06c7b838383f3a562f931a5b39 1640794019220 1640794025496 6276
6731d202614c0c82a0b6f4a91bb6672a678ea611560d09c3e080bed5d28cb8b6 1640794055433 1640794061678 6245
96088c9260aaa2d6e1a9579ce4d1519ce3032227ca283ea37910c5729ed7cd75 1640794091774 1640794098043 6269
2e8d4be8e4f8cdab7081f3239f5f27a82cb15591bf49590d15bf8f123237adfd 1640794128209 1640794134249 6040
4f6078d2e7b7ab0a24c7cdd156dcb1b7d32d9e7105249039be7b279410342125 1640794164802 1640794170986 6184
36e29d6217b4735c18ee9a50b73e4c2a3cdb602e5e188858eef9543bca2095e7 1640794201231 1640794207281 6050
34fad03e445eb35606bc8223e9c0ecd9e4fd64bde082ca663d18e6330fed9373 1640794237809 1640794243955 6146
088506f14f30ca781d8535e34afb18c061091b713d2076bee6029ea68fa57610 1640794274324 1640794279444 5120
495c21bbe09e1c885581538d7e3c9366b581bade97c6abc0f425d8953fe4d6d4 1640794310509 1640794316183 5674
bce05e012c994770187879b12faa9f586f5adb037ce3766534e3c437dba62e22 1640794346785 1640794353082 6297
b9513550474b026b7fe029cf4bfaa3cd3bb5ec84fd4dada4637407af757f3480 1640794382897 1640794388304 5407
8edcab11c34c60ea9cfd2654bb8bd037fa1b05804e6e413f487d1b6acc6e1dce 1640794418974 1640794424844 5870
