96290dc67205371d74ddc1eeb7fbfa7f5ee97094444abd67c7a97b6438e09495 1640793728508 1640793734219 5711
d9fed00d326a580a88f12853f0a9563bb4b2ed5d01da459601a637c1703f9be8 1640793764784 1640793769841 5057
cddf373af1ee56a5466179bd633a41260ac74dfbe20e685ea61cbb84f46770e6 1640793801173 1640793806255 5082
18b3f718b9365c413aa4a62aa776f9a0b1041824f1301cf40d7e1de38fa1d5ef 1640793837457 1640793842391 4934
755dc53a3874fbc56db6721dc1d1785c0efc082012e8b8df7219232e37c447b0 1640793873610 1640793878484 4874
57cbd154f9db969a289e6d72726a1fb5d4142b2d5b636ae5dae34c2e8597c227 1640793910274 1640793915410 5136
1a2f790e42b9c496239ede89a6725727704b3a94a94bce469fda7a4883f33320 1640793946520 1640793951506 4986
cdd6ce9436b6849078b5fba331bd339ec5bb4cfd0afd06127d472ea69701e352 1640793983022 1640793988668 5646
2d4e4ae825554e85f930abe3f57628d81648639a4e5c6bad40262c38cf421b84 1640794019176 1640794024448 5272
9aed80644127d9763cd4311a306a46585b59488cb2e9144fd19999fba3c7bb31 1640794055392 1640794061070 5678
caf824f628696893521cf40de8be195b36056c5924db40ed483c644a6e592b42 1640794091734 1640794097042 5308
1d87b6fdd4d3d156f406b2e8101d852b77f829566ba94c260aca6bad0b2162d5 1640794128167 1640794134459 6292
47c6a805a2fe3cf990a6236f99836b244fe2baf139ffb715defb13d9c9457edc 1640794164765 1640794169626 4861
41b875cd8a2dcafd9dbf03164ff51b89a4dc1ca3744353d32200402883fbfdfb 1640794201188 1640794207753 6565
5676eb51818882c3c138862f10d3e55508027b99acf4317be74a8e25d3ffd84f 1640794237767 1640794244010 6243
31c053bcaa51f92df59fab9bb89fa3174c2b0da5eb5d6a8d0c204d6176034866 1640794274282 1640794280415 6133
5e763c16e6f23184a453a294183c7a31c1be7b48a302da1c29d51b60f71cff74 1640794310465 1640794315742 5277
b23a0849eafc941c839bf13671a751b70bcfbca5375ce49bd0c10f9b4efb8b0a 1640794346741 1640794352388 5647
8574203380a35a466649632e41017522377d53237f38cc4a43a4b3c5064808c1 1640794382856 1640794389278 6422
8463b14f3d4775d6456d6b5e0ea84881a2354a1b10580aac8d26a4f6f02f737b 1640794418927 1640794424471 5544
