cf621d896fe3e729addb716f139235827f10897508200956a7859601d974c7bd 1640793728539 1640793734421 5882
8ddda0b28e98ead26f6dce58f504bc51924fafe50ffbad1416ecdb5935a8a026 1640793764818 1640793770584 5766
93cf32cb1c0c7c58ee216d9c049bb96773f6d196ee4c1c8dea8541ef93a4ccb0 1640793801206 1640793807448 6242
a35f160f531f2ffb6b6aa6d2f2368e65900534d217441325428bbcd6b51da469 1640793837495 1640793842744 5249
6f977248419381dfbe36cce36811f782005fdbb9863d46bd201a1e966f34edc4 1640793873643 1640793878894 5251
2999642cc07687c97a1a0e8559ad124779eb10cbfea761149bddd66ea0b67da9 1640793910309 1640793916515 6206
a0ed98cfab83e118a22367b1d78c522c8fa689421628f3b868da06caf777ae32 1640793946555 1640793952938 6383
78ac36d2390cc14c97691bf48cc55af652da7cdbbfe4f08c12fbee9348635ff7 1640793983056 1640793989383 6327
0dec4c6e4d391349ac34b57743e79f4224e41c539ee2fbc442615f6ddb1b7cce 1640794019210 1640794024863 5653
a08865b58bbd633fc281b972c52ace5c584ca56686c683445effab73670344a8 1640794055428 1640794061458 6030
a44387533ef400e4de27adef9af4357e27e1c14a625a1ed6445f2cf753401ae7 1640794091775 1640794098055 6280
112485ce0a7eccc1616e546a4696b94467e07b15adf5face19683ca8a39cf6a2 1640794128209 1640794134031 5822
c834ae56d2ae260d4669910a8cd65e4a3aabe91164655cd120d1a670f11fea88 1640794164798 1640794171151 6353
b2006eed65c20a33f301394b766a87a1d0a1cb26949db04114b344f03610e6b4 1640794201228 1640794207678 6450
16f014ef8a2653018874f9f59860a1fd811957c80b9324fc45761c93383a9c0f 1640794237810 1640794242883 5073
e62e5bdb5d7631fefbac2a15d3bd6383cdc2b5f3c4e4c281d138096aa48d656b 1640794274322 1640794280510 6188
8d1afffe8c4d7632c2b9b5548c4a2a7af3c0716c2b76d5f7e2b523d4fb74ae4a 1640794310504 1640794315190 4686
0741047c9080d0c18aea9850980d2c8c205ddd1dd7b6ecd055f27b5633116d73 1640794346781 1640794352787 6006
36d157994793809df9b32a80545b7ed1cec171a9481dc88c4c650c0d5bc4d256 1640794382893 1640794388868 5975
f54e054993bc3067ccfdc94d86dee76212276ff71a2ef8e62159c14bf2025827 1640794418962 1640794425241 6279
