bde702ee9e3bd15191a9b3af3ecdfe0a8d319cf9a825aa2c228081074ce1909a 1640793728518 1640793734353 5835
ce47fd505e76510237baa343df6a9e3df5e84d7d904ab2e0f48f298ff45fc654 1640793764795 1640793771080 6285
15c2f4ef8f4501a4207f91f0f2b7e9e05d6fa677249f6a3c0d77ecc3d17b10f4 1640793801186 1640793806969 5783
11651e253164b521173968920d565ec0fa506117650f841e52e62272ac0c5d91 1640793837469 1640793842786 5317
fce66be5fdc3f1866aee1d8671c0ad70e6de16416236577c3473a5427a70eb6e 1640793873623 1640793879150 5527
27a78d8d1f3e56ab762220a8f9ddf42a8b1470e0016fa8b400e2e56f965833ea 1640793910285 1640793916342 6057
75a091a55afd58b9e96439a74e3f5af16b69eb6ced6ec2a96faede334cc4cbe6 1640793946532 1640793951634 5102
93450501fbf00aa4615031bc55922c15164d32723eb9dba3a9fac9ae577b8739 1640793983034 1640793988722 5688
6d2c333c80bed0b67cb6b0bdfb27d6e41c2a3314bd1d7e78b1adac57bad65b9b 1640794019189 1640794024207 5018
befb4a4632cfdbdf2924c74279dbf06419e890548e18cff8b9895c9eff7a7993 1640794055405 1640794061069 5664
2dd3a861cc6a9323baedd7ea5b58d80ea8faba75a15aeb3e70065c460a45e716 1640794091746 1640794098223 6477
70fe73c39fc460445a41cec34978c5e9b290b8a326a0516b360ffd3922e97c87 1640794128182 1640794134772 6590
a0c62ed2d6d17830917ea1b96e64ad940566c9b8f3a089eab2d6860b18708669 1640794164777 1640794171245 6468
fbbb55a36406a31b41daa8f89bcd90c555bc66eb1b318b2ab8fb3908d4cd92eb 1640794201203 1640794207627 6424
dd966aaa40d149426e69bd50e372e153fcf98571fbcb6daaf8949125e298c07e 1640794237781 1640794243128 5347
4c70b083505322aea995cb89de2deaa93637039a3b5b022ddd87f6249dd5d82e 1640794274298 1640794280426 6128
ecc4e215e9cbd0a4d78ff50dd2508b7bf18a6624de1b52096dbc8bb7aefa38f4 1640794310479 1640794315616 5137
0bc5f2cb95e824236ba72c641437398f291f5f3e1a99ac91459c249097790d38 1640794346756 1640794352710 5954
3a858026c93a41aa20da86cabba6e9b73a84842c6a259f7add3c5d82f949abda 1640794382869 1640794389177 6308
eabfeb484f7ab7abe9a5a15683d904fca8e011ec0b420b816ac247a0a3cbcca7 1640794418940 1640794424997 6057
