58ca5810601e474dc775bdf14bfaa150ec4647d99995eedef44df82a16bdede5 1640793728546 1640793734891 6345
1e7cf2b1e56835aa40274110fa0a1fb22e7f042453bdb9d58e5c40c9ffce1e5d 1640793764824 1640793770691 5867
2bfd106c26a87bf021dc237b9ebf3090bd02d2da8fa18922a9cc4506829c8027 1640793801214 1640793807163 5949
0710d996b67bf859e0271209a4bf43c248ba244937ca9c6a27803fdd4c1ae477 1640793837506 1640793843667 6161
eaa6877f917cd674e94aa24148f91fc6e617109fd6c5af55f54e3fd160b60e1e 1640793873658 1640793878862 5204
654ee38c4f320881ac8018217a673f30deeb5dd77960b6c41e05413223af4a29 1640793910323 1640793916323 6000
df7506eea841840bcaa26da8a5602771456123c9b719956ba68006c07ce77417 1640793946568 1640793952618 6050
16ac160248fb77d01a9f23a3841c275dceb9de80de94fee7418aab56abd58399 1640793983066 1640793989164 6098
aca0b2f0bc9d6c634b6f9ec9c561d29a18afdb4e1924eb8f1e536779bc19aa6b 1640794019221 1640794025438 6217
f72b60fe7377658b00d0b093d2b683f9ff62fbf37ab64a911cf669d0f779a1b6 1640794055441 1640794061071 5630
2c06b7aa028a933ea4c911d89389100927aa38cd92a894aca62432637af7c81d 1640794091777 1640794098043 6266
3807acb7c450b320ff37613bac36723f2d613be651cab58c8f9913ac8104be88 1640794128213 1640794134855 6642
990e88cd6593de93148d8f2413678def712eba509b72475b6edca6038439279b 1640794164807 1640794170536 5729
d01473bd5d893840a99b74cfd4d1bb18e69d1b1fc04f2cf09dae9785d7bbb5c3 1640794201242 1640794207311 6069
f3784f9597d2458624cce849fe99be64fe86a8d05bd6ddd2484a777ec6c09d27 1640794237821 1640794243955 6134
60d2ba7de6c168198b080a0856168abb9293b2d51029f8a8d4559c50a1ed91db 1640794274331 1640794280398 6067
8bf7ec2290ac7956f0cd3ab21ed8d78a8e3001e2021fdbc9d0b457ea2afa3e8b 1640794310520 1640794315532 5012
626657793c38ac06aa302033dfe06d84f94e8fbefc03d69f01d27654c02213a8 1640794346794 1640794352829 6035
d0d4936a5f900bb30628983b9e62657524c20b4969b7220ff82c93d88e695253 1640794382908 1640794387876 4968
2d072388537d5ee1911fec385dd73fea837f17d6aa45937243862fa0223e1a0a 1640794418975 1640794424715 5740
