1079c332a8ae0648c201825f7ec90ec9c44c4588cc747cbea6f9d54e151dde12 1640793728509 1640793733464 4955
65b5ab65f86a49f10f78cf7118b8fbbacd3ed0f36ddd2253bcfac140db2b9a9e 1640793764785 1640793769893 5108
6b93f67607205cd7749ac2d5c14b2071b4d2f37194348b7e396d7131a2b4583a 1640793801174 1640793806806 5632
9b01e289653b4c024460bfca617cf15f06260c497ded5cd55ba4aa2af3ff5501 1640793837458 1640793843794 6336
f6721ae909e9e3ac658c17df3eda3615e7dc15e0ed11b725e35c65ff2b0a3387 1640793873611 1640793879578 5967
b5763e9d72f8478a0496679371e805bcc34d59df31f111b78e849f3f0a8ecda4 1640793910275 1640793916555 6280
fa700106661ccaa8dfd974b53345483b9b43ea869f1534a85eacf54b67ef7d39 1640793946521 1640793952297 5776
20653d42ef6d6c68bafe2db7aec4978ebd43f54b11ff514db63f3a5332ba4ec8 1640793983023 1640793988251 5228
d5a7cfd96839699741d2a032ce14f46d46c8d6c2b96b7c8f81c201bbd96ff856 1640794019178 1640794025139 5961
352736ceec4a74ea531382d22a11dcccd533221c5b3c479aff93a35be0836308 1640794055394 1640794059897 4503
ccb49e0947175c29316c5c81c0cc1d8848f08c4f1fe82efa77c7fde994fa1b9b 1640794091735 1640794097009 5274
58fbe67536feccbb8d2701ea7ba5059040f8384fce8f4eb204c5e217bbc4e95e 1640794128169 1640794134801 6632
04ae016c7ad61ad6c82dac53e05847f554c71a856cb3e23017fa3c60a7c93d34 1640794164767 1640794170556 5789
603b5eaf26bd31004ecada3337e256d9a77e6cd4efaf220015dc35e680ab99f1 1640794201190 1640794207305 6115
2df56c773488f2f661e5e1c7e95e1df7c00b8df7095f36e62ce4c77481c270e5 1640794237769 1640794243636 5867
a3a0d37fa43c7943b0bb80024328ebfc73789ea6f57152e7cb39ec97dfea7cb3 1640794274284 1640794279674 5390
24416b459de30f761b09c2ca14dd3e08c9c6441f84ebc41adbf83afd78d885ac 1640794310467 1640794315558 5091
b3e08de0ba82c1f4cd562c005583fbea7826b990cc8c414ed8c2e9e969db846d 1640794346742 1640794352986 6244
28007032817aa0c05ded0182ee611ac29741dc3417c6e1b02d03a9cf17404f3a 1640794382857 1640794389271 6414
2e9229174383c88454d624aabad6de492db737b38cd4b0610a6ba59931aae070 1640794418929 1640794425402 6473
