98651647028ff4e17721c8297ea1b12cd644094d384ff77f3ff47e824028422d 1640793728510 1640793734162 5652
eff639de9b0ac507adf4d99827064161ce72fe666d9aa7db00ef36ddd529d5c5 1640793764787 1640793771076 6289
108686fcd9964194b71ca389b761d55bec9fd7b20db6138da6cd02a6297988e4 1640793801176 1640793806417 5241
f5fb76269a0c1e53e5eb976bd50355bd44144a4ff46f3db188b200f90f90855a 1640793837460 1640793842556 5096
00c9e26ac7a489b194a5cd9b2ae820e7bc9750b2562f5dcdceeb706ff9a63c15 1640793873612 1640793878909 5297
9391ee5a5cd58cdab20e6612f5a939a8bc487da19fd06d4f7c57bc445245dae3 1640793910277 1640793915526 5249
d8ae81a4d229dbd1ffc464f55b333195c3c89bc933132815c3c8806888c1344e 1640793946523 1640793952619 6096
a634e89e01ef5ae1727b08695966e7e11d06bbb90c3e1442ea3cc9fd26b3e02d 1640793983025 1640793988356 5331
e3de19a92ee4c651a5efb806f9cf4cbe07bd2bb7a7f1c142de1efb63c9ceb035 1640794019179 1640794025221 6042
5f18faed4c1151aa4eefffd04acdac907caac3119b5d3b644f8198088ee40ae7 1640794055396 1640794061454 6058
d099ae220d4a56eb636957bdd2914978b482dc27372830113efe54c8e1cee0b4 1640794091737 1640794097605 5868
43301a827ff860f9e1fb69ccaa259c116123d435fb87a955a88076b1a71d78f5 1640794128171 1640794134855 6684
7a94357bb7f73648bd3463c0c462c4145a75c9b5d75aa9507fdce0def8278b4b 1640794164768 1640794170125 5357
018f575918fbad1e9ecd8ddee2e249f183583f598dc9b68bc1c17d862815777b 1640794201192 1640794207711 6519
83ec5e7712c6a96615539ee9b736847559551197c600afa93f5f82bae782ab6f 1640794237771 1640794242744 4973
87e8996f9a8fc664e07dea5a81d031bcc5c15c6ca6667be796500f171b42c005 1640794274286 1640794279649 5363
a42ac2cb3be02e74453d2940ccfc758d7b5d759d47db9a82b45791c517301949 1640794310469 1640794316618 6149
98bebb40481bcd9a3e92ac1fe939056fdf94b572e99b7bb9f3874d9337339fbe 1640794346744 1640794352492 5748
60d25edd328c447f36f94209d2ea67dc9b2ca76652a855dea1566ccc89217617 1640794382859 1640794389234 6375
f4c595787c1a64bf10e3689b267024642cd3b3f3a7c725937e488ad45e621aac 1640794418930 1640794424966 6036
