3e9ed36df7742b320d091650bbb0a797c5f3feb09695901d752c75e9748621ee 1640793728523 1640793734854 6331
82186fcda7a6c79c6db9133c86043e1c1bebe0a98c9f73bca8ffb307ae6dd7f1 1640793764801 1640793770751 5950
55b3fe122416b6460d539d66c376882dcb2d94bc3e520dff09508f7b914fd9fc 1640793801189 1640793807447 6258
95eae37df035ba10a5dfa2122c004919f91ea9959c5e6bcba652471877f6ebef 1640793837473 1640793842563 5090
c68f030efd3e710801b74adcb8f8067d0b294351e6520aa928583d7da1ce1a9c 1640793873626 1640793879860 6234
e22bb3401939cedfefe308af215d7fffde889298cbeb0c4757d04c829a5af96a 1640793910288 1640793915438 5150
b3f9abc960e9358cb5ed999d7507301e84a81d71b0be329ddff4a4bd8739e9b1 1640793946536 1640793952938 6402
f445c91c47fb992ceaa03fe1b0726833d315ccb8bf5da351fa498938fcd4b75c 1640793983037 1640793988910 5873
cce0f591838b8ac73fb49d3820a3fb6e5d81f861b34cdf351afa65b3ba722cef 1640794019193 1640794025595 6402
0cc4013640c8bd0f1c7dfa9a2ea6c1f13393f58cb09ccc4cf67d566d8ff1c989 1640794055409 1640794060662 5253
e482d5a70b8d71102f11ae8e7da896ea57d26f10fa82061b03946e2b3052f72e 1640794091750 1640794098237 6487
34829ac59a69567c4afb13177f3d397e2298af203bfcfd09ed491ef2325363d2 1640794128186 1640794134346 6160
6dae33b0f0730ed06e32c71af5ac5a0fd18864b382cd4da9b278a854d6782e0d 1640794164782 1640794171264 6482
8413083b856c50752325a55e3b4fed61f6bcd29484452e6dc03dd2c4e13bd015 1640794201207 1640794207184 5977
c4016ba6436972d5eaf5a51645ea8a2485a0c451c312ace53c9b63419f3a7e26 1640794237786 1640794244023 6237
bcf902004f28450a2cf3db14aa75f197dcedcaa359e7bbf51de623f91a5ab7b6 1640794274307 1640794280501 6194
968a6501d699120fd3be59f8c7da1d833e062140f2338609abf44af6d65f94a7 1640794310488 1640794316649 6161
4641e8216cb5b39cbd55ca856f1925cfbfcc6c9b9b94f49659234a05e94b34cb 1640794346760 1640794352661 5901
391c4d3a7bcffca8a7e5dffc6ea4cd54ff5943e385668f6a824132255788ccbb 1640794382874 1640794388868 5994
4440901dbe1d4cadfa79aea7b4f474d9145458607322498c68b4109864f27131 1640794418944 1640794425012 6068
