b0d3ad0a491b76268c70a6c46a293b7652b7708b529f7283e78ad368a693c751 1640793728511 1640793734753 6242
6c663f07d3ec2b16ce0479c7c1fea1df251fbe0131bcdcb21fd49bab8213a9b8 1640793764787 1640793769996 5209
fd3bd0e3a4594e28fd12150e87d10c837fea9c1df94a43fd702c420dd7af1cac 1640793801177 1640793806430 5253
421e1fb471bf4e9b955da66e79df7f110b7284ea961ce119af4797b16d5ca228 1640793837461 1640793843584 6123
88108c81849adee3da33992da22c07058c82b16740f23fa588cd758329fd6dc7 1640793873613 1640793878740 5127
0f150237a36dd1a22cac7e57216023614beff5d559fb809c30b545d0974b98a6 1640793910277 1640793916520 6243
e3c65a0ad3281ce9a6c16a874eebc16a1098286a3c703609959120fb299f8ed9 1640793946524 1640793952301 5777
44992a47bf1e4f698e3e66a2db305359c1d0b533593cf23e68456d192ea06d3d 1640793983025 1640793989383 6358
28f5c31021ea19b369263c649671e6e2682ebda9a0811710dda2298178ae995b 1640794019180 1640794024939 5759
30b4691de94b0a593fcab948ca0770a500e08a43f59fc8cd5c96213e34413e3d 1640794055397 1640794061796 6399
64c8e4fa78857ae97c515a4f329e028dc9eeecc7f396c8b5ae6ed12b2ac2b643 1640794091738 1640794097819 6081
a561251bf8810e2f313c086b79d93b742d05ea258063cbbc41241fe9e49c3930 1640794128172 1640794133157 4985
deb8b0732a80dd99f96e2546c5aa9505ba39205f2ae4f834136b1da5f2fa8da4 1640794164769 1640794170962 6193
1dfff86dea42cf3b76f6b94cc222706f6d4ff37f7ec3f5a46958e9e51a8a4e2d 1640794201193 1640794206596 5403
980cd1091a53325a5203ee11a8dfa1b72d8ea40982cc8dad208d08fca051cad1 1640794237772 1640794242918 5146
cfc821aad0e02a8b042eec425b8fa44ea51f4c374734ee835ba74a47f0737f1a 1640794274287 1640794280365 6078
8554c70f378f65e2c5b5d8a600a58529ad0614ba0037726cad58121263253943 1640794310469 1640794316067 5598
a984a4ba835fb09391d5ce8aa674b252e4b9bce6cb19e72d1e12f009d463e201 1640794346745 1640794352649 5904
55bfa66a813185247d8392a54523f9c692b7306804f71e48a1f1e9300bbf819d 1640794382859 1640794389271 6412
5fc77bfc78e5f15e2c98add0eff6cc14e3bf17ef16dbdc4e1d1e31e10d295c08 1640794418931 1640794425067 6136
