444fd0308171fd0de202df0bdd1a89de1f5bfd8be2918e3332f1665590211c88 1640793728507 1640793733245 4738
c3f65b39aff966d350e828b47e330a4d2e23dadaae6d6a7a79340a651b5a4648 1640793764783 1640793769827 5044
9fffa37292d9f11ec29eaef5d84304ec5d181745ae563dbb0aa1dc94046539d3 1640793801172 1640793807180 6008
5d76e43db90690a6cd73a3e1c07bd16f495718640ca5fffd6a2dc89ac3fd1489 1640793837456 1640793841924 4468
7f2f1e48da7e3c5af1b2b7b14e709b877ff0ae5eeb56f830c02582a3d3b57d62 1640793873609 1640793879833 6224
a3c5e8dc92d1bdfe10f8c83ce1e500d9d4f941c8afa450c6e755190c1538cfb9 1640793910273 1640793916545 6272
2448417c0bcdca62d5cf6e484e9c861eb17b7293c0724b9dd2ae4aaf2bff3639 1640793946519 1640793953029 6510
26d9247dd6c567bc2a46b5ec9517de13d7833e0259ef4d696a62d13dbb32a483 1640793983021 1640793987428 4407
6bf7f4ea015a2e0c1dbeb82d6e96b3bc1fd99ec33b21c47bace246abff5167e2 1640794019175 1640794023558 4383
301910c92c15b6b1fbfccfb1a7b8048ae6ef9700511d0c2affebda9ad2912215 1640794055391 1640794055818 427
5611c40b8c3a4439ef14a35497486bd62d80a6b4d4e5686821a0bdd9b73df02f 1640794091733 1640794098028 6295
5fd03941cc3222417a7c2220aba3d3d5656c9cb20faa4229e65b9470d819b644 1640794128166 1640794134462 6296
54c54ac70e27ccaa25b8067246279a04a76ffbbda84fe698815ea1be6dc23705 1640794164764 1640794170474 5710
7521ca039a9c9f739e598d146a4d447fad812ce4b15284d6d57bd75f4dd3800b 1640794201187 1640794205552 4365
30e57449ffbeb46f49a6515e65729428468b60c257ed0d3edc6998dc250d24d1 1640794237766 1640794244227 6461
2df19c3221d29919416ca53b9f768b750e31025c0cf96f8957111d6b8fcf9403 1640794274281 1640794278632 4351
14dadd610e6a708a956bafec7dded43d50c303bdebb577338d055de8430c5f36 1640794310464 1640794316374 5910
7bb0eb240607861bb203799753a385c49153c8bf5bb1ec4ae7260c5d1f2015e5 1640794346739 1640794352415 5676
49461076e94146c0d088bc579f560b6d9e18792281ee08dcf25d648f88e23645 1640794382854 1640794387823 4969
7d30c6d1d0f979761fc21a8d1f9a18a5f9de0f852b9b3e42a6d7a01d6e55bfc2 1640794418926 1640794424787 5861
