d542d633e50a0c8090be4c8693ee46ee8926d2df2971a1813d4c07fd6c178c2e 1640793728533 1640793734555 6022
2a764525fc57dc5cde182ce54a2dbb042d57addaf7208d1c9560bb39dac6284c 1640793764811 1640793771037 6226
bc195ac535fbdda2a25332d572225d76d485eadb4c82867f994bcdb3ef7e99c5 1640793801200 1640793806405 5205
1bcfcc670b31ff382e8817e90a3525d21aa98e6b0265613db3cfc1a7af6c8f0a 1640793837485 1640793843529 6044
837c50c2e611f1182c231e5120ab867c3c0c3601c0e3f9f43ffddebbbc599a19 1640793873638 1640793878432 4794
8e6de3846d8647304c57fd499470555bbe77384e803427e1c533409ed4a2e3a0 1640793910303 1640793915952 5649
e8391bf7f6d595e9ab7cf8f70e9757fb35f82b0e3ed8c5636072250559eeab82 1640793946549 1640793953020 6471
4414b70da3d7bd53379d36cb8593b5f67cbd83fdd5464a957cb869b0b695bc45 1640793983047 1640793989397 6350
7f99631fef5bbd64de8471f7fbed9703891f6ebced5ba6d647bc926759961b0e 1640794019205 1640794025399 6194
2e1d6172465ea1b5e1d5930fc18d599db392b6c278e64598f745429f36fffa90 1640794055422 1640794061697 6275
b7599e1bcdc77e19524a370ee41601379ea6a4f396c4b427342ea482fd9f2582 1640794091764 1640794098124 6360
9a11375a2ad2b94b4fa3f4a1d55b05e2f999ea8d7927a24a9abc9fb190dae82f 1640794128199 1640794134799 6600
2e5f9e53133e4b581ff9e2226432507ed4ed597165f9d07f887b47f0ee717a29 1640794164792 1640794171011 6219
c9404b14f86d2a874b72171737cd82173cddf95c09cf3fb309ab7c144529e90b 1640794201227 1640794207530 6303
3da1782ea726d70634b7003c6248d5a5708d82bb8666e4d7118688dc1923a2c2 1640794237800 1640794243602 5802
09e8049c2bdd9691e00e9e612d42e36aaf0d057c901e4b6377c4ca8de48ae5a3 1640794274314 1640794279670 5356
69e0a0a36c198bef4057336069ac282a84bf852588e4ce81bd26e72e44306a14 1640794310497 1640794316677 6180
eda29fa4de956d6a60cc419fdcbac368ac04824595024d9edb62faafd18b931d 1640794346777 1640794352380 5603
be53a1d6d31d4119293b05b39dd8da6467b4edaf578e2355a735177e5c9133d5 1640794382888 1640794389289 6401
c8f977ef15c4f059e32d54c780acd5cd0569c2bcb108ff4d554b99f2763d0d0b 1640794418957 1640794425591 6634
