b7060d5c3ebf86e4dc3dec4c16acd92508a4df3c2f132e20633adbf17ef8162d 1640793728507 1640793733523 5016
4c81ff3f2f7d8ef521256a158dc9fd1ab6e7807f3ed14945a452bc9fa718a70b 1640793764783 1640793770689 5906
5b9a3d3c8a33f16cd89866e221df476bf9ff9a1661ef16b5edf2f4195de5c6b9 1640793801172 1640793805986 4814
c6ed08c4985ced3aa0968209aa7663cb3050593845ab6ccc83b39d5af437abb2 1640793837456 1640793841917 4461
3a4375ef08fdcb04bb967a256c769d2ec7885737f4f7c0e107dc88b9030f0e10 1640793873609 1640793879073 5464
df412d9617ce6185ef92284fd4e0f3472243a66d523babf3476e983e4949ec78 1640793910273 1640793916516 6243
545362c179809b8d88100d2da1d75014831f162bcb287876990b6ac4f09a0b43 1640793946519 1640793951698 5179
28358023e044a640e008386b6dbffcd5bdd8cbb06228bce3655dc528fab44379 1640793983021 1640793987428 4407
1c081106eef7f820f1f9ccc6cca7f312983fbf295692fef8fac9d6933fce0f73 1640794019175 1640794024788 5613
654c95fb78d5c47cf16476168c9e6e4b1dfac06aa23f1e4078e8266905233150 1640794055391 1640794055818 427
c97d6fadfb23722df4e52ada270a73f355706ecec3abd28f15d277a477c5d1cb 1640794091733 1640794097659 5926
0b7e964deb21ea94d74903a9c9cb84bde12ff35d8861fd6314a7b76c409dedf0 1640794128166 1640794134802 6636
219bc8673b49b3f31f961f3ca8992e6a567815c761c63bcd23ab21737263a8ad 1640794164764 1640794171142 6378
549ac9493aa22aea349f11c67db74a57bd88f5cac9eafe703bf55865d891c0a5 1640794201187 1640794205570 4383
b0a12c192b23902990f0efdf171c6c2174d66030d6e2a57756d9058de64f4c09 1640794237766 1640794242969 5203
255d94fdbc0c583fa7ce795143cc4d3f603f8edf8857f1d23b590f5ececbb048 1640794274281 1640794280406 6125
8d187d4e34afc9362c71952eee8051838fd2d46c3e4b13f929eac801018b5e90 1640794310464 1640794316066 5602
77a3cfb596d1c53dc0df508f6f91863c36ebbbba92ce1c7b2dda76d92e61cea1 1640794346740 1640794352138 5398
65079a7851d3ed53af10f320179328c55c8349dc3cac117362b4db572b5fc9d5 1640794382855 1640794388670 5815
16c3828220bf46fb2329fd60187199dbf6b5478519ef69bbbe700ecff11b4563 1640794418926 1640794424715 5789
