7fca27e229407cf7c5bac25aafae58774d082fe5014ecbd24534cfaa08d8a9f0 1640793728537 1640793734651 6114
e916fd06c66addea48c0e38ffa655939d0385fabd058a1ac87b3f16fc4ebe816 1640793764816 1640793770604 5788
91bd2d691296975ff9606ce64ea39b33f155308cc2b5b03dde7c15de556f4771 1640793801206 1640793806415 5209
d3b496ba1d8beea9f43df32124ed36bef8aa11a6e53e17ef6a4e876fe2a124c7 1640793837496 1640793842559 5063
19aaae75519ce684aacc2a297cc5145af4382c8ad89ec959d5b11b21d159d6cb 1640793873642 1640793879150 5508
65e878935a047c2384b39ad67ace586c36191d489a1651cad673d4995e4dd783 1640793910308 1640793916580 6272
741523af1b8fa5bcdefee18f7087a59d96cd9f10f8ec3cfe24eec15260f67cd5 1640793946554 1640793953084 6530
fa5d93e196b6e75f1c3fada2d37113f11030a4ed9b322325e5b7a7beb63dab6b 1640793983054 1640793988857 5803
fe31ef175cf7516536ed951a278fa17e4a44e7510634927e402ba74a2b25d4c3 1640794019209 1640794025136 5927
b43e4199706215128fc07ad907778e72bfeba1172f6a4c03919c28341db5d16b 1640794055427 1640794061794 6367
4e0fea12326dcd4cf101dcbb17018e6c10a9bcbe7aee354514c4b0f40a892f72 1640794091774 1640794097832 6058
db2eff368be620debecc2390f0db45bba0cec0e53ecb333770317d2ce4af1fa3 1640794128208 1640794133890 5682
36d0d7f84a34c86b3c6c72cb1bb05cd61ae726222350fd90c9014e20dfeb5659 1640794164797 1640794171141 6344
41c801bd40d919f004b3922bb824c94e22e8335fc5a8fb52f6573be07f6126d8 1640794201227 1640794207139 5912
8d74896fb7baad4e8029cb37939fd9e5476538b983cf209ff9ebfd55a33818da 1640794237809 1640794244252 6443
ec7afa8aa3a77053f280d27d5c7b672563685c629c4d9df5e52fddafe407ba0c 1640794274322 1640794280158 5836
ea3b818deff61cb2490c6103ff039eac66946aa71d6186452e523b984fd33a00 1640794310504 1640794316369 5865
7cb37b7403da2ceba62975d92435f4c7c04533c167b5cc44571b9d1a3fa4aebf 1640794346779 1640794353063 6284
3c54db8cbd30de5d6889258fdca4d10eaafeace5e96c308b3a6221d75e8922b9 1640794382891 1640794389176 6285
f587859e1d500912913fcaf39cafa92fef5dd7bfd7b8d0061e1119335142fcde 1640794418962 1640794425061 6099
