89dcdfc93bdaf266cf2dc194f0c3dbc71bdf4a353ad04d800e34f67822642973 1640793728532 1640793734864 6332
87643a372853315255e5619b883751b073004352db9ba6df43b7f27d3b2bb270 1640793764810 1640793771085 6275
c36e825b17c2756157d46f858f418d98dc29924df365a1f05c7706b75c8c89a4 1640793801199 1640793807433 6234
5031ad1a428d774ac731fa0189ce77267010ce6162f0d8875b6a2d5c5f539034 1640793837485 1640793842550 5065
faa8f490ffb01ee4ddc5fd1f203369ca50303a9968555d59886871deaf6f9d90 1640793873637 1640793879837 6200
d946edc0ce6bf55784439cbc0c54647d7d2ef15bbddcb3fffe25f8430b4dadd1 1640793910302 1640793916579 6277
dfbddbe5be895b12d9c67274a68f10a61be2eab9a2941337b51daecb432382a9 1640793946548 1640793953093 6545
ef231139f01fdca5368ea7b782c49a78bf5f9d1a91980446796dae1b2f806aad 1640793983047 1640793989408 6361
2f50f0bfdc93ad8fbed3f2c537d9f2dfc4707d0fe90258cbecf808ff97e23424 1640794019204 1640794025246 6042
4b9f46a534c06fba0099e0e8f7ac72ac05aedc00a1766f54471e0cb2b881f7cf 1640794055422 1640794061773 6351
3a06035ec2305a8184c59a21624a41cf2bd500d1e0bc95dc9b4b510db441048d 1640794091762 1640794097930 6168
f73c97306c6e97a8bd705231382be15861804573db1551233aec3f62c8c3a022 1640794128197 1640794134012 5815
59547dd39b48be78fa80c9f9069c8b908d2da4697444f014bde365b561af084c 1640794164792 1640794170065 5273
ebbabd83ac8f3ac97a27c704464e4c4a8a06ab33cd43a06b2b9c522e07ab3fb3 1640794201226 1640794207354 6128
be939a0453251a140542aa339b7019270be85fddcc42d2b950cda1775caecb2c 1640794237798 1640794243431 5633
1f0a52c47bade196670037bb639f317fe241adf4b9b48a06711f0c2a3ad4e3b0 1640794274312 1640794279501 5189
4c58f48ffc1c00532010eebb99e465f7eb0c5abc4de5bfa1c36c4b71c1af107f 1640794310495 1640794316577 6082
b428ab73e78251149459999d747513620f7c8bf75881fc46e71a92d2e5650037 1640794346777 1640794352786 6009
a5c90724c0e92db917a8a753351364a901f1cb947c85d46677715e926ad0d1fa 1640794382888 1640794389290 6402
7f03141fb15e1cb22c2436a5960c92fd0f949c00e9bc56993e9952a6bfc3cd7b 1640794418956 1640794425485 6529
