8834484f758318ebd50f1546d8c36bb368e1a06f746e71162b64017cb6d3333a 1640793728516 1640793733571 5055
cc794de60229c8da68a91577cc607357a9af08b02238421a9ce3ab5ef944cc8e 1640793764793 1640793769555 4762
3877e4204ea1d50e7025438548cd1d48d23a105094bc9d0140766f7d09387d39 1640793801184 1640793806719 5535
cb94caccca05534dc78d8fd8db7cfc6c38c7b0d40539bbd8c17691de9aedc8f9 1640793837468 1640793843711 6243
f93ae3a806a9471e3df56852ade6fa9c85bcadcffbbc7f73173e8c47152a4158 1640793873620 1640793878909 5289
91bbc1657b055906a924be84a2cef9f159ecf120cbe0870e34ffd3ec3bfde7b9 1640793910284 1640793916370 6086
f119c2b2084bd49ff50e32a5abef418023b3d1530c3c47e4e287036bb065dd11 1640793946529 1640793951612 5083
37930820d51ed9225b5db9a825736e9c84cb677180a3da4780de6545589f3f93 1640793983032 1640793988897 5865
6d5cac409540cba37039a44216f5aeabedb8eb36a332b117d287ce9cabb62e0f 1640794019188 1640794025577 6389
e095c6d3f2f7da51702d2128ee2553769d0ece90d1388ef03764b0a73fe776ba 1640794055404 1640794061813 6409
a80a40414a65c27aa5580569aabab4b97b73a2226e06ed0cf7a831da6f094b50 1640794091745 1640794097839 6094
685ac069ced8a747d07ec47bf32744c4458ad19965fabe9030c0b4e024549e3d 1640794128181 1640794134793 6612
bd478801ba95c8599000441cd9a5a6caeebb2462108ea46281b21c60403d9d22 1640794164776 1640794170864 6088
2f5ae01d31243eeb4e6192dce5061351d2391fa66b80073f253b92586d413953 1640794201201 1640794206510 5309
d52212bb0f7dac48c23111b16d6976d41c482ac6b91771f0728e53bbc821efc7 1640794237780 1640794243348 5568
6a23bef0f535cd0feb2f8eb00b15a1fc20ef4b946cf2157afc109645ed29f96e 1640794274296 1640794280370 6074
8a59d42d206d2fde1f1dcf65e737cbac489afd270a00eee60ceff9ab99a36323 1640794310477 1640794315663 5186
4e9ca9b699376c910c21ac9123f2f132c88b81a2d96f102633fcb54664ecf4ec 1640794346753 1640794352133 5380
e373a02268e60b3745e188b0814265e688e1f3dd63eaa95ba4565ec4239f0492 1640794382868 1640794389271 6403
c1034183df4c481032c5913be3fd43bdf7ba3eb47189d9e1e7b5783426f29ef3 1640794418939 1640794424999 6060
