6797e1d2bb949cec099201a43bb3ea2050cdf5c72741dd7c9bc1477a3c91e915 1652084623839 1652084624326 487
a2627f4888efec3814171758a8cc69934b3d64fb55f319b94fcd0d7c58244693 1652084638041 1652084638809 768
a9a2f7a725da61ba9723e3075ff0fd9ff1d2b7562239b1f911643fc8ff119ff1 1652084652077 1652084652799 722
7cdba174360f47630db839357d5f2fe9f50433b7ca174966de849aa7bf151615 1652084666081 1652084666708 627
c7f0babedadc356da11ca391f7d275b53ba2a25a15fa26e80b1cc78206867331 1652084680236 1652084680986 750
18eec8d793fba4f7a2ca4cf23a51431874267457def91610b48bd63a6c3fc3d2 1652084694579 1652084695210 631
a7c2357f206ab954d22544fb6d54be6a46518916d942bde37561099c61686af5 1652084708596 1652084709266 670
5e99024fbe9a6124b662c406ee86ff1b48c10c7f56174dc56bfdc33fa58ef200 1652084722621 1652084723344 723
49a29b290fed0aef2ccf09666a7da6127c3a5b400e0e1c52590dae64a337532e 1652084736660 1652084737359 699
0d7bd77cb5530f0dda80d27f8270f78240b85ba3aa2e88227cc00a24f2cbe658 1652084750727 1652084751414 687
