7d7766e4133c2f3349c0b26b267f1bb76af1e01f5f9ef6bd2d5f4697fab0c41c 1652084623837 1652084624249 412
c999057d38900147efc26b824f1b2214dbbe78383f895ff2e15fd12e642aecb9 1652084638039 1652084638737 698
e781af75cacc301fffdc57998495a2d08742121e59ab04b59d1d4ed8eb5f70fd 1652084652073 1652084652702 629
1a6fe595c9295694489f30dc34b1d692a6db4f550b783015a0853671f7f115b0 1652084666079 1652084666729 650
71b21fffbe3a4962b09a60a12fb031c82efa33d2df28966d743f2c3fe2f7421a 1652084680233 1652084680988 755
545937148f548d32fb8b0df7c0d0b49df373ea933fd7f73caab4b17481e928da 1652084694576 1652084694864 288
1a32bea8a199f6ce90ece2aa07451d2ab473872d18a5c70fc03e643231d7534a 1652084708593 1652084709301 708
b4ef78aaa48730a81318fd811e8f3fab36a84004d53af597c7bf309b9dbb299d 1652084722618 1652084723397 779
560ac7ead8d1a7eb6d0f0d8cd964dd43f06c8482ddb0bdd01de50b6491d6e8c8 1652084736657 1652084737305 648
867234116ecc0dbe06b6b4554c1f7ffffb2685b4deb36e62db4f1cdf33f8e16c 1652084750723 1652084751417 694
