88e59927b584174a5a004e43a09899cdd6a5269217c9972e008fae16e9aa29e0 1652084623843 1652084624310 467
fca3b2a7c4d6d0c8382186d4c97795d3c1d9738c0419a5a1e2396bbf10d084ff 1652084638045 1652084638713 668
a729241651519836a4875a16f1189ff47fc1565f7f7bd07ec5b7e859991ecf1a 1652084652081 1652084652740 659
0696852fddcc4f26afaf4a397d2acae5b228ca4c9d5fa392335aa66801877c7f 1652084666087 1652084666751 664
c9459d929aa85f3d19f6ca964f2f298fc718f6df142d4443482a5a5744b0f402 1652084680242 1652084680989 747
3a35abf33424df1bf15b91c903f250baffb4371176f0f277100c876e18d5e70f 1652084694585 1652084694984 399
fb353eb4f3e13e4ec4c282e9d615787d5865f82671ba53c2851823d85b22b53f 1652084708602 1652084709335 733
c8c6290a4b538bff1297d4d4368be7f84a4830c33dc14e9b5e1e1362fc35c7b7 1652084722627 1652084723367 740
32b4aa8fb8e3376dbfb4efc5c098bd848142af6275da8bf869206c873299db74 1652084736664 1652084737004 340
1c5ce0b1195c85454163fca5a12454ccd75129620b66f7ef7525f23713bd3b7e 1652084750733 1652084751473 740
