e51d93d97a7d332977581eb1b5d30e2d7914939c9d2ed199d1d6bef94e72fd09 1652084623862 1652084624510 648
0d9c4b68348e8c35574110cf535d05e30fc96e2cfbd21b97f337c2848857212d 1652084638060 1652084638739 679
8a53a092bf4a3b96120e46c1a5987380ae5d4b11303c3d88c2577ea5dceaa9f6 1652084652097 1652084652848 751
01565a682561263e080be12ea121e56852b6d398a6602bf68bc412b4153462e4 1652084666103 1652084666814 711
e7eb85bd945b4af0e94c6f065cd404e5fe730c64829aa413c99adb38b2b4a623 1652084680258 1652084680990 732
a6f9961080c0b798e1662b4301ba411b7ff5851b7a5fe66c823a7ecc7570e76d 1652084694600 1652084695260 660
61313116918f30a84d161ea846df0ded5c682d352b271f9e38067d8d4c7a8ebc 1652084708618 1652084709322 704
c9b54891a6a643e7bb46772d7c0fd1bd27fb363011c08934d25d82f875551634 1652084722644 1652084723392 748
150833e91dd169aadaa04998fe8d4cc0eceb1447b9e1f059f406afde9571ab3e 1652084736680 1652084737357 677
62a7f17d57efb8341d75debffa85ff3af5ac649fbd06dd065dc102425886bf24 1652084750749 1652084751409 660
