2d107613c6d5c5a1325862d838a09b4073ae860b73c94dcd3d08ea9b9649ee1c 1652084623864 1652084624505 641
ff84ebe75689e63cee61552c12c381fe0c2fe21338df8a860a44c5a42fb790e1 1652084638067 1652084638824 757
1a94684c20b964c1995cc54c6e9a0b0135f1a51e978a4517119d93c279d43623 1652084652102 1652084652747 645
82ef531be6e16d04262efc4e91f6c15fd2a1e5809852c54fed798fb94c618d93 1652084666108 1652084666749 641
ab8ebbb6d24e772d693fa2d41f6e97c4b8d30adca174c98edbefd8d07097611e 1652084680264 1652084680977 713
1c65fd870977ddbc1b26c334abb3e6a096458534a6edcb0fcc8b22d6d86b47e8 1652084694605 1652084695258 653
0915a93ed3819c62b6eaed487ff87cfdd97c97ee3347d28a069b8fa04154cfd9 1652084708625 1652084709218 593
c3016db8eef5884fa6e65ca17272819b55b93badc32d03b0500c1a015c5d359c 1652084722653 1652084723274 621
23368a7b9562fb3f0d870ea7f267bc7565221cb742cab3fce856246c0c6dd7df 1652084736689 1652084737362 673
ba096ce752961ad823c8b07370191389066959c549ba79147efb3176dadcfe22 1652084750756 1652084751427 671
