eb172e1a086b34d7dd26c110b84fcf0a524641b0f6347b7d838a25fc7c314f48 1652084623834 1652084624236 402
8f32656ebc503cc234810023a82060cf96431e8086cb180d3a21c3aab4b11f09 1652084638035 1652084638402 367
c6616a12066b3cc7485d7fbb37c66d5c9adf2718bbd179776bb58892d70722b3 1652084652070 1652084652670 600
135da63921cab443c93b20d64482690a128e247bcfd9f01233b817af478cc8ab 1652084666075 1652084666348 273
d385e82ffe8718224cd3d3c6a9057d77f402226d35cd1901141985387f5ad51a 1652084680231 1652084680577 346
98e4f12cc8ce1e31817f9fb26573c897e191a78e1bc6d46d88721fb0cbc5ca6b 1652084694572 1652084694844 272
169e7e96af363a822858eb26a57b169ae53b9a8149a9033ce0a02dba6ee5b2cb 1652084708589 1652084709258 669
245889d2a17d278cddec03367c448f6c15e4c3b321cf6014976992ea9f41e158 1652084722615 1652084722949 334
b9a23c464b832cb67ae48654b69a3c460252b8a9426a480eb6b1a6978ea5d552 1652084736654 1652084736861 207
085577b20c5dfa290231fbbf0b0f19b24cd39720837e8cde9b55c5ac0430659b 1652084750719 1652084751060 341
