31c948757d1e714f786bc216942997ba93bbb5a699982499289fcb5ed6eafe67 1652084623846 1652084624241 395
af2f9fcb658ba303a55af7973b72d1b00206f3ed247878a13ee441f64d4be597 1652084638046 1652084638820 774
1efc2172b452fd6705c4f552c7159bcb37166ecae84d3637dbc5ca1ee2baf216 1652084652083 1652084652820 737
82e204f90abf2b04e3caf266959c4992b26d6fec7ef8a2cb147044599bfc799a 1652084666089 1652084666818 729
cda2d82e44671a69e187d9074f2681923de00beb10aef5ef2ba3cbb87853ce98 1652084680242 1652084680964 722
02483ec14ac3413efa7f11acf35547bdff11e8f74e8c5aa18804f8745c6b0896 1652084694586 1652084694946 360
9bb8fe75bfc50d093f2aba041e63c50ba8bfb96525361af62b6c6b5743f415c3 1652084708606 1652084709280 674
03ad6b3292ebdb3f5b0818b58ef60ceea877f6259f87e9f016b281423370c734 1652084722628 1652084723366 738
58f1431f980da499adf54e55978fa296c589ee86e0f9b438d37a7eb37cbdd180 1652084736666 1652084737297 631
26a52237def89f7f3ebfaf6cd115c61e9c7f04c69c12e34310564e6dd345be04 1652084750736 1652084751402 666
