6d09c2b3a459581a889cdbe3b680594bab763dcbe34749bdf92b8e032fe12cb1 1652084623860 1652084624456 596
2d2f9b509bab0dc60603237ee9f6f89047a02f097a047fd67ff5a670f4699ad6 1652084638061 1652084638708 647
f1d62eb1c4d24e1b68f3e11c4406dca51b33ca6f7eeaf72ea29ba3719f862629 1652084652097 1652084652851 754
c86339ce60b60189dc9b495c660fd7a8e1ca7c68d51390294ca0eee8f8094659 1652084666104 1652084666778 674
0bfb0ba1ce3e9d0056f29610d38b90359456b6b8772a3c2f5c85e373162053c4 1652084680261 1652084680957 696
84437f887c02f725256d9eb9962905e9c8bbea04310bbac135a6b13ed9f0d726 1652084694600 1652084695256 656
2427decc5d7aa711f329bde8093f7ff6ad6694900f4c5d724c944eeaee272ca8 1652084708619 1652084709299 680
4a80bc747d27e9582a66924c03598b9f0ff1aad2d2cd03016e15dd8120a5d582 1652084722646 1652084723353 707
1c1af4794f4039909ae6c8ad9aeb4aa2d54709f6bf00ab6deb2e34552cdc5430 1652084736681 1652084737326 645
46241ec5291d7a17c7adfdfdd57c7eae609cfb1dbb66a1837563a5e54ee4833a 1652084750755 1652084751341 586
