5b2068ca974be62964d52df5f41b945561e09dcd479c1d91a08cedc6656302ba 1640347321215 1640347322148 933
3bab4bf2f43b7703fb3c7deca2610a088ff429c0eb87fa201d4d2ab679dbda5c 1640347328594 1640347331358 2764
01e4c8982008191ecb62691e15d756eccc2f371bc4c89691106fbbed8506a346 1640347335537 1640347339402 3865
1a44a054ceee4101fc0a27ed2eb543ef78b5bc60a11d400f09d41035b2e6241a 1640347342843 1640347344991 2148
ae6be925bd54c2b60c87acdcdc029050ba9279be6ec67315f0d159524ced48f2 1640347350189 1640347353512 3323
1f2f2428dbf42776fb09015cab0db6c98148a1f5158980033e7781904b7ba95a 1640347357616 1640347363307 5691
392f1a61dd608498a75b0a9dae319d40dc0b19d3f67ceb5a9069e3d8bd00ac8b 1640347365053 1640347368338 3285
26c4cf1937312e86dcecef628fb2205029b986b2eef918a947ef7a051bf5d3c6 1640347372469 1640347375755 3286
0c27308b0ca189eaf4dfd531e2bd6e530ffed5b8aa8609347313c6e1123b80b4 1640347379772 1640347385973 6201
af8c71d40fc0ccb2dfbe654916062ee2a2c85a359402ad083fd238609c817139 1640347387157 1640347388134 977
16e944e3b24819cc819b3f1c3683393f6a7fa1f25bdd3f8b40b832ac6f3e1e92 1640347394545 1640347399044 4499
3389c9c5f03c61ab6eda908c9fa18192997dc512f63a36697447ebd7e5251b1f 1640347401903 1640347406997 5094
6db8453bf39d6f96b88991c8c5d7065ed2e64531389de969b16f76ef08b26102 1640347409275 1640347410817 1542
b5b38a86d650c4a5f1bdb320d852394251afcb3bdd3a17ff098245cc19d63d81 1640347416676 1640347418817 2141
8051cef05d73676aed672d5622289f3cb6e68782dd7e9184b9eed9ae86a22bcd 1640347424139 1640347426952 2813
f552d8618ebf123ad1c943d34cdc53d649647a8024b132fb2d7433d5ba108d2c 1640347431666 1640347434940 3274
3544d8a9dc2caea46a672cd6176961ed52be6561188f858f894604fa472501ea 1640347439069 1640347442337 3268
992a2f09600ce35f8fa513318d56298b2188d39b1aeeb4c67617c24d1aaca187 1640347446434 1640347450893 4459
b93dcde49ddb442088e36b910d0e1bec4c355c65482f805a6379db6f47487662 1640347453875 1640347456021 2146
ec6afd93f607267c6e442bac98b4a8f3a666c847901a538a5121367b813375ba 1640347461209 1640347463375 2166
