373e447a8ec56c22e462eecf0c42f829f480d255b044c35a13d5f11ecf16725c 1652085549828 1652085550696 868
0d83977e0240894b7be259d0b6bcf22b684f68cd6436dbb542616959ae3d241c 1652085564159 1652085565038 879
8c6f31523509fe06758a3f7e2470fb9ea5a18c730a47481b431acdf3f8aebc62 1652085578822 1652085579588 766
f396f8509d3490f3e95075a52844709d2fa75e21caadf4f6592d3ec8aa16459c 1652085593482 1652085594330 848
f34d6a23e0be1e9020db21ad51c4677e321372b4c4394dd8fa5279d15006f55b 1652085614480 1652085615321 841
0f012b2d933e0676def1347389c68eab5de1024b6260735e4308823b48334489 1652085629185 1652085630017 832
e770b3ec53107f4e90aefeed7d089a9a3ae7076c76a03494073275527cb4e55d 1652085643752 1652085644512 760
23b7f099f12677e8799325d7bd5ae8877555f996e5f328b4f5056babeb671739 1652085658662 1652085659505 843
eadd1858b5085f5f0aadd5a417e0e3aefcd817177ed7577debe559d70f400cd8 1652085673189 1652085673902 713
e57d61187d7da71c3d5b0ef2209c00393b3d1698cb4b16fb5f2a99d2f7d9b41f 1652085687900 1652085688738 838
