eeb2501813da187b42af1bc08b5df3e496dac4e75ff585fab27eb0f4a68527af 1652085549818 1652085550576 758
ae401b8e0644356363cffb1e803e70f941ecb16aaafca2eeec1a88b4a7223780 1652085564143 1652085564903 760
d5580f811c38b88e023173d9c01c9259402168c81a3c5f72dc54afb47a96fab0 1652085578806 1652085579139 333
79fc2ea300021284d5e5f60f1205d8a8fb31cb5ed702b673d969272efd9222fd 1652085593468 1652085594229 761
347b0c34ba42082e5990e48dd868641ae6c7f542fc1f741578868075a31ffc8c 1652085614466 1652085615355 889
de22ee3813b73f4f89357ba774cbe9e1f5db4e19289eaa40e17926cfe2a79bb7 1652085629171 1652085629997 826
aeff099c2f3f47e3281200b3297bb6d4f16e85373b6683aa86079b014a94d2b5 1652085643737 1652085644632 895
c7ded91e5cef38d362e2af35e257178d2388790b0abcd0d06095e211f3536247 1652085658646 1652085659381 735
75b65501a8eaff5de981d2dfd5ccb31ff1c51e66b5cb1f8ac63b9e632d83e032 1652085673172 1652085674035 863
ac2288eef9e08f85d6b194c9915c631b5355ca6d1846d041b8e40f6e2830097c 1652085687884 1652085688778 894
