88abefb98eaa1a2adf1b2d5070211a23dd608c7cb828dc9c806be10c6e9798ef 1652085549813 1652085550143 330
118079571727c03b136d9c3341a586a5a9ef07884d67ba9bab661fceccbfaf01 1652085564138 1652085564516 378
a5868fc9c072e0e02d64768dfbd81bbb45c27dcac83ab29ce136a56cc9b08fc8 1652085578801 1652085579220 419
c7105684d2d20495eeb1925afc1edca4618a0d6d8d2ef8a62fc8c55f8c6e9c53 1652085593463 1652085593760 297
3cf4405eb93b5b5e62c2505de6832419eb9202eab99ab0bd96055cfee8454d72 1652085614461 1652085614779 318
a98f55ee700b86f0dc41c06b52a702eacdd30d0c559214cbeabaefe5ffb45b82 1652085629166 1652085629593 427
233b11b4ade59f1a351cf712bf30caf5930f0222a9697d02c7bef43c4671f1a3 1652085643732 1652085644145 413
efe0605ff979ecd716d223ad17b4d829b8f92630307d46ac51e9f6193406322b 1652085658640 1652085658997 357
b57a6dcb612ad289b3c79b0b9ac7e5248cad8a833471793131316b0b6ebf56c1 1652085673166 1652085673586 420
d4cac4601713097bd1cd502662da70cd092550314a2a83079825e4748b4a160f 1652085687879 1652085688241 362
