934a09b8e6304d316ae9f2c86f0b2a943ecf764aea4e205dc237b41b14f65ad7 1652085549824 1652085550714 890
4e41fb7e69ac46bbdb6404fb69a29af495d4679755638f16971251c003ff8527 1652085564151 1652085565017 866
b760f9327b36bbf91007c8e249f7d1227d6e428700f134c18b52d51695baaa53 1652085578815 1652085579617 802
f5d1cca9e9cd98b62b4cf42625fe404d001f65348448a83931d51a2e0f1c07cd 1652085593476 1652085594374 898
7fb0b137c01f6577887b64a456459cffbdf52f94f9c25e0a9dc76ebb125d7de1 1652085614474 1652085615286 812
af77d9e1b34cc5cfc0be2f4d6d6192996671faaac6fd89c2fdca19fa5592f08e 1652085629178 1652085630024 846
926f6c3ad991a0d8b32a653ff1a0ac83ccae42dac9eeff2b2c6cb8ef75429f4a 1652085643746 1652085644658 912
01d529f6b3057bd8540c0c60148e8ceb69e860a09d597a1e23ed7a9f07337ab1 1652085658656 1652085659363 707
d4cc93f5384a856240623d83135899c96a324b0200ac3c10749a257bfba47ffd 1652085673182 1652085674039 857
0d9b1e7c550504357d39660b1fc84ab3d4cd2ffaa69c768dfa5103c22608db85 1652085687897 1652085688771 874
