b33a4f43432b6bc2aab459adc81a8f97830e4a86cd6ad8625559ee24799d6bc4 1652085549814 1652085550167 353
da0df0f5af296c21d30b9f77127eae501268fc7c4afbc38dd7801c94074404eb 1652085564139 1652085564553 414
70febadf11c14e8bf32ac15af694fb2e2fc8d11430b47965e86b3aeae036abf1 1652085578802 1652085579582 780
ff8ca73462c215adec9908dbb4da670787fee2e72d24b8b33b8c0b422ab21e67 1652085593464 1652085593875 411
d67a0565ee0cebf18eb96a26f8310adb7b588a86b6fa0b29b7aa3137de228436 1652085614462 1652085614892 430
3bdceb565e0f6931576d35da09c4117fc79ec0e79647108d081d951647251b8e 1652085629168 1652085629593 425
af0d3b67fdd9ccdade9582efacb57b9dc0c326e6415d08cf5481ae1c4d840968 1652085643734 1652085644104 370
e5f16f9ff75046a6dea7ab478ccdfa937a5bf94625def1be1b0e82a11e0c7f8d 1652085658642 1652085659009 367
e7858f476f6ed881a123cc131e4de08c93d4c507e6ae2d8991874648b577c70d 1652085673168 1652085673464 296
d75cd97a9a7c499a59d16dd8d82bd007e97e05063eaf18f171c0bdc3822351ad 1652085687880 1652085688307 427
