68c85f9c4d148928fdc35aff87e096982dc29bb8d8fdacfcbda0de9177d0ec1c 1652085549828 1652085550709 881
cea8f8a945b8a284001182e3b054cb74c8d87bc753800865d2a423f959d93961 1652085564153 1652085565003 850
2255807424702b2b6336fed61a2b020a0047b1377cbd8a6cdb4af55389e5ef6d 1652085578818 1652085579629 811
5b7b628dffa5b6266fe07d1d88e2ad61fd33c8cfa2120a2069e3c1d6db1fb218 1652085593479 1652085594376 897
a0b70bc5ec86f9960c6b528963d2d3f611eafcd5462fe4a83a62c77b17b783bd 1652085614478 1652085615299 821
bd302707db282c64167704c2b9af9f29ce8e12327687e29e90d14b4145e377c3 1652085629184 1652085629976 792
410d8cac50392da0765d37d345fcfbb4d81b0e5872483fb893cc3851bd53f78d 1652085643750 1652085644573 823
b99e3f83676e1a07c4732f45de9435d3a83bdb92a38df89456a2de66206750c1 1652085658660 1652085659495 835
82cc3d38961f3aba71e54671ec9d8888a0125a32e6fa22932e1b61c1d82b558b 1652085673188 1652085673916 728
7052285dfb2edd0f7721c24a6a77db9b83f61fd8faa6c5ceec49ee3208a866ed 1652085687898 1652085688712 814
