768f1526446b70c3361fedf79e1aba24740184776205ce33c8f4038ec63cdf8c 1652085549830 1652085550679 849
491952cdcb84802e486efb7f06ffbc686f496d6657cce9be6fa315ad6639e32e 1652085564157 1652085565023 866
80bc8091131bb2ab1f810ec183342a6cec8908a61322967dbeda9ada24cce4a5 1652085578822 1652085579682 860
4fb2641f20af54605dd62d2aa05473b9b9436debbc9dcb85ffd14e51f860df1a 1652085593482 1652085594375 893
d1d9cf2c8f1d4bc0b266c46382f3b4cb16913143b576fe65215b186b57314cc7 1652085614481 1652085615335 854
dc243f03b640b17af43953799ac31b2ad905f0e26a2ab7f8da6f7677848286ee 1652085629186 1652085630019 833
13c3ee212e71ae8ff64bf5ba91e7bcd191f24ced520ab4fd00efd23185987967 1652085643755 1652085644521 766
dd2b41c94f62c106f5fb51c6a5e59864f0b31b6d218edd43085d2b63dc17ff8a 1652085658663 1652085659406 743
19e57c8561d587c402b66b16f630c225f128e1cc281bea8f53c5b6a22865dba3 1652085673190 1652085673992 802
9c8cecbc243e425887672499817b5292d15391590794b2e8114f3004393edec1 1652085687903 1652085688570 667
