550d9da82e38a0a571fb4dc4d7e5484fb45828bf8d239a7dcb442479bbfc031b 1652085549847 1652085550614 767
bbea117291f585173653c63d0602442ed44650f515810490c3c458d22f721476 1652085564177 1652085564902 725
8838200ba51fa00bee2127a3783754aebc357acb500c56e1129960d454079dee 1652085578845 1652085579594 749
be8f851ab3e93934a4dca3656d6a9bfcf36700a585826971f9e60387f4a58b47 1652085593506 1652085594366 860
cc1570cbe91953bb2866f07b7e88822d04ce6eaf45c2e44730977294a5cc0a2b 1652085614505 1652085615319 814
90669157c09d085068ded44505c3fbe27a4b78c6311ed408b3f0ee2936d03620 1652085629209 1652085629988 779
44ba1b43cff27e5584f5fe85eac1d0c6dcf3da8cc075925cdf95e06236a10642 1652085643776 1652085644701 925
6fc63457ad1e0d4b222497bdb35b8679c96d4e305c62b087fb666cf4b8274cae 1652085658687 1652085659497 810
f0a5f05222353553b260af1bb9e37d28fdb7f47c2922ecf186aa604a9ccd5af7 1652085673218 1652085674020 802
205846bab94d94f1ec504e8e8523d26e04f143603e23da605db22f732b0d53cd 1652085687931 1652085688720 789
