cc8627b9354b9c725f782eb135134303888500dba865ede24704c132a8fa3023 1652085549840 1652085550661 821
cab3ee6a767e36eacde87b1dae4816e8a3b9b96230619c47f2458a8975c6fcde 1652085564170 1652085565007 837
d342e7d920107175da9d1ffa6baa0be48a78fdc663bac47bf1e4996e71ee5669 1652085578837 1652085579707 870
057009f185bb6b66bf4612bfaaa1e43c56bd41871165f9c37a6cd3fec3d64e61 1652085593496 1652085594306 810
f962f7ac03c2297f350c714487821d864c0999471c8f355710fcfb233bc36909 1652085614498 1652085615403 905
669eb740fcc50af7d01e2effd01086bd64dae3ad280341f641fac6fe55a0f9ec 1652085629204 1652085629945 741
fa259655562309fe95a0903f68aa3639ea046e54b36201cf95723d5a353012e1 1652085643769 1652085644695 926
9ed2f636787821fd40715ce497fab95f34cd92280a133a455dfe0537decf1e90 1652085658679 1652085659469 790
7cefcc3ee11d77a9a693bf3dc876e88e011c28dc7f6dc864845db59a2868e08a 1652085673206 1652085673920 714
62cf37e2d4644839765e2713662f442e7baa0661eab139288c65cb0894b8814a 1652085687920 1652085688601 681
