826e5d64c46fc872a1ee907cad4c86e7c2bb03cd34e5aa93e4d797911e419b28 1652085549817 1652085550699 882
1d7bd57e4e71163fb8cdd7c42cd607e70a980b570a185663bf58c443ec223162 1652085564143 1652085564975 832
1a7a825a8ea636a884d5913d2dd175fcf54401d8b8e9d23ec62dff6c2cf0c282 1652085578805 1652085579704 899
111ed81213fa6c1c18dc76a354e9b3c7121e7098446035feebd2cd1936c64cc8 1652085593467 1652085594359 892
7abe249f4ae4c0e81904bcd8775c911f5f034c636741edd81454800e11f3f95c 1652085614465 1652085615337 872
adcc92a76221574823ea93c1957b8fecc454b7bcd8b9065b4aed95b1d7250b2d 1652085629170 1652085629904 734
70ec42d28e5ecdaac13aed64eb5f2b9e16c018b8f84a3be47222bc7a644acd83 1652085643737 1652085644573 836
2a3d1700f44e2b179cdbcfda7169b9766054d45e9ae64d221f48caffe1642056 1652085658646 1652085659398 752
6ca92ed8cd9edff3210aff08a64d851dfe2d8c2eed5cf0599250483a74cfea7e 1652085673171 1652085674021 850
42d3357ccef2c515143549db5f79f18c8b269feed4d9245eb8629c5289e692d1 1652085687884 1652085688645 761
