4de797af1b64aa758654f93af7fd01a55342a2e67a32f3281a98ba7a73bc1aed 1652085549836 1652085550715 879
651a92554ee4c85561ad4826f5094578b00e23cdf9773ce9616849bac1065b29 1652085564164 1652085564895 731
688733fc3f4e06ceda970cec47a24b66d21fee1aad59b77d3f6c8afe87434b99 1652085578833 1652085579580 747
a4d71cfaadfb95177f6671383b40783d05d1a66130d684d61e21189a5f14ac8c 1652085593490 1652085594239 749
1a3a1a353a35c6d885b87e3745a50471ee981521d6bc2a8301f7330dffccde9c 1652085614490 1652085615319 829
4542d5ffc3cc29435749eb600cfe198e07e24217d2c12967507f21dd165d7525 1652085629197 1652085629975 778
15cce26a59c35d7c3641d1edf63959ec99782ff54d8b9d678eb7318f739acdfe 1652085643767 1652085644570 803
89f2e265001ef9c10cfc1c3a5b937ef9c1bb7af53670fdbc5ca22b2d35a31c5f 1652085658677 1652085659387 710
a1a5447974acce143f36775a0f4858bd2c21e064d4d737d9917e0eefcf7002c9 1652085673199 1652085674002 803
525ad16638b9c695208e8505f4215bffd029973d10622dc9b1cae8fb72abebdc 1652085687916 1652085688703 787
