a077ab6e918b8e25e1a967aaa7c0007d8eb8b07df22947ce8627ed848fab877b 1640795571684 1640795584625 12941
357e1bc2c698709737f7bb726cad71a073014513f11c80f5bb78484be7292ad1 1640795647456 1640795659756 12300
095dba1d79aac26f7f9231af1d376d754a8f8135b2ae659fe990ed0d27ce3d17 1640795723645 1640795733130 9485
134f219e9c4ac85753ac2193d40b49de6c9a2c05e8a4e4749a00ba4d659465c9 1640795799560 1640795812932 13372
3e3ad36d2f828760ebc13e456ca71a3979895f7c0c5222d439025f2eb51a9fe2 1640795875512 1640795886262 10750
33da592fb4641d82c66baefb660710ff770dbbe407f5078b2c53f49f0363858e 1640795950970 1640795962591 11621
b9b53b90073450fddd952b3ffb00c835b6bbe429ba166647970ef466c8a669cd 1640796027599 1640796039309 11710
232a43f44eb6eeff442a75e6e83bf1078c6cbba21f833f38c33a649be3e0440a 1640796103208 1640796116304 13096
887115173d93e2a5ab4902b7093ac35a58c392f60cf2b5dac50bff1cfa950dcf 1640796178741 1640796189692 10951
f7f73b1c9d086e6585e955573ff0b6db1eb8ae8ad49e2c5b8ec1dfde1580bba1 1640796254264 1640796267765 13501
4abf7c95b98f3ce920325ac59c53873cef5f2d8bb35f59d06a063e40be32f248 1640796330899 1640796344536 13637
e06e22cb3eea7917f1742e715167c7a6f27a1716b18c7044dc5a1bcd6e7f0a91 1640796407154 1640796419118 11964
9c2e056e46b6ae32616c53094eae76b9419ff99dcdd973fbb30f99e2e92e19d8 1640796482862 1640796496576 13714
7494c1fe89edd057af6130591b8e7b8e2aa8243209ce0d0eab3bc290dbae27cb 1640796559083 1640796569618 10535
c95af23a596a3c87070fb31076553873f8b6968b9aff52b0437c33ae7a9bd0af 1640796635519 1640796647876 12357
fba8bc2d768baa425e6def03ab2d89d4180e944314ccd5ceee5864e093e1a98a 1640796711440 1640796722674 11234
a60d5e8c3c29ea7f0c970ef702191022f20f7c8988ec9dc44fa6f7c7e9fa0180 1640796788025 1640796801155 13130
05e5178955e0663aeb8eb99d2ba2cf57edb3eab45a0458a729d5f02bab2fe56f 1640796863866 1640796875402 11536
db39c966120bf2087138267b74ab7205608809675221d1acc8ed554c93bedccb 1640796940572 1640796953849 13277
b023cf31eaeab4111a4e829d0bb18d36f138f0274faf15c9ba95dda51f553e4a 1640797016795 1640797028617 11822
