9336ff59051cef8494b25168e82660b9a0eaaac46e452fcd5184512ef8b4eed6 1640795571644 1640795581937 10293
5f028f63b7e59bd41d9221f0d9c6c58bee8ada6f02277e9d37eb3380fbe16a16 1640795647405 1640795659722 12317
d6fd9a9674ab3055fe33b94834f8c0d76f2d2f6c9ab87bc41411fd0f73b02c5c 1640795723605 1640795736032 12427
a08efdd878bb22209e870d31a48202ecdc18cdfe440f29f14ac07d33bcaad45c 1640795799516 1640795809829 10313
d03e7df10c9e36facc09b4a926db1ee2287c9d489a5c2a372d0bbcb844571000 1640795875467 1640795885605 10138
1bbdf866b186e6bd77f317f96325d894e5b2f77224db30624f1ece8c2dffa7c1 1640795950927 1640795964079 13152
997f853efcbc57af22af8f3d5eb9e851c552594fd67ee00751141719abe216d4 1640796027534 1640796040841 13307
1187c3416a139b43f18d324f30deef01f48df5c74d424175ba7813ee0bb08e12 1640796103164 1640796115664 12500
e2d862a864ea1946edc8a68d47fdb68c7f83a659b5625a44b4c34db854b252fd 1640796178691 1640796189157 10466
3e1ec02c0c3c5c90f6f6dd29003da7a743b71990dc31935e3ee6e00f27d80a56 1640796254215 1640796268002 13787
c007c14c99ba7b73a699c3fabc5c6689a3dbde1a8a3bcc2d750885645ff9b366 1640796330847 1640796340856 10009
2b41a2f2b2b2377a2872f3d47b1eaaafca61425a1421a7f372a96f487ffdab82 1640796407102 1640796418328 11226
d793858180b2a93042a8cb4af335596f12ec8edc92a2ab10244ddd660b5254e8 1640796482794 1640796493678 10884
10f2becfb7e054e1cf5102a64b134238bbf2d44b85b3c7bc3e5bc1a1c37fdcb0 1640796559038 1640796571636 12598
c447212ab71e514b394fde1a0ff68a4d4d970c58a5c49394378d420dbb8137e4 1640796635454 1640796646662 11208
f2670ff201228cf50a0eaf2ca84de3ea1c7939b3c86ee989e32a3840f18107f1 1640796711394 1640796725385 13991
d8179532cbde0cf47ba0d1e22b29d8e244d1e8bf4617b0d716d48bbaec7df71b 1640796787987 1640796801475 13488
217e788f1ed8d67f85e4265f1eb6768a7bfeb1c16ae3f854fd436962875904e4 1640796863811 1640796875623 11812
83da46cc868e575862ec3378bf8f3e417fc5f1e05f36d79c9d2e83c9d5cd27af 1640796940522 1640796951514 10992
f45224196276edbd9d8eec4a09807ff9a8e6fa548d560a25f6c6eb1343585279 1640797016735 1640797029214 12479
