f66e158bbd9e298794857f84d972581365f1abfc223766f9955c99a9b1fa6623 1640795571626 1640795581104 9478
62ff0ffc5324fb63f0152ccfc9e8394a2117770539217a6e17f936f454aff827 1640795647388 1640795658403 11015
6aecde30eaefc14c771a8a844ba4d37c041c0e122ee1bbbe3a57406cdc612c06 1640795723586 1640795732930 9344
0e99b00bca860e7dc38b4e426839b6bf2f91a33aaca24ec4d08d0101a0387d25 1640795799495 1640795813222 13727
ea12d52a95e175caf917fb87b71514c85a1608bfbab2c894542ea87eb62d3a16 1640795875444 1640795884983 9539
4158d6fa74caf766daaa72928ea3531c871f3769bf5170c8fd730beb4a20a25a 1640795950905 1640795964561 13656
b0980e9d740e1d26590a54d9dde8338d534af68114c675ebdb6479fe11b2e21b 1640796027512 1640796036970 9458
4c5ec8215cbadadf5a7e1492b19fa70d7f5afe8eb045e316ba16e5d046f9f359 1640796103140 1640796114990 11850
4967d21db7df8d445fe58b4f4a542c74087d325df08cfe63194a4c8ae368c076 1640796178669 1640796188127 9458
64660ff10e4987527ad0f0c38c28ebddbaefbc4cbe3fb9b9fc4d4b93ffce4575 1640796254190 1640796265684 11494
177b968df940fe860977a85bd56c3e44be7a6348a23d1802386180c3baffe5fc 1640796330822 1640796340335 9513
0cf8d1e539e4f9e68e2ff0fb1e898dc8b69d51a4fb323440d4254c026c10f987 1640796407079 1640796417183 10104
b37806bf4293c47bcdebf60edafa64a5dd76ff7543e3f40db6435491f4d1ce80 1640796482770 1640796493929 11159
bab18e33a10b581db626b62bf67b59c25da47f7c2b787506b71ca1fc0622ce49 1640796559013 1640796572318 13305
5ae0715227f29fb1974ee1c6df9ae691de230f517e75e026fa82b863ba5c73f4 1640796635421 1640796644746 9325
4f8c374aac4015dd2efdbd29996c7163f5cae7749ffb428a97ee09460e7d741b 1640796711364 1640796724712 13348
6dbd60384f4aee4cff0eb18adce9c4132b9db19c5b204f09f40de291e00fbe2d 1640796787951 1640796801555 13604
c58ff2889ba7810274cabfefb971bebb60eefe184077ce33ddebaca88aca00d6 1640796863783 1640796874943 11160
444bda81acd29177900b3fd83a3f649ffb0fc07cb3cd8a351623275019e4f8b3 1640796940486 1640796953981 13495
77c70033f55ef6dd5e077a7d2ae76766369ecbb82bfc6312c8611d30cba8b879 1640797016703 1640797028545 11842
