fc2be0e87115d32fe44d5e2e1c22f84af645f49811370a798ae7cfc8eeac0e79 1640795571663 1640795584724 13061
7c931b9db50960e9b65c890e48f64a55e1ea845d267862bf0142763c32678253 1640795647432 1640795658625 11193
9b942d18ff52ee97a96e8776d467c1a52f736be66c7f70488e4a5e750fe5faea 1640795723630 1640795736416 12786
8aca5b2aff22b23e9d109595889ebdec342311adf0dadcff05c5017fd7572b78 1640795799539 1640795813403 13864
4fc823cb312d722e9371e108d439c05046e12fa4e42878fd0acc62effab132b0 1640795875492 1640795888711 13219
b8e53c871d34af345bce9002d79376ebb00eb57fef2453fc865c1ed96116d8e3 1640795950957 1640795963751 12794
9a76c68d47e67431558bfdde43eca45730db2e5d2576f0bd602aede1d5b101e2 1640796027567 1640796040813 13246
21c36353595c193ee1b9b8bdc6f9572e467cb30ec723363f24a60fe1c611db25 1640796103192 1640796116130 12938
629478b99b0bf90dfef0c9a362b089f0c8b07d2c2831ce0ec5877d15e9e55c5a 1640796178722 1640796191507 12785
55de35098d64c4672e8938c0a9970036bb4b1c5060eca0b03a0ce63c7238ec92 1640796254242 1640796266575 12333
025ceb59bddf914d1529200cec4f9edb81993e2c88e2a68dea81aeadc88c3a07 1640796330880 1640796343520 12640
65353c98ea0ac53864a5edf10391f833bb76c1d2c63d19f97be8d522c3d47143 1640796407135 1640796420464 13329
05b99dc62be5dbe352f48b796af1047ab002e639a0b98f80acc02d659f8c5903 1640796482836 1640796496401 13565
38814a99108c517bf899cb707f27ec1495d0dcded274239ca5b11628e03eb69b 1640796559063 1640796571900 12837
69c358f01ac166fbc73a64273f362783d2f0af44ec7312ab0a7e396cb3a5b8d4 1640796635483 1640796648551 13068
24e78eb0a8cee424828612a2e3281000dbdbd1a78d89248c2c7056b536ea7784 1640796711422 1640796722871 11449
3f12ea9c4f1d2a9db29b4b7aa5babb13bde504a04ba94900501df5b5cf1730f3 1640796788008 1640796801372 13364
1b74fced0fe42eabb006d9d2b41667bde0062ac96e028341b85470a1bcaf023a 1640796863840 1640796877774 13934
55470281c9903231c29f0a592cc94e17193f97ba6c3399e8f43c18b946e72d12 1640796940546 1640796953361 12815
264b92e0f9b46bb801e58191ec70e560b24da745b4243722719e839b2d83eaa8 1640797016764 1640797027768 11004
