cbe57c9c42ed30c10f5610b85668edd9ce6d11ab933a2ed8824bef8f74b78379 1640795571703 1640795584929 13226
1e32918fb399257339ebd99a8fbe09980473cc2621914e3b221d13f6449e0a38 1640795647470 1640795657731 10261
d9efae1ca88d4fe49a9113d05c684ce1173e6656e21b85d2af8a0d11b2fd568a 1640795723685 1640795734692 11007
ec18329bdfa4d962ff7622b7e4722adc874f3e02e17bd626fe29b0cbcf0415b2 1640795799582 1640795813403 13821
e4ae0a3202046523eb5a844a7cf85a041ce4534203b40628f6cd2025336c931e 1640795875548 1640795886505 10957
c2d76fdb305926d1459b403bbc683e4379e32d2efa3c1d88d11e9f4074e94f38 1640795951007 1640795964560 13553
49887557906a0479e13b8d6fed22c44fe3ce15bb84a0ea5ac3fcb23fe51db94c 1640796027630 1640796040615 12985
2965b8d896d8cae33ca07ce6de08877f8848ced11c539595a0fc8a6fd3c5d646 1640796103253 1640796114381 11128
fc9883aa3667614019e7b19b3ea5ff44e3ec51a0fc5da8fe43f2e3c4d8761ff3 1640796178782 1640796189043 10261
476d8f3c300b683a8088c4f807866519ffac8c64f71dc3b03b0a3bacb0fa6c52 1640796254300 1640796268109 13809
4addf60d02c991ebd7dc06fceedb3a779b69363f7dcd30111ce106212234d8d6 1640796330923 1640796344572 13649
baba8961416f053684966bb568eb6280c28f50f25f86552aa860a7532bd29d9b 1640796407177 1640796418894 11717
790b012d15609bba9a89353eeb48e22860a8162c21258ce89814e564d5ba83d1 1640796482892 1640796495422 12530
cb175c84f7d1dc3360f193a9227cef19aac41f5fe06fc2ac2d6e49bf3c1c90dd 1640796559121 1640796568706 9585
25dd1f2e2ee6056ac0a36552eb2e0c95ba0605c471a93459121c08679b154df7 1640796635534 1640796646441 10907
3d7be56425e59026cbea14964a50989f315a605c64435332d182de48130b04df 1640796711469 1640796723676 12207
224ea8840c9c45ba7fc32ab9bf64e75fcbf40cc79c652835ad392d246a2d1019 1640796788062 1640796801567 13505
70926a0f7e7b449f10c7fe42018ee45a5c6c4d83e6c8451b88cc64c473a07e88 1640796863897 1640796875826 11929
3ec7089516afc5a69d76f9e2d58219f61adf9ee558164821799d91cc8a6a4163 1640796940601 1640796952008 11407
0bb426d27dd2566267bc10bee848113ce0097ef539c5fa652d9de65583b9715f 1640797016834 1640797028661 11827
