0c3ed7b2d63ecf3a0c20035262e9485beeaba92edfb340df8ebce0a530567140 1640795571683 1640795584692 13009
7b9d6e36e25463f9fa1b67a17c069f0db1d8e4c44c9ec4f7df59dd77d33ba9d3 1640795647445 1640795659796 12351
a5b308fd05fc5b85ec24bb5f7e7cf05e234759d3f20514543aa4c1548847adc8 1640795723644 1640795734769 11125
2b8b0088aac72d0961db525ff6fc0224dc5b4b69d0e65da27fa1aa88ef01c66f 1640795799562 1640795813068 13506
7ee0796b5da8009369eaa6a6de44d6ab23c75ea8d54bf98a8e9919ddb1007dda 1640795875511 1640795888890 13379
2dbaaf0a063d262bd3eb3952cc5c9db1800e7dc7fe4bb020be27c2dd00ec640b 1640795950971 1640795962193 11222
ab761c13e6d808302f0af2f3939edee044c046c5ab73dbc5ff69b59e8a4abf42 1640796027585 1640796038778 11193
e5df6e30a2a76d30514d5c67d8b50ce41573e1c884ec4debff70d37fb40da99b 1640796103207 1640796112934 9727
1be96b39573c91cff9c06debb996bf3f2f48f2b81c2cecbb2a7dbbd7bfa4993f 1640796178732 1640796190860 12128
ed3665385442efa15c99f5e41a72c9de810b260731244a62215808adeed18b48 1640796254260 1640796268110 13850
c65bdf826ee410323f866d9fac83dc0da81ce80eb4fee274df4aa3f112049e4f 1640796330899 1640796344152 13253
dd706a01c24f3d4924a09e868f5c9c131aca1d04c2fbb5b97b3e4a2a361a23fc 1640796407154 1640796420241 13087
7c503ff1d688d7e5c634e7e59fa2d386d9172ebddabf249dbe851a77cd333505 1640796482862 1640796495834 12972
73965d465ffed44231a90c5a6170d5c519322145e3a29e8329cfe051e4e9e8ed 1640796559082 1640796568634 9552
ff5815bdeee2526c411a13ddf7e82399ca1bc6585e930f7697742621d166ed81 1640796635503 1640796645634 10131
3edf2c6693010716eaf546267d49cf4ba3174e41e5fe443b302909500a7f0b3d 1640796711440 1640796724238 12798
c37766a1a2bd6f38c981a86b57b05c411fbb34ed4dc956d63440f2e0c1b58392 1640796788024 1640796798687 10663
72caf2a13f1da1e38b49853bed9cdca21cf09b4dc5d2a3c4a31dc89d635aaf1c 1640796863865 1640796876783 12918
cafcdb720597d79b75605d0642abfeeb10c3cdd7c874619bae00871a7f743d6f 1640796940564 1640796951411 10847
6b779e9dd923a83cac1e391cc3c7f8fa5f5033bc1ad3548910f7f4b8495d964d 1640797016791 1640797029532 12741
