cafbec991eac85403007b1ed65af154a264f30f0d12f0be426429c1abe51d4fb 1640795571635 1640795583788 12153
051efaff4d8a372acc32d09ce11e3170cd1ca922b743c8fe274da6d9a67151f1 1640795647397 1640795660760 13363
e0b445230aba8911e376436e57c81c3f424cb9830d6b6e030d2318fcd78a19c0 1640795723597 1640795734601 11004
97d682fa9265e7a6629da2adc37f0b41343880695df7dd0951dc097d6fa90da0 1640795799506 1640795813160 13654
60d443876799b5549176e72f33571e8def7f0f5fc736e1aedad9f7ffcb73c1c5 1640795875457 1640795888676 13219
b65586eb811485a72ff5890cc5600ba2ed99ff9a90f1f5410d51fb0fa580c444 1640795950916 1640795964542 13626
9c8eb283ef06f6d0c17b340fbd13e97c27157315a034aee411f2a93cbdc9a880 1640796027523 1640796041005 13482
7e231c2f97374b0cbdd0188df5cdffb011e2e139ab28f3c64cdc4e8f2a20355a 1640796103153 1640796115923 12770
a1fe89085fc9c410f3687340c0699fde72361ab6cb0a03c092501a127498b60c 1640796178682 1640796190988 12306
45f35d1b05689e96861f1e22dd88ce40929b5d31e163e7372c8bbb86c2c912cf 1640796254203 1640796264371 10168
12f752f7c9905c5437ebf98298ad6ffd21bf77e4a07e2fcc47eefbe423117954 1640796330835 1640796342171 11336
e07778dff651be182cdeeb82b96d510aebd2183a5e2fac7814ff72431311cdab 1640796407092 1640796418222 11130
1e3d3d03b3ae25c0ae476feaeeaa9e34a67a57b19652150ce1532853908a03b2 1640796482787 1640796495068 12281
7d4976e8fbf982766fc9efd952724a859afa8cf262585be1486ef556717e0343 1640796559027 1640796572309 13282
0477162ceed70222111ed215596d11014252149aa8c2a7f9a7e1405503dff05e 1640796635441 1640796645688 10247
78ab7f5596cae13027417cfbd2626560bdd630c7a8728733b56acf0987dc46b8 1640796711379 1640796721937 10558
d9b0f88fc787d46a86a9a252e9398f4e542218dc3adb9882489b1ab6f3432d9d 1640796787967 1640796800148 12181
8264db903ab168f5635e1a67c08bb116271622a7b5847bf9c6b5e7b1351fc628 1640796863804 1640796876645 12841
409648cd1533053eb1381a95e1d636ad1222c982c1624f38d298b2a9743c5ef6 1640796940500 1640796951075 10575
05b122ab32e6606da4ee128b584739f3c514d68292028ef823444ece94bb5f01 1640797016720 1640797030418 13698
