72c5d75a20aa19341d37d75f204a3b334b7edc6ba9b6d5aa5f3928adaca51763 1640795571664 1640795584934 13270
b7436ef501e832b5af631a83440aaf789a80606931fde7c67fefea5e0b33561e 1640795647421 1640795661101 13680
6dd918c9447f1fa390388f9cfc1e94205d44f07784c0e2cc73d233ae282ae41b 1640795723621 1640795737058 13437
4d59c5059dca7829982d1f1ba0ede788d599a8430631736d0f8d7361996a5126 1640795799540 1640795813138 13598
d3d82fc66cd24ff9720e7669b32680013512023f459ee460a41073e464c320bf 1640795875492 1640795888720 13228
a2c64d99ee8a62835764a436e42f91ddeff8e0881042a5f5027013b62e09de14 1640795950945 1640795964058 13113
22fcca79e7984403a08c4d90846963f3165f06db88b1e033a16dd4efe53fe6e7 1640796027555 1640796040170 12615
c921f046405d21b6e90aa0e85f3879062e8b989196c4fe333fb7d29b61ca0903 1640796103189 1640796114006 10817
1373af4df851912a36e11e1e7b92687fdfd823bba577f8be16bd0aa3b1e57c9e 1640796178710 1640796189249 10539
741ad5b234b9e125fbed35142719a7d43743f841d9a867f5689f51937bc550c6 1640796254241 1640796266628 12387
13142cd62050162ad7aeecab47b4a7137343a09dbe1e6a36759cc50d05e8968b 1640796330867 1640796344500 13633
87ae9d803f125ad32b6cad6564aa62bd43a953fb95f7b4c874a787e3157c3a9f 1640796407123 1640796418110 10987
7e33d5822a61424896f33e7292ab980b83699af016ec26140fe6bba916550642 1640796482816 1640796496300 13484
3d397a15975f6d936eaf13f78adb0681f38bb146a231e2dbebcf9cb16ea044a6 1640796559062 1640796569453 10391
5386ee6ba48b384d078f5509b9a948636077b41f6e75a7eecc2efc601df373e3 1640796635478 1640796648492 13014
c80caaaba7185b74bf0267126d45185d46f5e777ceab423bb16095f547130143 1640796711412 1640796724171 12759
30a00d551149f10daa7ff30803897db66bf12e7aa3b8bc53257172364b247419 1640796788001 1640796801224 13223
eb03d5af910c87ccac77b4d033108bf80809be4f14f9972fec1cce7177fa7ac7 1640796863840 1640796876772 12932
57b4e9ad916ca65f166536b7a3ada70c6c5f4b98ab46bfd4cb7d8470d76979dd 1640796940538 1640796950927 10389
0d927eac55dfefce61dabd8ca69367da588db467d41829a59e1cd8b9d5bc8c93 1640797016756 1640797029964 13208
