a5a18ed02559e87bbc490feeb3e4955bd7099788003e8acabde347d3f1442bcf 1640795571663 1640795584426 12763
340c12d15ca0a33c272e108fdbe6b86f3a33a7606f0789f74623f1871d4b80d7 1640795647428 1640795659237 11809
8d620bb96ddd6d7163bb21ae4d36bad7104c2f2b32539b5d9c146bdc16cd10c5 1640795723623 1640795736922 13299
96c77130eb937aa3fd06560cd3ce620be5ca86fa9357e6bf428454456fcb0748 1640795799537 1640795812836 13299
a872bee632f447c63ab68c44c91a9aa94c49ceabf151c2b51f5eeaf530cbaf90 1640795875492 1640795887439 11947
fe817bee9cf26dbac8a9de6218415df23824341db94441041b1d586b5f923017 1640795950946 1640795963525 12579
a901480be011074f249a5e1444d631a2f79a2ab206acb8a8be25f2871a35ab95 1640796027554 1640796041048 13494
d38bd20ecabe677bf2d7b87d80b5bfd8767d64acf4066c32d8f63c7bf69cb23e 1640796103191 1640796114669 11478
0c7f0c694ef606b4e3b5dd87206b5aa27565ef08e2f6800290fba46d32084522 1640796178711 1640796189252 10541
4b45bba1e54e63d3f467618f93176268f60b93c1643ff95525fef333d7aa664d 1640796254241 1640796266870 12629
6294a3aaa7f9c359a8a41ec79faff8ad8ed4f43fcab07dd3c9382f904a4bbe50 1640796330867 1640796342261 11394
178d8710789169d4de98f9375e54412f9309cd616452660f53a48bc740e8c1d5 1640796407125 1640796419849 12724
108ecbbb6bf0365f7ddcbbd4252d42bb7a7bf4306e763ec713fa76721a43c015 1640796482818 1640796494025 11207
6cba06f7c44e2f4575b45afd4ebff31d7292726bf4399a970810399819f773eb 1640796559062 1640796571197 12135
185ea13f4dbdab25cc4cbcd33b26330f4c56237336242bd441937f16f02f6bc4 1640796635480 1640796648890 13410
6a3e020b92fd84f2abd3ea2bf38270441e7e5c309e2c0868ba44095dfdb07cc6 1640796711420 1640796724779 13359
6e6f7ed85fb7dac3e7086fb8be6bcbf6843631d6068306871245c4b69f81f909 1640796788002 1640796801506 13504
4f0a746d1b3dca866975d29e35b5383aa5c8500cd943ee277e75d8753031fd09 1640796863840 1640796877501 13661
6884670dff35d49333ee4cd171c8d28086dd94bda40988c8aa52cc12b316bd32 1640796940538 1640796950893 10355
3a286aeca177d30ec7fee204c234a5451ce625f8b5fdd9dbbc58c6284bf9c5e9 1640797016762 1640797029593 12831
