0fd0b9fcad9b788e38c2197e4363fd35f64954d0b1a03dca268e9a85c1cd2d65 1640795571667 1640795581791 10124
4370ce40d3cf92ce7cbd5ffaad55ea7dee2b512864de25f0833df90136b1a46d 1640795647431 1640795658658 11227
afd83b46cc77d7bd006f9afa13c818d81c2f2f820cdfda8e26c8edc79ad7dc84 1640795723635 1640795736179 12544
2fcc83dce7a22a327b43a0855a545f12c7163a352be5fb9d76e3483f5fbcfe5e 1640795799550 1640795811231 11681
7b9c66379bcfdc342cfcc3e2d25a8df180cee7efaff3d02a4193446a366ba438 1640795875507 1640795888887 13380
29b826ed1641d8da50b36e980afb241b56281c055e6d16689301406f5625f0c2 1640795950959 1640795961155 10196
daf7ba3e0f5f818c47f87a190e806dbf9a5aec141296d59f2454f851c93a1758 1640796027567 1640796041032 13465
26e19c45cf781d04e342474878dca7b843255a2717452366d40c5bd9f256aa58 1640796103196 1640796116401 13205
e9c70cdb0d89e442734322ab509fe6f4c4b174840242197ebf9c1970133386b5 1640796178727 1640796191207 12480
22050428781123a7c78bb7bb0f071cefa74a9d9b8d517c07e652c869d043e48e 1640796254254 1640796267524 13270
a8e5f2f9b287b5249622c8f7e8d52a833ad7f204b9114e9d283205d84a656146 1640796330881 1640796344133 13252
b84c5e511a43edd243d46b1eedcd6b4f863edf333127b7b5f62744866162dc7b 1640796407138 1640796417966 10828
0b61fadec2f88710ee71c71873a5af3252b8e5e0879656638687c3ecff319816 1640796482846 1640796496595 13749
72fda83f4723b084d7794fca385cc7216b64600369907cc7c928d1efb5b9f7b8 1640796559078 1640796568868 9790
55bade1a8856aed51547e7dd103ef4e19b6b00f7aabf4bcc739afa7c80348023 1640796635491 1640796648107 12616
ad50e53dad0003eef9f3967c8b3e18d7e152e5a340c3121e258b96100fa6d716 1640796711427 1640796723478 12051
1455d446034d718c7121cf9b85bee2788d067a0707ee2c8ddf8783a5fef9f5c2 1640796788022 1640796801092 13070
f0dfe762d092f367b04a6aeada40ef07228e33dc9776728318499feebeb9eea1 1640796863851 1640796877794 13943
bea8ef74ed9c9d60c708ef927c2d064e7383a2a6b6b3242a84db3bbab48135b1 1640796940559 1640796950111 9552
59c2896e3bcb4c2125a8d293c3a04d18cb527e47e7adea6453b428c6871f81ae 1640797016775 1640797030184 13409
