84c4f08db6451b94797ea4c41af3f2d5ea7fd7d2a12c2eab7c6495c625ec7f8b 1640795571696 1640795584780 13084
bfb8e8e8ed294c0110585ac1576f0dafb9b0d63adce56694618472356384be76 1640795647461 1640795659486 12025
f08f51c15ca7dd22376e41be47492814bfe81b45917e596595688dce8574d88d 1640795723683 1640795734531 10848
bdf0cc390b31f8fa6435a5befd776d164a98e004c32705700a3b5f7247de26c1 1640795799583 1640795812959 13376
39a5e9413ae19cfd95f06dfbe13021a7fcff161af71253beff53a21f09c4ecb4 1640795875539 1640795888769 13230
2a844f250faf45eb6edd69292a202651f7ce75a8d63b6e6a4a609a1475b8b0ec 1640795950995 1640795962191 11196
469335ad41806b6fd0d2480441232c7bca98b66c46aa6a989fe3aff9740384ab 1640796027616 1640796039800 12184
2a9d837bca06b1be72758c28a5ecb77cbaa8f8ca1440cc92a65915cba74005ec 1640796103247 1640796116443 13196
88d27229928c9b4771378a28569da0dc756a05d5e47ae52fb438495f3236e01a 1640796178773 1640796190556 11783
d5e0308bdca3db694866eac5e52bff315581224d23aa49064934c6c0ad226f0d 1640796254301 1640796264378 10077
be2fe112f65f1ed891f7870cb429f34f838b4d59aeebba7ae4b9f64f9c7552e3 1640796330919 1640796342681 11762
9eafba8783c2c974ebbf472103dec56cb3b381e1aa95fd4ae44cb7f32f066fcb 1640796407177 1640796419840 12663
0bf3ed902dd92207e28f0fe18bb29dfd7e2110954c88075759ea53a642c67924 1640796482882 1640796496042 13160
62797a7b8289ee6a28a3dce722b5b6d335d3f1f7862a03b3f703de2aa0b42154 1640796559107 1640796572425 13318
ca3a99df15843ef2e3e7c3711271d35a2b55f1e56bbc0dfae7ec94730d1caa6e 1640796635532 1640796648865 13333
fb15ce65e4c546ca7dd128d35e8c3b097e421baa70bd32fd269fd428b3758fe0 1640796711463 1640796724800 13337
b0c7ee85bcac2ea85fc39157aabb7a624276096212dd36140e6dfb5d3f7860db 1640796788061 1640796801093 13032
ad8d3e570beb71c4a311563eeda5d418227194d0dc29fab19fecf6392300629d 1640796863894 1640796877039 13145
87b56d3283a53b41175cb9b35d7d611ffe383b1416a258d74b2f25988a9d1f58 1640796940597 1640796953763 13166
7f2743066b7aeee8be335142643696ef0144bc004bd6d669356a0a4bda36130a 1640797016817 1640797030412 13595
