ca72960682d668d5e334defcac91bc1525b6775b1da3cc660cb794fe737ed6f9 1640795571648 1640795584933 13285
a993c5a7d389028f8c35523e3c125a8cb9d2d3a1ff313cc7f564d77b98cfe932 1640795647411 1640795660231 12820
a9322480e343d8605a53bbc584b7397c06d31c472d867de46b8cf1d4bd50b2c9 1640795723617 1640795736742 13125
39826c6957d27e7e678bda9276a9b1c2e56857d558ef6e91ecee15a9d911272f 1640795799522 1640795809879 10357
6b83765937e00f17fccd613c391b6c8231e034c01868d6e594d4bfe4a68cd280 1640795875478 1640795887082 11604
6b4f6f201f3361cdc58ff8524ed0218645655784c4ed54f053ec56ce847736a1 1640795950936 1640795963564 12628
af6d1ba9cbea5e884462fd4fa0c7663cb99dc66f9f73908ac5a18c0684a23b3a 1640796027542 1640796040099 12557
a006c48b694769effe7b8b2e301a7bff47c098bb695229eeb4cd91faafc23fc3 1640796103176 1640796116454 13278
50f388d60d567bb01a4d646bf4d4b7fa8a6a581fc9da2e4e13b4ea7ba9768d4d 1640796178699 1640796191736 13037
122c0ae9a90bf0e6ec75e7df463b18b1d4377fce920bac76687e127b7ff5d416 1640796254226 1640796265448 11222
105777701cda36e875fcaa3cc2e00f0c8510d4a7ee45db0121b26413e530f332 1640796330855 1640796344645 13790
c63c229590095ec1aa225a1395382eab2d4d4059197182f02181c689b9c7a147 1640796407113 1640796419821 12708
ca06299a5b06da3afeaaa1e52e498fcf20c1de8f0e675c933dc001466c19803b 1640796482804 1640796493299 10495
8eedcb34eaebb19d1e589193c2c00bd294e00be780cfc2101b2cd763041e6641 1640796559048 1640796569657 10609
4d017dfd94bc7d187f188a9f11b4eb65bd41715dcdb00d10a40415c227d2c1ff 1640796635458 1640796648411 12953
3d191a8d4b7c725281e9974893832ec9b2b6ac8bf4949ccce2da60155b5417ca 1640796711406 1640796723403 11997
d920147e706886e110b71b46e9de700d4151fe0b6a4069bf70b2bdb32c495722 1640796787989 1640796801441 13452
66dc38f7284217865b04966b9bd3da4d1d83ac89d775cade1363170d9fa44cb7 1640796863821 1640796877226 13405
2da3b714463bbc21624a88f29348a980533ced14b70ad339fdfea2fb9d698cfc 1640796940524 1640796951708 11184
9943bcc69cb58df551976a2bf4a6503de61b15ae1f49ffd8290ca4536b45e3d0 1640797016748 1640797030419 13671
