8330fff4340e1670b4df46f2ab29ea6bd968c2622e8c0a231c796d85578436e2 1640795571663 1640795582818 11155
ee2a3612ab9b90639810f711c6047ad2fff7d87c9a4fbc6dfccc2ffb6dae3a6d 1640795647428 1640795659744 12316
788016fc12dbbed31a180fd1a2eaa83deb7d1091ef07d85d4516ffd5e7042d86 1640795723625 1640795736789 13164
7fbdb7dee1b127fca5abb27392fc1298cef81ae9ffdf6849e791b78d08fd1b49 1640795799537 1640795812536 12999
381d0afa0a6c91bba2af8495c40f4c33052b79ca05e1861ea43ea0b3c6f1fa8f 1640795875492 1640795887544 12052
ecbe6c56ddc011e99e221c10ab091a5aab3d5e9586008d3265f14065f9cba868 1640795950947 1640795964463 13516
5dde00de88f2586daff8b3b7c2cd1ba7546cf1f355a90be2b9a1f7dc787659ae 1640796027555 1640796040111 12556
a0a555de47b9cf55263b175c2aa8a26a21d2124d817ef2b9612bfe0b89843eee 1640796103190 1640796115506 12316
5e398c6b4717ad0626d6dc42863644df03ecf4487170675b960ce9ec4568da00 1640796178713 1640796191711 12998
15e91f8bccf4c889b9e148a490aa685dcef65764a527f216e54961b0eccbbd01 1640796254241 1640796265445 11204
6e692b2abfb70f45b8df5584d43d8331b54b6f6d73bc4bc7b7bbd065a7ecf30e 1640796330870 1640796344215 13345
6fa5c252d21a0980a90f885dc25a7fa65defa911f166aac91bfe323719d9d966 1640796407133 1640796419829 12696
f7ee3027658a2c6686d069835c60099a643045ff8265e37e1df8a4ad0972ca0d 1640796482819 1640796495502 12683
09a9e124eba004b191095ce71c146ddfdbd5462815bd8b70dd667c0f6c71548b 1640796559065 1640796569567 10502
cca0974459c96b8c66f712069c92896b2635f57a3f9dea6cceee110a015bdb4e 1640796635480 1640796648856 13376
134ff1fcba5c64f36a79da9771cf23dcf3b88031e650d019314d88f9021e2246 1640796711421 1640796724325 12904
8daecda446d20041a20bb6af01523687ce9af488c77ae838cf91369cded0b634 1640796788006 1640796800317 12311
ccbda29383667ca5ef88763bfca4137240aa5f9887d4c8388349834187ce3d6d 1640796863839 1640796876893 13054
78cab09d8064c9d36ce21d4e20bf476c49d8ac0df75972ad84d201da25d9d760 1640796940540 1640796952085 11545
54e0c12b8592f6c780f76e0942dabfda3e9a2490e3e1989550f77e82e7dae7d7 1640797016764 1640797030104 13340
