26a15530235d7275276519f4236a018ef0a6a944cb9b77be14572923098df842 1640795571628 1640795584793 13165
ca1f4cd0aa3e5fca73ae3d888b4e0e6c1581fe0a2d900b1b809db66cd8222b11 1640795647389 1640795661007 13618
a16877ade7bce242116d97d5f47ac3810a227950c778815a3459c1b50e0deff7 1640795723587 1640795736386 12799
13a0e74449f63548d8325291c34682549cefde91c0a96bdca86c43a822582c51 1640795799497 1640795813234 13737
36c20283004602cfba563ade3b683a1ab2ce5abdb3fddf3e79cdb92ad2737b8b 1640795875446 1640795884992 9546
f3e8970df0320c361720f7ef0186c47a8997ac737a1459af359f125316076075 1640795950907 1640795961981 11074
d38b415f0a12b71be2962ad12be74bd3f87ffdb21985221b3a58907855a227a6 1640796027514 1640796041089 13575
69a52e9c523f7e79b8e6438fd149c152a2f8c152012a12756607829b5033d537 1640796103142 1640796114491 11349
391515578aec5b4d975d03dd0314bd3ebbb8030da62abadf8fb98705d60d8672 1640796178671 1640796188135 9464
21110f9d200c9c894adc4ddb0ea61c6aff370e011115de660b0bc6f23ea843c2 1640796254192 1640796268110 13918
9bf1a58666d272ae5c9336f0cf81ba667940f94d32eaa90c2d9b1bb358a19713 1640796330824 1640796340350 9526
bffa580303e50b43d6ef0a7526ad823ff4e66e8ba99fa86953c3ae2c7a996758 1640796407082 1640796418860 11778
45bc9cf569b73b554b7600158f6bf6ff2bf25b4740c4f94ea32c97bd2efff391 1640796482771 1640796495915 13144
c3a03a218001329cf964d91f7e1c719686b2fe5eed0d6874981eeae6bc774232 1640796559015 1640796572047 13032
417f0e7e49ab217c31b340c058fb45a9559ae12c66a930d00bf5b1dd3a4a0f52 1640796635423 1640796645688 10265
d5967576305bb8bee9ea0d6aa86814dba3a858f60a9678b399f33ae06189486e 1640796711366 1640796722366 11000
a3e6d6ff7b99f927c0dbec4cc42567f0edd26fc4e8e657a735ab3d2d5f6817a3 1640796787953 1640796799762 11809
448ffbb7584c1c2836a1ab74cffb430e89e3ac7e276420bbcaace2f1429d89ca 1640796863785 1640796875064 11279
4a75fb07d4e8e8d38fb5bea0722db4ae2e16a9177f7260de520cd4f7f100e8c6 1640796940488 1640796951252 10764
186c605692e4a4c3035d8740a840d0b822a12a475650a93a55592d3698efb318 1640797016705 1640797028127 11422
