6b8238af08402efed1d678a52517b5dd53c04fa0e6b0b15234746073936332c8 1640795571629 1640795581619 9990
413323001f754170864217c49221e88b8cbe80f3b23c3e1b0a6933fa007c3ca0 1640795647391 1640795657967 10576
82326793b16e38d21a728df2f8b26ae3c1146da787863799d6ff024f0344c72e 1640795723589 1640795734825 11236
ed30411d9454a65251e163e8d3b78be2ef6f15e5d312259354c7a3bec200cc3c 1640795799499 1640795811115 11616
312328d014ff3789235d17bb7888ef788740ff8f8018e7a4ea53f9db0e87a33f 1640795875448 1640795887853 12405
f2ff82b8b24918b68e8ceaf7ed13d53456acd0905a66632222944a3c46c6580d 1640795950909 1640795961096 10187
c6cd138f34f4507597cde59a5c271b69efd55690d66277edf75b2ad8ced04cc4 1640796027516 1640796041044 13528
9fa787112da517ed87195cc6c486cfa5f3b3e4eb6bf90a04da579eee0186bf51 1640796103144 1640796116066 12922
237ccb52e652889b3344ce7fad705d972ed4ebb151434043deeeb7da5541c71b 1640796178673 1640796189819 11146
0185625f5eb566c9e1c4b6ca9bc57a9748e9d32190c880fea18208360153bca0 1640796254195 1640796264515 10320
aeef2a6198032efd423ea295a35a9a3fedbabc4e765b1441d58c5db923c56cf7 1640796330827 1640796341839 11012
97c510d33740db5cba6ea8eabb8d534d1291cab750a3380b82b269e0a4b5e85f 1640796407084 1640796420168 13084
448c43a3271e91f7d55d67ee95ddea1d4c3a9fe0b2dd1b49c95484a7825a3de7 1640796482773 1640796493919 11146
d8fddf9e284e63722fac6c46a746b3247aafb5d40b0c82ebfdc8d72fadccfa41 1640796559018 1640796570342 11324
de043acf835c84f563539e68ae46c85ad7669a2ab2b67dbd66fdc4e0b3af5338 1640796635427 1640796646442 11015
89ac7cc10a06eab03e9cecf06db18e9659bf1a960a95af35d84319955476b4b6 1640796711370 1640796725291 13921
ff74eb1ea72010014db11b4dfd1b7931f3191fa9ef17960ab385110aa23882b6 1640796787956 1640796799085 11129
86f2ed5886134657bc46b7d6582a339b2ad99e4a64c9ef7dafa04a33dc04eee3 1640796863789 1640796877781 13992
289353e74e22f381826900845d3afb9e920765b45e597ce5fbc481898d86cfd9 1640796940491 1640796951400 10909
0d5defa9e03d67e1972012a03b42fb458dd09e4dac7ab5c138e2ac95c03bedec 1640797016708 1640797027793 11085
