3536381d38322b1db720548942131c09c8d5b003dcbf50a8d7059f7a639701ef 1640795571667 1640795582516 10849
c1e6c1ec56d965dca6fe13097fe5e932388d183b359a0f12e71396e734efbe6c 1640795647430 1640795660971 13541
e832fba89116fa5682614a31f8f9cade9ec1b156b1cf3dd1495515d508fbc68b 1640795723633 1640795734699 11066
826c8517c4da2fe01d02b69bf833223083e371c2016c403872e5af1eb7b0d6e5 1640795799556 1640795813175 13619
f37e46b7b88311b7e3d37d7aff81049cb6ff7ae3f513a46295822cac915b0a03 1640795875498 1640795888728 13230
5e34615a27c0307818e313842361bb5278c94cbe49c190e3c93d439b5c020695 1640795950959 1640795960692 9733
735a9e26a6b08ecc7f8ae3133dd8bcdb757e4435b78f7cdf6f772745ceaa2088 1640796027568 1640796037423 9855
5d78aa7fbfa94a4438ac5dc3d09b2d318cf71428417c26f0e1476735e6d170ca 1640796103193 1640796116457 13264
f43fa4a51090cda6fe4a94026daaacac22ced9b6b567cfd8c2d734054700e266 1640796178724 1640796188807 10083
4beb7e19aeb12f01a80b1163ea36520dc0ae620547e1757421c6a6632825bfc0 1640796254254 1640796265728 11474
76d904b2851697099004949e6cdb71d7271aa55e88b41669df45800fdc0571e7 1640796330883 1640796344624 13741
098eadb81cca23f0df693885eda7ffa3a7553f5b1c0908feb8ab12177d01bd13 1640796407137 1640796417967 10830
4e6799529d138c659b8b1a1edb67c2da34a2101e4f4097c9cc2e1bde2090ed56 1640796482838 1640796495737 12899
bdd432f3d447590dc716eaaa53decd7f76bd38dd152adf5a1ed656ed673e75b9 1640796559069 1640796572256 13187
52ce3b2b52f5d1e617517a0e5b8d9468e4d9072cb3993d9820e5e2da5b4a20f7 1640796635488 1640796648041 12553
100ac212323392461717110942bcdbc34091315097b99ab5aa1fe5afa1d94742 1640796711425 1640796725425 14000
483406a33c3db074a7e895f78208073604b83b2e1ecbf3b046d8ac854f0686fd 1640796788023 1640796801712 13689
15d47e83d763655995fcc69718cc7729f8cf117a960dccf0ae280e306b8a4964 1640796863851 1640796876428 12577
3e07403bf487c503544aa2f1f728dd46e419ba07a47b89a9a904c811164e3901 1640796940558 1640796952890 12332
85fabae65cc919a7234bd73e2df1591433404e36acfd901ecc528139176bcd11 1640797016770 1640797028015 11245
