62293465f64609e310a7acdf8c3d7ac84a4e3412f2a17271eef817e324731887 1640795571703 1640795584429 12726
ccbd2c7e0fdaf6aa16b2237c60bbb626f2e3a52d3012139f30aa73b5853efeab 1640795647480 1640795659247 11767
4a69be96d363fd18ef18407b3fa5b01f39db570e612785a95b7674a8fe3b51c8 1640795723684 1640795734427 10743
5a6a9b849d94de50d562d8261f02b778d4e27774deb688b864ae4bfd3e36446f 1640795799586 1640795813188 13602
8c91c885d9d866bfb0b1eba955866e71581d6efe037c6cf35e8bb491de91699d 1640795875547 1640795888886 13339
a75e1a3bafdb37a980499a51bc88b796355c9f301f0ab86659b184e847f8e8c5 1640795951009 1640795964464 13455
7da55b06ee5448bfee3abce51297205b64be94411b78aec4ff656c3f0802c7c0 1640796027622 1640796041086 13464
ffe5b5021c38a6dc55f5a60d58d29c810058a06043fa2ec1d96f5ab0a69cc669 1640796103254 1640796116484 13230
5abd7fe1142b0bf5acaeedeeeea91d0fe1429d125f58a1ad58ea7fccf0d05740 1640796178771 1640796188540 9769
b850c4ac30ab40c17f3773c53c6ed48726e236ae955693acdb14ae537d6a4f4f 1640796254302 1640796268022 13720
40d8d3ee44a48e8f68169007b797b090c79c8ad72ba1c8bc6f19aa2fe2b4c90a 1640796330927 1640796344426 13499
d0abf01b9271dbade4384901bd27f7df4bfc1bf519ffba64bdd4957c29cbd2b0 1640796407180 1640796419819 12639
4236c1182045e0936743c3402c98335420ae2972cd995de86251a8a46ad17d3f 1640796482890 1640796495948 13058
a4b1b34fda7e181d1269ce1e4c1276ee63b4a391f38510c91648e6cc2658e5b9 1640796559120 1640796570412 11292
0ab5dfa89d03e90088eb1e8c6cb1435954e79c7034d9d75ff2d1209b250919a2 1640796635532 1640796648075 12543
5e14b5028945d0ec9e33e58a1bc0880ccc3d1cb645ab7642107390209901c7fd 1640796711470 1640796723308 11838
f27724d5a062e920587ca87934616bb8b2da7b218c1d7d6a0ad7e0a0d11a5c24 1640796788065 1640796800154 12089
dfc5376cdd46c7b2e55a4751bb79d03aea6e7b19517a9fddba7820922460bda2 1640796863897 1640796873940 10043
82f29fefa1d842441f85c3314c810d5dba95711f7ef77fe5fab7af1b9ee02640 1640796940602 1640796953848 13246
48ef8ea97aa27b5e9657501f9ddc0c78ec92d1ba7707038f2bdd8b7417d7a689 1640797016826 1640797030254 13428
