b948a11098703a54821e84c207a891fa620f67bee14cf9a6b2db166177985705 1640795571637 1640795584333 12696
13c153b0ff84640a0434b9f2d68c2caff5f493df7810985ab8a4cd55e12f31b5 1640795647398 1640795657841 10443
6a3165ea1b75d5816b90292aae5755a213183517e05dd80dfe056b42f945a3f8 1640795723599 1640795733134 9535
39cfa8d4bb5c69a70d1a595c7d8be12d5dc1b0773e2f8795878b89275a30787d 1640795799508 1640795811141 11633
0b39e0892d10a2ba77058080dd410c429ac9e301a02cfb56931c86dbd500ae5b 1640795875459 1640795888859 13400
34925b84acd28a325479f5789f131409c1857b3973f70abb6562bcdb93398ba3 1640795950918 1640795961251 10333
76fb56313d7ed9bb5c92eab664d58d7e8c051be39b4e960996280bf4184c71db 1640796027526 1640796038740 11214
9a6e9aadff58d1cbeb3c245dac67fdaf2c9b7a89484e2893247b45bb37ed0b0b 1640796103156 1640796114651 11495
1e861e7bff6ffb606a73556e71f30a29653173967f69ce14d038c8cf54af2789 1640796178690 1640796189985 11295
f5fcd5348425e935f0ede95fbac8d15f3ba87e04317d4ad4fbdcecd45bb04102 1640796254206 1640796266680 12474
0f4b332734b286c9f42f7e125036968b43224fd52669778df08c966c13fb5a67 1640796330837 1640796344493 13656
ea0993563bc7c5452fd50c42226efeb4bc4fd9eb7504f7dfb60090c473b2321e 1640796407094 1640796418188 11094
94afa0c4dcd97cc4c9016647154ac1e32c88f708e20cd51107678e278a9431dd 1640796482787 1640796496576 13789
c45eab3742c109570be05f16c5ce53185add174110dd6376cbbcbc56cf71ae1e 1640796559029 1640796571988 12959
dd95bc4eaf05a0c9079629f47b4e91e4104952d29bad8d8b208962e3a9d49aef 1640796635441 1640796648348 12907
177e44e121f24cb6a502993144d3ad0730ef01d92df47bb6d9f20823965b0339 1640796711383 1640796724495 13112
438e344702993416e6498ebcc87443bdcbcb6930b6708e9495a86bb29bd12424 1640796787970 1640796801418 13448
047b19df561e5ba140fa0e93f1679f89c3be769b3d585fdde54ee35bf953facb 1640796863804 1640796875527 11723
85816ba149db8d8f3c5a63c442d371ec42b50d0afa57c706126af6fa27969dc0 1640796940505 1640796953641 13136
76b3cc0c69a09422bbb563c66761c4e669dadc43ef31274ac16a8ec875b9efc3 1640797016722 1640797027409 10687
