0ffccc99c599cb6e36a995527fe15c9bbaddb2dff0c8ecff80865abb38832e02 1640701881479 1640701887003 5524
72b1676bb8dbfa20d190e5aa7e18df69eacad7c6b2fd97791f8bcc54bf00689a 1640701974872 1640701979715 4843
d9ae3e21c4e9ca8758bd35cebdba465421222846b681b77434ed00d5cecc7d40 1640702067875 1640702073071 5196
84e0e595e8d7c800f160b986303c25a1ccafd181b3ca336f83399ab05522371c 1640702161108 1640702165598 4490
f022c15f8f248656562f1ff738400c562a0e543ea8daa17d4616fe8a26843cbf 1640702253038 1640702258486 5448
191a2a381526b08718434d0201e424574b5ea42b5742d8f64b91da1a391a9cb1 1640702346567 1640702351299 4732
ea13be4d478b14bb948836021b5644afed0d72817af740ffe587770570c9d5de 1640702440304 1640702444820 4516
c8e0b47cc2b533bb891930810e247d5546c7d35a2fef5a207a5da434da298107 1640702533387 1640702538165 4778
a73fd7beb4a9b64e81ae4f9ee85c81aaf37b4c95445e7c3d29af4e4e28f4603c 1640702626820 1640702630890 4070
6fac20729ba6592fdcc51166b8078e79ab943829965b1de2b6fa2626da058f34 1640702719857 1640702724797 4940
8900cf7883039a6434cf35d25e7fa1872cfdf5ccdf7ba8816e5524013cae9d0d 1640702813409 1640702817856 4447
e8edda049543bcde1ceb6a6c9591f7d68d29c0a4ee4a991f42424e5a349515d1 1640702905722 1640702910403 4681
1fd0da4508ff0e981aea9d35b7774b34e562e7f5612c1c2cface733268ecfed0 1640702998384 1640703003717 5333
53931fd05bb8c338b2e9485c914b7cce0ffb39f34e8597309646207ea8320dbb 1640703092336 1640703097008 4672
827ed6e261f1838f2ba8b3d1a59a3ab749d12fbc57aca4afebb5258bc9f0d6b4 1640703184695 1640703189842 5147
0ff3a3f2fffc6578ccd846ef5648847a3c24f1a2801e42a912ce15be9fae9e20 1640703278049 1640703282473 4424
08a092b609784bb1e8f4c0c868bc1e8e469475dc5411ccb5202827e455870330 1640703371183 1640703375953 4770
e7b18c952e8c124445c90e6f65d6daf9b3e951f58219fb82a4c0eacab12d245c 1640703464451 1640703468928 4477
b27df9752bc3516fc3e428f555ffb5aafd0313b546e3fdf02d81fb425664d4de 1640703557716 1640703562812 5096
07c8c024df93ab331741aaaf6f1dbc1073fa75a725b97809d0e3df88dfca4492 1640703651648 1640703656839 5191
