ff3519fe95040e3213311d64a948c0588fa170a3fdc3e831a6c6d64548b3c84b 1640701881466 1640701886471 5005
94b7b37d69f34cbed2981bb61fe0ee83c5dd89b83f021dcb69452f4153b4d71b 1640701974861 1640701976642 1781
f6628a033aa51ef598f85a20a88aa6d077be51299a0b1ab2956e59a74c764362 1640702067862 1640702072767 4905
ab44f39aa95c3fd5cc512dd2ae5ec9528a70c42a85a65756194bbc240a98c032 1640702161094 1640702164990 3896
de34b17bdf907a8a420ce58754c977602fc8c542742880fce77ff62f5d0c43e7 1640702253024 1640702258439 5415
90f203569db2ce7f10d978abeaa852ac9147e2ba69d3a6fe61145ae30887dd2a 1640702346555 1640702351579 5024
d30934bd6e34c9dea177fb2801b0d5ed47fe42334dc633fc4512ba844c982d08 1640702440294 1640702444918 4624
ebb34c554bb281081e91541c5408f0b8634a1e48c5274a97d916650a52597c5e 1640702533372 1640702538070 4698
031b14c66d129fb8c412c0fc69245af80f8b48b1898d79f286348462d6755de4 1640702626805 1640702629843 3038
65977ae85332abe4314afa84754636321130768c0430eb922af780d033836d91 1640702719844 1640702724773 4929
f2d36eb93504cb019a70b9c3fd2aff5474efaa81341b1e707c8e223ee9c83907 1640702813393 1640702816958 3565
79c759d602cf86501863ee66184020905aef2ae316f9b97a1580f3207266cee1 1640702905707 1640702910488 4781
889ec4e4e89703b7498eb89ca8c599500c4ee4157b9b5be571a209ae5833cb36 1640702998372 1640703003408 5036
13d17593a73ac9f890bc18d7093bd59f77b70645d6f18a59b4cf956303b2ab7e 1640703092317 1640703097081 4764
6d44b107e9313a5f1ea8315b875486894c3995d116d63df728359180b517c1e1 1640703184684 1640703189835 5151
a72489b68797b5d4ccd0cea5498f19c74d83c1fdc4eecd4d551af47f4eb9024d 1640703278034 1640703282789 4755
be376117bab188e3a3c4c05930de4cbdd62b296be331008e6b1473581b34a904 1640703371154 1640703376355 5201
62205ebbc05064c74dc27d0c33e6ac2a7b851d4d39adf42bc02e3d4dd5418ae1 1640703464433 1640703468594 4161
19de28e9242a1de1df2f4b8defef856a24651217acb693f2dc03dfe9aebfa615 1640703557700 1640703562865 5165
8a7ce10eb5e400f9fa241544d9216e7423c3e02c0fe7ff769f6e730e15262499 1640703651635 1640703655972 4337
