4a21348a0261ad64a6c72a4a22974f8b79921dc851a18459b3171ae534429f04 1640701881455 1640701886427 4972
c8309e59eee9f18db657fdbe4357b078cbeb3f2ccc1d4ace6a9b8f8c3584f561 1640701974853 1640701978039 3186
b68e483f21282e7cfcb2e4c89b8d2884425f62326cb819a0efa64dec0679420f 1640702067850 1640702071589 3739
d3ef31df1798ad49fa8b06deed7199cbab726afea8cbff8ee763effef191ae34 1640702161081 1640702165064 3983
99415f69354f4087268c268d98c0c9ed66ee34b3a629f81bf8e522dac1a3e162 1640702253013 1640702258651 5638
db8bdf4d90765111e9f8b7287dcdc77a3c056111c2bea4a1967d141fd96ae795 1640702346542 1640702351484 4942
ce1d53abc65120c1b60cda5ee7f99a2269332176e4882ce9c1da300898311bed 1640702440283 1640702444613 4330
29ea02522fcffca3438807673c4640c2fe5b88fa331e3b8bf5eecf5a3c307695 1640702533361 1640702538700 5339
5d309530a45ee8131bd5e37e162abdd681ad26bf6651ca508a7ee2c37dc20f56 1640702626792 1640702629032 2240
49eccd2ad92304446a7d33e31d318cbb952b25a4c1cfd718c089b89f8f8f0e46 1640702719831 1640702724482 4651
1172bc79f56b8a3352ed2af26ba3a0599372118ef5a0c2a2de597bef2d8eaec4 1640702813382 1640702817860 4478
3fb0ae0f0a9f550a3d1863674d46ce381c67bab0c44604b821c2cc684c2c7b37 1640702905692 1640702909897 4205
a610f7f8674fbdeb7131cd571624b0b11c2d4f3c3fba63d4aa45a4e6850814b5 1640702998359 1640703003621 5262
cbe72f631a9ed99055dcbc0c6cc416b8a4641cde1a9ed17ce6d65b83dbe67743 1640703092302 1640703096176 3874
700457364f292a2c7efdbda66fd6aa458d1f9303d1c06bc3d199d52424777619 1640703184666 1640703190187 5521
b72edd17798dd75dad025dbe620f66e2f853bf4b0a8b23bd5000a240c385aa00 1640703278020 1640703282472 4452
0d13466f930d638dc4ad35dea6f6b2599f87e25f80dac7f7e94b000748330295 1640703371140 1640703375719 4579
1c39614924d102de75e9df5c48b14ebd6ca9390099271110e9833526d7fa406b 1640703464418 1640703467871 3453
2ec1a35824bf7f274b6b03d123d68e2cc343e18f00a044098043bf36cf1584c8 1640703557685 1640703562452 4767
203676115ee43cecbde04836a3dd66f8d32dd21f648aa5526fd6a1bc688465ac 1640703651620 1640703656447 4827
