1374a260ba28e1a357907260b9bc807066665742f90490d88aeabf5f609af8dc 1640701881421 1640701881977 556
cfbc3e76782d18c9738ad8800ddf5f673aeb817aee2c6210b4f5fcf401339ca9 1640701974803 1640701976024 1221
612e089cd14c3993b91ecc362af46f93722659d2360c7de9377e035bfd54700d 1640702067810 1640702068667 857
95854952b023c3946768f2e5fa93431bf012b7cc5231d49f168933a820826bcf 1640702161040 1640702161975 935
0f1418252d0eea6abb6f8327e15d686d4197e26a7b291090b62dbcc004934f8b 1640702252972 1640702254145 1173
e6e84c8f41f2466a371f736337e6266af4d2c548469de6c3ddfba0240ce3ede7 1640702346498 1640702347237 739
6f154880be48ea981a6173ab36298440830300b2a4fdacfdd02f8810538cf670 1640702440240 1640702441124 884
85b7c4aef6aff1f5cee180ed32eef4641aad5e77681096f91f0d97c0982bfe19 1640702533316 1640702534472 1156
c3a7e4b65ff350006f1f75805583045e0d5afe0e3c992130fd8c4420a6804842 1640702626746 1640702627624 878
83cd4e2c27468878798eed2f151567417df778f37238fbbab85b1599d7b686cd 1640702719786 1640702720666 880
45f51863bc06cc49bf5fc70ae1543c4768c890ad7d30227d9945254ee7385762 1640702813325 1640702814342 1017
ea40ed7648cb702a0f1b410b4ffb16bc514fb804a2a6ed843401b44b4f0372fc 1640702905644 1640702906371 727
9409de10ccaddacee875e0ccb23bcb041806f2731ce1d1a0f640bb3e01f82c28 1640702998305 1640702999025 720
d707f240170dbff1ab9c673ce87795f2c1bd3d5d30588a214052965fc70e149a 1640703092254 1640703092763 509
1f9fa1053e558909e4bea648c725a38bc585ca139f743e8d37b684af3f113e32 1640703184615 1640703185340 725
1dab26b3953657c29d0641668a1b8e449f48cf89851d8468bef675930cd791fc 1640703277963 1640703278593 630
1b66e400acd6fe7de63ac32ab27194a644ca61657926223967c932a482af2b2b 1640703371081 1640703372040 959
fea76c3874d61fdd5310fa7820df09287b1ad845431e3f7c97efb67ccfcba084 1640703464366 1640703465304 938
cefd4570b3793b8c79d7ca89e1d48197c87e49a6ca22785e3f44a0f349384e9a 1640703557632 1640703558758 1126
c29c48350e1b98311b6f4560f7abd0c785cd6adfddb1aaa8d9639c4c9772bcbd 1640703651561 1640703652406 845
