263b6b1f7eb461bcd0f9ef5ebd7ee1bb080dcc722117a012a431d111bef88908 1640701881477 1640701886951 5474
99fa0bc8d5f6b19242b1facbf64c0c6b2f3f06415b68886e7720dbe1c78cbcdc 1640701974873 1640701979802 4929
bc5b262faba7d4446a6e887d08ba19c7cffe70e12da21974e7259a02635a73ad 1640702067875 1640702073143 5268
af103d5f3e9e9bd5e27e6429e78e6c06f7af537c18a23c485e70e296a8d61d00 1640702161110 1640702165567 4457
9aae5236fe7d761e3bdaae05075fad854b9960101d817e1a587e734323e64a92 1640702253039 1640702258618 5579
324265bc7253b6953069704089e9e84dee38a375c98a05d7bb228ae9832e6ec1 1640702346568 1640702351452 4884
4b6071eaa54050340ff57e433185502f206af56c29cad24c1858866b916eb7d8 1640702440308 1640702445001 4693
469df8a55c0cfa31a82a3a52ef18d2e4194c368b2671445e014b03a8bcdddd73 1640702533392 1640702538712 5320
73a6f77ec23639ceb6ec0f14c6f2f46096529ac94c12a9212ff09534b16ed8ca 1640702626822 1640702631273 4451
df6f2f89fed5f7c93fb2fa4bf222aca458a4b92f85830fe33251ceb28af24693 1640702719859 1640702725175 5316
fdd8e3989f9c284b93a3c5f9d6004f70f90055980c10c222c3e16cc75debde42 1640702813409 1640702817978 4569
42f62596590f213994090cdcb697430f73329815ffbda63524806b9688ad6e42 1640702905721 1640702910724 5003
3548e7750cdb2d31eb29c22d98bc8691d712f8ffcaccd524fce1327eaccf5d21 1640702998385 1640703003534 5149
8ff1f64dc80ee5dd5947fbe10b523b6833d13c2cd110b2cc8cf8323ef001e6d0 1640703092334 1640703096921 4587
b05ce9a6e15a04bfb0bb147418a987649c47e29548c9c3595a3d6c4ff1f5df46 1640703184696 1640703190080 5384
eee27af80dd9496f7e14548bf319f2fcabca1a8aaeb3ed3a684aaa7a1c711040 1640703278051 1640703282528 4477
9969d923f56684c2ee2578e6ca55948506b858cb7690b8c1da8079deaabddc4c 1640703371188 1640703376374 5186
48d7ef3974cefb38c5a5b9f546dfe1df7af2c8fa181381b1f8c8e67150ab1100 1640703464455 1640703468852 4397
538375008c14f6fb28a1edbce30d3b40fefd3eb065c806e485b4c7ee56397d03 1640703557719 1640703562406 4687
1d69f43567538750a740a1b64526ce1b4bad3885faf4b25b98b68ee8dd5311ac 1640703651649 1640703656552 4903
