bdc32b159407cf8411dffb4bc909bbf4711c50bfe36cc316118925b52326299d 1640701881456 1640701886710 5254
9ebf50388beee18773a0cb63274bce1c5180cce551e823fd6b3bae26d490408a 1640701974853 1640701979089 4236
53f5e4fb4e3e6d81d4d1045e235df0234222e6aef27a570f09b8feabaf9fbcd3 1640702067850 1640702070953 3103
a9c39551be489ab3194322171fe0d1500f263ebad4fc443e89f70dc3eaba9798 1640702161081 1640702165438 4357
7c53a32b9081bf021fde46a2c4762716cc3ad1b094ca3c75f89bb99a986a4b18 1640702253015 1640702257932 4917
134b786a066521c345d741a005185bf341c8e7619fa2216ab61ac12ee8bde3ed 1640702346544 1640702350895 4351
e51e48fd9886e19d3ae3ef3eb57a2180b4be3c0751d8f908abf567b323a73d61 1640702440282 1640702444411 4129
5f237c4478896d48ab61e32bf0c3aee06af451993ba5aeecf2e38fc83aeeaec9 1640702533358 1640702538603 5245
0d05ed663b5780ea6cf85a67c1cac5cc502aecab64cd73b03440cb231548f784 1640702626796 1640702631078 4282
f38b0a1ad7bb8616beea0105c213739bfadbf99ba71537480da1d14b3edb08e7 1640702719830 1640702724632 4802
7c01efae9efa09856a9319771d6c9ec3ae7ada981b41ce524293b8ce78ab5c98 1640702813383 1640702817536 4153
53e42e47eb09766df610abaadef84ecbf82fda21f232df22dab66b6563308d3f 1640702905692 1640702909853 4161
09f234eef14224bb49e3bf187a14e642fd4a6a918050222ca95cee09de06fa6a 1640702998360 1640703002992 4632
4f718dd6e2db8fa04b10bbfc64e7fe6487e9ba3a6fb3ff4e7c4d12c06ba521d6 1640703092306 1640703096468 4162
97bda8904ed408cd1ee1b6f426b9d53ecf85f01f31e5083f3b75cab64731410b 1640703184668 1640703189770 5102
21b47a3b9fd81d26a1fc1690ef5eb1f89d85590c69c21546d511038324fb157d 1640703278021 1640703282064 4043
8c705ebad9e5b144f8c84cef6b807cc02956aed0b73f19d93d7b24ee5be3fc96 1640703371145 1640703375891 4746
bf6031c74dd802692074421f24683234ccbcda9e889e297d8e7a5e0b19b966f7 1640703464418 1640703467993 3575
edf59d501558e878cfb161846ea92ba175107fcf3924abafa362743883ac8c28 1640703557686 1640703563081 5395
cf4c70ba16370867f586a3ec9cc5dbd729c62caa4db14582643b5612814ebaaa 1640703651621 1640703656818 5197
