777f87f12b5d6c902503fc8d62b7946641ac5d389318c8f9204433a0f907077f 1640701881428 1640701884241 2813
86099aa0e1d4c2e4a9e2800461f96986ff6518dc58c11d9e172a0c96cbf4c87f 1640701974813 1640701977677 2864
3ffbfaa1251a3cc43640fa2ff02a0908a69451e7e7ce0ec501470b27df2086fe 1640702067819 1640702069957 2138
93837af9c52699210d93943d47203c3360d7379328b805ef2428b90f6ff175ac 1640702161050 1640702163684 2634
777a8db4f615a3c912203fc854f35f824085b4a47e40c28130370768036e58c1 1640702252981 1640702253633 652
6a97afa88b9a7c00ca3a8bf952b80b29a8a4646f5065fabc2a773e317ede0ef7 1640702346508 1640702348735 2227
e27636bdf16af5c9e586d60474c37f150e8544ef445e2768631b31bdef09fbe5 1640702440250 1640702444818 4568
a1aecddbd6058c708c8b00dcdc72fa24747426a1c7b9fc804a01128cf0d48aa1 1640702533326 1640702534949 1623
0a94e8200ee28d795a0152ee59355e100feb016e35792b5af30dad146b743e99 1640702626757 1640702628920 2163
89e3af04ec07128b3d4466bdc28b0e75d6bef0f7caf3cf9b0a4fa2002012ce1b 1640702719796 1640702721761 1965
7b55040c15c2c9cdf60b2284e0f1e76ec42c91abcafcbbdebe02f93a25e497f2 1640702813337 1640702815461 2124
88c400aedce9d1b9b1413c670594cb1e11503fdea12d8a26e4c4fbf55d1b33c4 1640702905657 1640702907193 1536
2ca0eb1b1b4665c3b0c4626088b5a2a6bb1869d99f9784a6a3ff7be94a145740 1640702998318 1640703000540 2222
0c3063ec5368ac66ad230ee502d30d570f28b830692198c407729684f4d1ebe4 1640703092266 1640703094227 1961
2e9c13848e16376c94aef405b1763e0da23ca9017cfeab475623fffd9b3a0c8a 1640703184625 1640703186507 1882
8d49cad9cec2048f3e4b29e4d98d756988410ce1b5d0d0162767b08c86be7aec 1640703277976 1640703282236 4260
78d466ede81ce1c2bbfe4b14592fe7e8acaef338f57736ea6f34709ebc09646b 1640703371093 1640703372394 1301
2c885b159ca7dcfe9ed340bbad6cf3946ee20713706d57ccabe218b4755251c5 1640703464379 1640703466256 1877
7a5d8a18b753a19eed93e09dc4b37eb9850a95f8428f38b1374b692e38aab8f6 1640703557646 1640703560535 2889
c5f98d9ff219af962b35e22d774858b14f63ae141fe98aa5d8438e80e324a795 1640703651574 1640703654298 2724
