5093e0f5348f62fef443ef3a1db2e98b3f81aa54913fb64664200df7605d90b3 1640701881447 1640701886218 4771
16fff2c98e4fc402ec87e1f2985d282ee6102cc7934f56e5d386e2a2116733fc 1640701974844 1640701979290 4446
21793101edf85c51f478e65c9d380fef5c64272adf51e812ed352019fa6f1ef0 1640702067841 1640702071863 4022
9bad90ef604f2ea7cbadedb8f7ac4f84d53ddb525de696578ee7a4860d6264f7 1640702161069 1640702165632 4563
dae0ae8bd301ae29ec8ab80f21e272f6d3bec8c1ee0db3ac9472ff903b667814 1640702253004 1640702256897 3893
5e2d413c23b6f6bf402f9b070841d979b25c9b0229aa2f57d90a8e2758fa0d0f 1640702346537 1640702351399 4862
8ea2a6bcd4ede7a792a5153b3a6f1570a2ea671b3495b5bb949822ed9985be20 1640702440273 1640702445125 4852
b3a7379b309606afade1c422cd588ec71700bc3c296db98c5e982ea6edcc4d0d 1640702533349 1640702538430 5081
399d91e8a4993269e41a2e311a4704fc9a226326f3aa69352ac7ab5e16ec2a1b 1640702626783 1640702630587 3804
3635d3844f2c64971de6f5e69195ff01611931252fdb99664e9e284b4ffe23c3 1640702719820 1640702722815 2995
e12fbfe1a92c6be4cb06207f2702075a60281373e7073f7e80292d2b8cd3626c 1640702813368 1640702816374 3006
05262a4aa323302403553d27be4c8aa6c0ef9f2bddec94cd9ec5ffb437592a93 1640702905682 1640702909593 3911
527283d322ff43603b15552b129e163203f015a4f4bb3ebb45f8496482aa9826 1640702998343 1640703002331 3988
f8c78b9b9974681a869862fce6f92c3a39f7cf230b9340d0c310094f55366923 1640703092292 1640703096238 3946
3c1399a56687c151c59b65470cb8bb0e12481d085ab1b8398a639a6901775293 1640703184652 1640703188226 3574
602aa638f39d11fbc840a792e55a1edfe882aee8dd0a28d127f4bed8e3294e26 1640703278012 1640703281876 3864
13b1d97dea4100111602998b1055b3b9761b57188198b204a5cc783f98584bd3 1640703371126 1640703375271 4145
cf7ca65b32d9b41340264d61126e376cc24b69520a5d18c195b7c9ebe868c16f 1640703464407 1640703467872 3465
3fdf116943d6423f860a4ec70ee54efbc0c0ab180e3c91ee098a84d8854e6434 1640703557675 1640703562395 4720
85cdff7d8f96feca9e5c62ba7b83fbd13b49f56f9810195525c793c093187104 1640703651607 1640703656051 4444
