9e97190390f71bd45e8d0b8aeb4c94c9670a7f35c3bba90dc541a28c1e8d2822 1640701881466 1640701886643 5177
b3bd44f636e0f02fb2bea476dbe3b84b962532167272abdc5553ffd33d3ee5ca 1640701974863 1640701979403 4540
e0ca01059bec93dd81f07ebc8b2253b35d63ea0a4ae7586ad32b8f5249e03d53 1640702067864 1640702072717 4853
75aeee8ec92196dc3e8029614be3109d496601f28b255ce1d2b2f6bf1fbf5ccf 1640702161094 1640702165623 4529
7f4ec0f375d62efb1fbd5bf5153b286a4d99503c6faa3c9c784d958bcebf7333 1640702253026 1640702258282 5256
949e7968726d800e6e6cbac0cf435d8935fbd58429045b4443a723608832103c 1640702346556 1640702351783 5227
ecc06412a02af83a4e47c57d08335257e90022228ebbe4ecf2a9021c5e610274 1640702440293 1640702444652 4359
7b3ca090d105362e5d9030b4ac90e3eb1af69e3b0e23c0d5386d33535c7e02ac 1640702533374 1640702538478 5104
d05fb5bdd28ef24588a21117fb647530c88a7cb88ab5017a812c5c9f7399a1c3 1640702626806 1640702630855 4049
9171549f32d092eed22b2333fbe9eadc377cad0d9729328b2de150732c3ebd61 1640702719845 1640702724817 4972
b980a335cd7e49733f4125c1a0551b72506573203a05b5f03e712404cbf206bd 1640702813393 1640702817827 4434
f6f2b66216c0f405a1e6c0606beb9af906eab618bf0998d310852374026c149c 1640702905708 1640702910724 5016
0cca5f44b8a0a8fa7cd12452fea42ec3dd4980f21b49701a5c7bd75864843a10 1640702998371 1640703003613 5242
e90ac81cc0de95b67b5e1d910901b116c62e7574037868787e2fcc3fc36d2938 1640703092319 1640703097030 4711
f3b5d0c57cf54206ddcb96bda0dda283a1f615edeec5e083accf9091e023654e 1640703184683 1640703189770 5087
8aea966b2dd4db30b9ab0a88d357a47ac7f15b64aa4c3aeed2bf2cd4b40a35ce 1640703278035 1640703282419 4384
202b78f6fdc370087eca36a995be99719a8096ae04fcfc974fbd97ede87a9d2b 1640703371153 1640703376009 4856
457cbd1a7f9bbf88bfca67731ee165947bea4384bf2f90cfb23c6438649d76f1 1640703464434 1640703468477 4043
8d5fab92f536513ab131fade7eee203b032bbef752c291a4cdeefc83545d0ab4 1640703557701 1640703562763 5062
ff9cb87d57257618707b83ad4cfc7f0d63fe1ec977d2d68b4b6acfd02ef06874 1640703651634 1640703656162 4528
