a5360713ed79d8d7a889cf96bea1223ee97db97d14ba33f68b25931f4aaad685 1640701881462 1640701887013 5551
e4ee301300a8e05e0e016950907e75f40ff5ff99835935863e2c7142bbd1c656 1640701974859 1640701979653 4794
d505db422dbca3eef73309db9a4f363710c4ac34c45b73c59cb09770052a8aaf 1640702067858 1640702072550 4692
670274c895263d6df29208150530d1c835c9eef5eb8a62c08ba0ea6d2780c540 1640702161087 1640702165610 4523
bda6105d915ff13a21f4712674562c0bfb31fcf3f61049f9a42167a95475f573 1640702253018 1640702258567 5549
3d7af50d06a1247c4788e72ebcc1ef3410c87ca19dab02c4d0f7aeeb7d199856 1640702346551 1640702351361 4810
01830c88bc495007444b56f41156d7eacb4ae098709905cba15ca656f448f7cb 1640702440288 1640702444808 4520
657fa0137cc15c0cea9c15c783a8f7dd67fcbfe450a1cc8a292e50e6c11dc5fc 1640702533365 1640702538139 4774
ed48a9092cd48a23412779446e983f81b171bd60f96013c929fee973919bd38c 1640702626802 1640702630725 3923
3a4325c2c0bd8164ef00397e15e0d460326362d6f52131980a172b88fb210760 1640702719836 1640702724747 4911
b960f2149c1a3da1e89897310c3b50c8569a2d52092d703abe1284d4cded68b3 1640702813389 1640702817824 4435
ac384cbb9ad2bcb3538b16b81da31a71ab5e5e8440530987887c564a245046e1 1640702905702 1640702910537 4835
7066cbb89d06f6687087dbf844c2de73eac383060d5f6802cd2f45b3c3e7bace 1640702998369 1640703003339 4970
2197d672191ebe9d4a3f9013b3b248f2dc3613623f3eaac2e250e01c4e644036 1640703092311 1640703097075 4764
637fff9b527e8e7d3359aa5c16581080292d969f24462ea639ab38460d00dd8d 1640703184677 1640703189892 5215
452fdd089ff13ea6be5adc954585c83869413fb0669c1ef6c6048d4bf3bd9537 1640703278028 1640703282392 4364
cb9282786c35cf143b657dcdaa72dab522ff02324448510b3c8952710fece999 1640703371149 1640703375902 4753
ebd316560be77cba442069b7599ea858b3b687035b5b0d5397c1b76abfb6fe42 1640703464425 1640703468758 4333
abfe26e510abb565ba24d8594deef9989edcd4b2c10461b9f7cd97cd196bb725 1640703557696 1640703562560 4864
3b85a580dffa2cf6025fec7ca4846bafe86f9455dfaa7052d5d563ff1b976c58 1640703651629 1640703656431 4802
