e80ce2cd7e863e0d8dcbe1223be49fd5551005d73e15178f464fed07b2b7d5a9 1640701881418 1640701882037 619
8b771f319333d4c7111f79ed4d3333aef8aef8aba38a98856969d4f044ea617c 1640701974801 1640701975369 568
5d3bb548fd6f3b7cc7a08d8d10d377ea40bbb955046634f76189ad9cba90b08a 1640702067807 1640702068231 424
bf028a490b61aab05aee5c4fa378bf4cb40add05eadf7f0819e90dbef3b31289 1640702161038 1640702161627 589
c1b6d8acc70d74edf5cd3092f8de65fe1adc1cd717938fc656fe8ae4deda774b 1640702252969 1640702253755 786
84f6598e1b0e915eafb0554fa09846f93cb0500097e175c7357214a25d041b59 1640702346495 1640702346930 435
d8df82fb78cd2099d60f8c0b015ff048f15bc528f4588f8e631e70a6bfc79c9e 1640702440238 1640702440905 667
e6b0369bab6e8fa482eed16a081a0a4d9a23d14adf46bb114dccd6284c5af4b5 1640702533314 1640702534084 770
5e205a01e958ff618b22e63c34cd941e87739413d6fa59375cbe0373b8e5ba66 1640702626743 1640702627319 576
925bc5819f572a5022b61d501c1b7e9db10063b8e63117390f103ac1ebd92cc1 1640702719784 1640702720391 607
95d6056bd0bdec9f1e511be3c9938f417bceef085a45a8a832cd8b5e91a7f1f1 1640702813323 1640702814015 692
0737692865fd9e27a903f7ead31ec7104ffe399746e7842b311093a2a3b1540b 1640702905641 1640702906267 626
25796b9ff12dc9c6fd4c2fd064b3d635bc616cd19f654e2c1ebf73a6d4f3034c 1640702998302 1640702998909 607
7d6563aa90181729ec6101c40a4bacef453f4909cff33defcb6687bc1c74277a 1640703092251 1640703092801 550
716e486124d8b5ba5769ae3fb04f4f4db9c93e4b6e925e48320d01fc64e0808a 1640703184612 1640703185176 564
70af331cb10897ae079856372af474ddc5c536ffb4ba297219337978567b2002 1640703277960 1640703278750 790
78afb33f7a3d6c1830a395cc0a0ed2f718f087e06f525e736be69e401572a69c 1640703371078 1640703371620 542
228c7c1934e3ac0d88d429b907c316bd209367a65bcb25723e44f75f99b9aed5 1640703464364 1640703465059 695
a8a86fd4fbc5716b18ad7ee6cb8fe16bcd448cca135691ad283146221baa7d82 1640703557629 1640703558248 619
cc219ffce10c484ebc98d0dd484004635e37d217373289767bbfbc27f96451f6 1640703651558 1640703652217 659
