4e5de430444452833d068fa1ac7cdd0828bd8008359e1aa704f628fe155921f0 1640701881435 1640701885880 4445
5723b5b7bc3422be4d34277bf7f298c6ba5962bdbb3c8ec69d707bbd42c6d992 1640701974821 1640701978842 4021
c49c4cde18d536c46134afe9a76b3a2eef44afb580c3666cdc33d78131495b40 1640702067828 1640702072064 4236
463f363f2e576e179cdc4442565950de74170731735ac5280395237be55aeeae 1640702161058 1640702163690 2632
ac2ff6197c0893f8f8f1d27613d189883396e8b5e53eb70daabd49a7fd785bae 1640702252990 1640702255601 2611
a6def1d737e861a770f1dcd4953e15445b62a2e2b905e78f7e461f3ed1f37b69 1640702346518 1640702349373 2855
7576487ff9546407936af7628018c7028df047fd17420985c37b98de40d88c58 1640702440259 1640702443695 3436
fbf13286bfa29d4b49703e839229024a289933b501a85963a402d02003736168 1640702533338 1640702536189 2851
e57c6eb93f04c1c18a752ec85a37632d773da34eb520f98ae6167dbe9b05be4e 1640702626781 1640702630818 4037
ad593622784d2fd4de3bd898f8ee5030d652423766ef4da98556509618da3909 1640702719806 1640702722651 2845
3200c4b2b750b179cb718c8b46e9d8fcf09f1622c5ab754fdcef1285ecbd1b53 1640702813350 1640702815824 2474
cecc18d6323faa3cb0b2556670b0f244d7cbf99cf3182918d67ade9c83b5eb38 1640702905666 1640702908007 2341
ac051a8f9fcb7022f76f0fa9a8e7985155952278eee6f77dad8d8cf7bd222cec 1640702998327 1640703001237 2910
7546f8176fb49830ed7b6b91a2cda7d97492800adc41a60459a90976589abae9 1640703092275 1640703095310 3035
fd541787328d56ba477640e73a1b46834c6d3e0fe948e1b80ee839db282735a2 1640703184635 1640703187279 2644
2ea649e735d5ee7f94bfd503c0c812ff3a75c41a89fbdfe99a12c3d33e35c0b8 1640703277989 1640703280407 2418
11e9aacc9e2533db025a58e35d71d90ef27af2143de644aae05d7c5a95411eeb 1640703371106 1640703374168 3062
d04b2f20020b0683b94dfd4ab1dff1b6eae60bb1a3bf6f0644eca41bf19e151e 1640703464390 1640703467770 3380
707d6ccc606e665893133d5ea2e99053f7dcc46e8f186eb0c5de3fcfb1f56ace 1640703557657 1640703559812 2155
b299e2c32e912d847ebfe304158c9c533cab22710a37971bf4658b9f6fc262a3 1640703651584 1640703654242 2658
