ca024dd6db3b4099afdedd89dc1e008bcef43b3edab52294ab21d138a023643e 1640701881434 1640701886372 4938
a4d45234decf9681dd5e363e8b279ad80438680fd1a5437e6f7683e0a6bd36d4 1640701974820 1640701977607 2787
999bd7bb3b612ee6bcb595af435b8eb62237cefacfbcb21f8d03cc9d923c883e 1640702067827 1640702070921 3094
8b0e770f423d770662ee76b0287d0fe98a87adcff779e816ad979d8c7c1ad2e6 1640702161057 1640702164839 3782
1b4444fad699eb4cc1948bc076d22228e8e291623622a4ab72862304e3eee14a 1640702252989 1640702255955 2966
9b2a28c9749921682a42723ed784972277bafd1914ec80d1b8ef91806423424d 1640702346516 1640702348732 2216
f3336cffad532b73a9113acf829b924226a40d87aefd76f40b3e47ed13469440 1640702440258 1640702441613 1355
da45839ba023ce4caa0905b64cc2879339fb68ed84dd8cc4dbb4426613a71517 1640702533335 1640702535659 2324
a8b8a67435f5224fa37d559754fa54216447f565caccdabebfe14ceedb3379d1 1640702626766 1640702628674 1908
003c43698655acea0533711c31435a4a5cdbfeffbb161bf57b88bad0a01f7acd 1640702719803 1640702722518 2715
bdd513b104c56fc7380010b4e50dd055a6a2e221760c13ab3860f0eef5ae8f3c 1640702813347 1640702815706 2359
248eb816fdfc4084e96eaa464aff4d49f0b83e153c27929b03bf543a03e35d69 1640702905665 1640702907624 1959
4b669ee64b2275a465413401a33268ff6f512f2b263d36d845494465b2cdadd3 1640702998325 1640703001665 3340
0cd371261da33d93397f89242c125b49ccc93ae041dd6ca60f639cf497dfd6d4 1640703092275 1640703095604 3329
c5db0f99a49dd789c64b4467d63132c4e37e9cf872f83bf21999c0007513df18 1640703184633 1640703187282 2649
3395da2bd49eaa26796eb1bb8db4cb4e6d63037aae86f16fcbff3387fa9fb18a 1640703277986 1640703280057 2071
77a6c27a916a8af5b1e8ade46003b8ead0dc2b89c2e89017d06008beb8fbd33b 1640703371104 1640703372804 1700
90d89acd7e75a551ce5385ea38f9f4f340dec88519534bda879804e28cc17438 1640703464389 1640703466783 2394
79055e8a236da663683f135efed0207dac951c9e5561354e260fe85d0b15802b 1640703557655 1640703562352 4697
d84a99804d3ca56bc50705271f2734cd238a78a0007ee667d6c29c109d8c4d5f 1640703651583 1640703654962 3379
