125a57cec5c425e6e9c843ff700f5caa604f5a18a19786529c18d6bfbc0d2a83 1640701881420 1640701882392 972
1ec21bd1267d3c1c9dde3ac89b6ec7ee3ec07a203285d3cf3b0be5297d0a42c0 1640701974802 1640701976053 1251
46b2bf1a2a31c737995dcb2d93c4526071a4a11260c9fbe8814d29db885a628c 1640702067808 1640702068492 684
e0ca4bb47a8df3b10735235e77529d871abf2921f07d5543d5717b73981cbbf8 1640702161039 1640702161926 887
ceb5b489ea65ec3a8edf2e385fb072596e2fa5d652eec83079cd77f346f06e9d 1640702252971 1640702254007 1036
591079327a37705aeb2e158795475b317170b34e1bde1d9e447ba99387016a75 1640702346497 1640702347153 656
24b318b7c36c6123b7abfe0829674dff43e47c9b448143b644a451095306c798 1640702440239 1640702441026 787
283624d0eec8b78639f3ab8eb0ca0c23ab189a2a1eb88d3bf22a281f043c2176 1640702533315 1640702534107 792
a629d2d1ad50da6098cadb6f3fd43f2bb1a468d22bab4ca36c3e72d90c95e1ec 1640702626744 1640702627596 852
cfc2bffb4925c7664dced5a5a2cb2ac925d9e812c1ce7030850bbaf0f18833b2 1640702719785 1640702720549 764
52ee0dadf71a821472e9760293de571be4b82ccce45e7ec43c4bef7f0ffed8b8 1640702813325 1640702814140 815
6127be9e68e3770b8e6f9cf4ee54509734df50a8d499ebcbf38abd9630796be3 1640702905643 1640702906357 714
8548efb5a3c6395cbd89bd6604f704a14fa4e3935d1ece8811c4ae02e25f5174 1640702998304 1640702998934 630
0902228662b8723c18c648511d32eac3bd0f1ca13db463aec5c9f1636929db5f 1640703092252 1640703093009 757
7a6e2dd1a1130ce7ce9fb4c5ce763772ea6523e76713a452c5663a90048054b6 1640703184613 1640703185322 709
fd4d06fd114fad349b83d851e7f9213e83f5ed6a89f52b58bd67735f8214c7aa 1640703277961 1640703278678 717
9ae3f13356b9424e3e06c70f15950468b90ca2b95cbab872393507c58e8fe847 1640703371079 1640703372615 1536
2969ab16a1c6834a07425631fc7fec85e7c0d406adb24130d0e294b6ec740e5a 1640703464365 1640703465061 696
fbbf4007253d4cf494b797ba3f6c4f9b8e0c9c4ce976e0248c3755686ba6245f 1640703557631 1640703558532 901
e890cfcd93346d73f3c7cae264677cf782bbee0fb74bac04fb400ada6a4cab45 1640703651560 1640703652300 740
