ece3a778e722a5196467f8353a9910693bbc7a002ee2d0167b185b0eef3c47c3 1640701881430 1640701884097 2667
c034b2c60ea6cf4a906500add12055d230a322a5e926a428ec1e56feb5ae6836 1640701974817 1640701978821 4004
1cc469430717464e73e98e63be6ce346a761f656eb24c3c490c8dfa416f8ffe1 1640702067823 1640702069871 2048
45a6b4ce64392775f26a7f40240f7f2db43935e2cc4ae5a1c3e78fdfeee6ee4c 1640702161053 1640702163256 2203
6bb87d40a1799d5aa0227fcc0b0e2e09a743ded8bc5e4ede0dbac7daec039d52 1640702252988 1640702255426 2438
602b700932f639a7c7553d6e12f1146c786ffd94dce59237a9791cb01fd03f6c 1640702346512 1640702349302 2790
360769acfb85510695b270c5924f2dc671dd487d3bae85d6d88c43b9fcc4e79a 1640702440253 1640702442735 2482
23102a2065c64664783aaf6fb3da584df620cd8622a9826a11e020e4cdf70dbc 1640702533330 1640702535569 2239
48476fbb6165547229ff87147004718b3ea5345866de839a4f17890b5cd40486 1640702626763 1640702629337 2574
a7ee1ad04e245c7808bd7389514f7e70b919d23913ea538d15e88121742ea325 1640702719800 1640702721066 1266
282c8459579118afb73cd51d3d2ebb226d260d153c673398a39bdab47851ba43 1640702813341 1640702815142 1801
4723b39b0b252961bd94e278db91a2b9dbb2cc05aaffb6b04cd45813856f8c4f 1640702905660 1640702907392 1732
c3106c72239069f78cf69a8514e492ad366b82ce54c3140e622513b3b9e0db46 1640702998321 1640702999742 1421
80f0a586e4d4305f524c0d5ff301adc826f13bef3af8400e2789fb0e8f790746 1640703092270 1640703094851 2581
0aa05e3cad707644db70c7eba30ce517aed498d27c57ca6a71b4c460621e28ab 1640703184628 1640703186581 1953
71e30ffa5e48508b0cab59dbdf0a01b16f6b5267261cccbc93468e91d8cfbf5c 1640703277982 1640703281727 3745
a0a8af8533dcafe1953d6adf70640479690f1fa0f95b1783f07b6e93e6c056a7 1640703371097 1640703373161 2064
12a120e9e7146c08127039674a21d713447feacc9c7d5f467b4b70c81a36c930 1640703464384 1640703467767 3383
42d140469807997193b17b67167b51e4f484735b457fb19bcfed985cf6143b16 1640703557650 1640703561030 3380
965cd8f70db8c0d1a65cb3dfcf50e1aba44dc1d54188cf988bb1d6ff1a799799 1640703651578 1640703654752 3174
