f040998a4938a4e0be8709f4914ed2dc5b70a03596e3ed13fe10045de5016803 1640701881478 1640701886882 5404
0867652fd2f5292e567aa515603f7e6d334d1aacfffcba06cadd858e5cd9e726 1640701974870 1640701980010 5140
7b325ce90259980ccd05b829993bd6534061a8d28f09686802d6d8ae04580c5f 1640702067872 1640702072925 5053
97ac8f1666683f671320b40455fd0c473698086bf033aea845b8bd485814e4e8 1640702161103 1640702165583 4480
e1c25f29f32517d163754a4a02313b536cb2bf714899fe8aadaaada20acff14a 1640702253032 1640702258358 5326
0c3c2df45ff38989407e98935f5cc3b491787891573927a42fd6922862032592 1640702346562 1640702351300 4738
3af246013993f443de1fe1cd24187a7dc21ca237684bcc9c3a45648c6b692a6a 1640702440302 1640702444731 4429
e70f2d3911ec4fe7c2855220f8feb67a9a217701b83071f46ba493d686234075 1640702533381 1640702538681 5300
cdc18439391f26855d9ba16c978e1dc0fc4c6f976138e64a3595b4e975970e59 1640702626815 1640702631376 4561
7a6d8e2edb38572a07318433dd65e6c13e84cb57a97e857f3aea69cd03d43c1e 1640702719853 1640702725166 5313
292bdc450298e1ea16398838e5592c56253123acbcdfcb433f03f920c50b171c 1640702813405 1640702817437 4032
b1d7776619d00994945844299c8046d59ededdcf62857d6ae9049560362f20e0 1640702905715 1640702910741 5026
b48fbf1a3319b3c4304b5222fa0d996ab9561b5aea9ae46f22c791e7a6820bdc 1640702998382 1640703003272 4890
ac9e25a1eb1619a6c52b778f6a1f756f313e69a6e6f9ef9f428da4663490187e 1640703092332 1640703097019 4687
f4f7ff0d2290d00a9717f50045e5b9674d609b8bd26acebbba473a78842fd886 1640703184691 1640703189798 5107
a7af8d073a0d953e6a8c7af88e22d90d4e8135c8620c4a4d9dab20028ef31510 1640703278045 1640703282729 4684
8f0f2dd1b4c503bb8903cb069db7a8f4378eadce2d390ac32eb3a5199525070a 1640703371169 1640703376304 5135
add374179cc35ee6c421b79016dd72da0694e926a3d33aa0a4cb47089a78e45a 1640703464444 1640703468340 3896
8a67ebba39ab3696c7c0e544e2844439af63533f40baf0a69b1c35f5578c5238 1640703557711 1640703562843 5132
7413a8ec38e9b7997e50379ac41ec2486e0f083b884550bd221cac0952037aca 1640703651644 1640703656792 5148
