0c2fc6e458b6c3a4993b322dd1a2f136fd1170f845360b7e6671955c00829e2d 1640701881429 1640701883977 2548
b6a8739986c7ecc400f4959d66776d49247803cbf503f0993bd0ebe44b3a9b48 1640701974813 1640701977402 2589
3a6f4ac6c5026685c08db08a7e290e1ef86911ac723b36669b2427c07d7e6ab5 1640702067820 1640702068373 553
8487eb458b4ac4b391756efeb2cc807ec5f893f6ce2056c75b756c2f18e58d57 1640702161052 1640702162912 1860
000a9debf7d238f589d68a6b7ff40de25c09f829218d85415a2c247966b24594 1640702252989 1640702253900 911
3408c90d6aaf3785d13016b1d97d6937a19f54b03e9378743c9d1d6a9685b125 1640702346509 1640702348284 1775
de3548b547c0c797d88f12c81f420f2cf6a369c8fc05996ce2ea8be446f54533 1640702440251 1640702442937 2686
48012b7261027f1a6f5d734b899cd9abb2dd8575a6a7fe045727e467cd223f88 1640702533327 1640702535417 2090
e4c1b3ab0f330814a49c25eb4297191346ddba4b7b706065162507410b815230 1640702626757 1640702628716 1959
6ba3bc3859ecbfff3417d9098797c058677400feaaf5260e6bdfa8e27470f435 1640702719796 1640702721883 2087
2c3de9bc13b522d27e206f486dd9f09729140be45aa279a7e6e8b8dc95b01014 1640702813338 1640702815223 1885
28ca35b710709c5617bb6e4fc515107c3c494fd54e7c23193c59fff73279c417 1640702905657 1640702907361 1704
000e97f2b4551d68da6a34639bd04339333cc1cd024651265597acef19b2f4d9 1640702998317 1640703001003 2686
b27257e1ec70da6afd4f6c22052a885ffb4206054af9cc9603ac21ea776c10fd 1640703092266 1640703094579 2313
4114d1a54875b6b290a3710881e5489af6d9696c4f45d04777279b250f863a41 1640703184626 1640703187266 2640
62d965d5552c21bde457716fa1c3dcb6837ab7256b7b0d615e17f3fa65f22882 1640703277978 1640703279964 1986
83e9af4229ced4c7a61ed0043880264717aeb96abaf62339cda2283aaf235362 1640703371094 1640703372857 1763
4330e3321df1fd8c616c6a9a264eda9f1913e102b420960b082859b21285fdbb 1640703464380 1640703467828 3448
104f074508aae91180c2e364bc949eeeb5fa914ad0167867cb7df924729c9b59 1640703557646 1640703560843 3197
2b800d3a68fe8d2baac10e24c5708f4e4d2c0bb452bae922e2dc1514f5c575a8 1640703651575 1640703654564 2989
