558a5e6cf2cdbc62a4a0d35f910fbc956ebb05f69b779ebdbd0c878c8f873c66 1652085791264 1652085792205 941
1ad248840f8d4436ef98d15e6020120c8aa6eb054b8782f56aa9d67161feb955 1652085806922 1652085807740 818
161253deb48c832b61578fdae3a5fb2dc3d20eb20d48a5e5f0ac6cb935ecacd9 1652085822430 1652085823396 966
ee34829dcb85bec7c80963de50be545a7dd27511298cc1ebe0d7790c1df3332b 1652085837999 1652085838986 987
e528f7d188a2ff6cfda2b39d2f0211487f2e2ca320ebd121bc90a3efaad71b4c 1652085853214 1652085854030 816
93beb690d579499e810dbc7b5986d28732a1536b470f2e9ed1df84386695054d 1652085868332 1652085869353 1021
e958655f3fdc2ff9a701656063ef7416d8e1ecd3fce37e2aadef6f3dcb26320b 1652085883401 1652085884420 1019
26c6ac0a30421a8d974611ced3876616ce40e1ab85b6a49d636964dd8e5c271b 1652085898699 1652085899630 931
f8ccb6c5bf5ccaa972c7a02a23beee9a6a9a7b9668650df142f7f502c66d9bc0 1652085913800 1652085914672 872
cd72433fce8477488925f60764f903971b95de357b77e37350b7e11ffda57c86 1652085928739 1652085929578 839
