767dd2696913ea95ede95c42ef06b47860981a59203bd6eca994bbd7a3b12020 1652085791239 1652085792142 903
ec658e9e4dc1cef4d14c4fa5be3535d7aff8d1674d83f816cc064fc7d4367615 1652085806894 1652085807795 901
1c16d960a6a376ac2a5959d18123b685f814c411407c1408a89e230088c3909f 1652085822402 1652085823271 869
7718b683e7f3eeedc1cc79f3834b3ba4304191c44f41a572668086f6179698e6 1652085837970 1652085838999 1029
bb6d690ceaad69d15ccbe89c06c6aa7685dc07904b650d4392cbd7cde2d6b51a 1652085853185 1652085854211 1026
86db4f436a6be0640c1b32c798f75576ab5073d953e7583ab6059db09cbe88af 1652085868305 1652085869348 1043
431aadcea92bd42f73596e26e6f043489d171998b7773ccc90ff9d80f2ad99c4 1652085883373 1652085883996 623
544fd6cf0be8869c569915e159bed3562a28c84cbfaee7adb2a6ba9f31266c42 1652085898670 1652085899712 1042
3f41964c90fdbafdff1fb1a2a05eb57b4389badda63fe7ecedcd88f8d0d5a2f5 1652085913768 1652085914777 1009
c5c45d31b7cb8378d4d40c0ddeeaaae47caef3c01ebb555c5506f13423885a49 1652085928708 1652085929571 863
