8357e414d000a00d9ffa1310c4ea65b0cda00fcb89dc8e3084047352cf76d393 1652085791239 1652085792267 1028
b10fd09c53a00f3d139075068832c3a3a74aef110af254b5de74d6180f3a8c2b 1652085806894 1652085807803 909
0e8d4220bb88e3f75225f0a16cfb9db98dce20d7758704023b2c788ba919810c 1652085822403 1652085823365 962
67ba8d8ab3e6f944f740f266b7a636cc2b87379cb868175bb05f8b503f64920c 1652085837971 1652085838822 851
b181e1ffe182efe3f5ebc64c3df993ef9a021a8eb7acf7fa534bbed355f81cf0 1652085853186 1652085854234 1048
75ad5e0fa76971cab8372255f79b8c07633fff07078221557b805eed946f4dd9 1652085868305 1652085869252 947
a18190a3d2d3152fbcf42bc5a30e5cca169d9794f417efc69ad6eef0942fff3e 1652085883373 1652085884003 630
79ec7fe244cd8d3385ea3ace4e4f5738594ec5b747059cf928c471ec1e9553a5 1652085898670 1652085899721 1051
07dee54ac8bbee140b1551ad446f2023e31aa941a356f5216d1b1acb0af0d567 1652085913769 1652085914774 1005
d53d7ba35bbee8b671272883f38c7ad6e0297abd87c50e947e1d6ae7ed2bbff7 1652085928708 1652085929763 1055
