a297560f5ac00f65479a43c36a15cca027738fddcaf410d543407e0ae65d81d6 1652085791263 1652085792332 1069
86a93f1784a8663a640c554b8a956e50385a8ac87e9a5eaa05898cb03002d18b 1652085806929 1652085807813 884
daa1801cc38cea49f1ebeb1ec65911a35336a068eb855f42e2cb037d92f65c69 1652085822434 1652085823331 897
b6f2616d09d1dd5750666dbb17e2341d64fa94e3f4772016a324007f1e8eda9b 1652085837999 1652085838831 832
7fe0b79097c50b842a90c5525102411bea60fd286ce3bf840551c67eb16ebdfd 1652085853218 1652085854059 841
2a5667414d1aca8dad64876cb1b05367bca2591c903de4b58c6501bd1da260a6 1652085868340 1652085869345 1005
a170bee2fe9af45b618e4ea13e97a13106917e590b2de76d894e19af25c8d305 1652085883404 1652085884435 1031
820ef30b1c41dfcd95bbc4263256dc8457559991b351add2aa76cc11411f6eea 1652085898701 1652085899552 851
8afd5b3d4a6d30016b9086b758558b8fe5bb5d39896d48628bdd1b296815114a 1652085913804 1652085914674 870
5b3d8c107c60fd68e73cab38d40bdf87e0812fa9dd12f39f8bd66bbbefe1aec2 1652085928742 1652085929734 992
