b8cf8b334b8a920f28b82b6cea2430f179b103084f40bf9eb07e68f45d53f4a8 1652085791272 1652085792102 830
798550fa3c5342b386e07298cb2fa93451af05123c7b699870f3c4b2d933a6fd 1652085806927 1652085807947 1020
ca3d80ba30c2c620fec52cbaa630730fc3a27280fed840d83a7e88491a989b26 1652085822433 1652085823326 893
ae40d5956c96a594748c38b0720c3e7304b189c97dd1b584a39ea61af39fab10 1652085838001 1652085838950 949
1bb868aacf7ceb20546387b1c782079b401c755a73244225e39d5a8b4f31e8c8 1652085853221 1652085854244 1023
7dbaaad870484d62adda6f3e3e5619321357ee092ea9583097eddf9f18e4dca2 1652085868337 1652085869350 1013
3d836ef01a199eb34f898a243912198e5296d66182b9d60669469e85300a46ca 1652085883405 1652085884431 1026
237516dcd3918f251b895881bb7dc32183ec310431d39ca6f26c447ed93e66b7 1652085898704 1652085899521 817
e00f02bb7b6e78377fbc7a41a5540c89178111af991d1a0dbfd26177be7963dd 1652085913805 1652085914703 898
7e65b5bccdeaaa6059fea0618f4eb14c4f763a54d775626ccd9a59281d2ac49b 1652085928741 1652085929725 984
