221300b4215afd2fe1fd793f964864cd4dab6265b2ae0bb804186b52b541b26d 1652085791250 1652085792156 906
d7fb084c1cfd05bb7888eccd6953f7918c237e33b214c4f679b71c1ef5259292 1652085806906 1652085807759 853
bc940efa189bc919c7f844e808f33ac01b138b1e4d95e9529db2f8caed40abfa 1652085822418 1652085823395 977
5f1b78f082389beb2fc5765fc351ceea8e3500fb7f68da205138fc5dc6af9f8b 1652085837985 1652085838864 879
e0011963c5d413204f262ff1f9ef9488e00f9bd66b10d470b9185abeb4df0377 1652085853204 1652085854207 1003
d475284b1a4d50b3ff73b2e24fbf2012d05da28428717339bfddfd16bf73348c 1652085868320 1652085869311 991
03535fb09973a8f3100eed32fcb4eb1eb951390a2b9134775b57905b9c240ac1 1652085883386 1652085884452 1066
6fc069d3f7ecc80b77c774b2ace7975fa84c5c0748e1b0145446935b56c4d34d 1652085898686 1652085899467 781
60983535ff1be87c4e187a789b1925d8194e9dc9cf5e2cebd038f603b6fe32d8 1652085913785 1652085914782 997
eb95ec2d0334739c081fc34e0ca589e8bb1b0c9e46e5eb56b3ad6c938ecb3775 1652085928724 1652085929748 1024
