00f0ff28ab11177ce3993d0fa3e75bea7c813fbb85c9cd50ce0e62169953134b 1652085791258 1652085792246 988
024eb66644d4a0a5ef2526dba872eea867cf07024d34b8c54c916bb728cbc69d 1652085806914 1652085807957 1043
131c5b33a693d78c97e97ed6373850df4859e139d2d50bb47cc22cbf3e473597 1652085822425 1652085823287 862
32802d1cd2d56f638eba4a4764b7963419b3d18d97f939bbff952eae2113c396 1652085837991 1652085838847 856
4610ef9b7d1c51e71ab560d677f40aaf6cc9934bf094c7bcb2ef3ee0d6e2a6dc 1652085853208 1652085854189 981
d657f1c8f27fd633717ff9ebcdfce67e7e2502d3f1aa5f4357f0db6b2b4e99cc 1652085868325 1652085869343 1018
22fa97722b58f647edeb7b60fba0ce5b34c31fdbc4274d31989d35c208f9dfd3 1652085883395 1652085884445 1050
5ddaffa70af34eb576d238e363bf0d9f0d166cee55aca6eb7bc292fbee64909e 1652085898692 1652085899631 939
08df65a42ef7b621a3fb44c2c9e1207d8b0cdb3b6dbe65cdb161bca0339b7551 1652085913796 1652085914635 839
4ce2c3804db20a90e582184d8f9cd8a65a517ee04269a861d739547e5bf15052 1652085928732 1652085929578 846
