5a6c3a6d1c3aa1ca1c6e3d92ce18a84f12c49f067eab6df8daa397d822abb22d 1652085791277 1652085792256 979
d31d7006d13556879b1ef952d596835048fbcb23b36cfdcb82fececca2a4b15f 1652085806938 1652085807930 992
636e4512e5ee465507b7027fe398c5212c32dd2b3faeb1c8ccadf3acd7951de0 1652085822439 1652085823419 980
7749ef3594433a32de4fe72c6956f6c2fa1da0dda6bb162c7ea8a14980e00a36 1652085838011 1652085838993 982
d9f4111b8c558d42ea3fa3abbe644084c7c8ee51f866af8a1d8fc7b7e5cc8cfb 1652085853229 1652085854077 848
ee082116692bd8d33b9414bc03826fb635cd9c0c7753cad2cb83afab848cf090 1652085868349 1652085869327 978
33dc31661426c0309dfb7e4fc6b6b2890624ebfbe5f5e42f470ea0aaed3218c7 1652085883413 1652085884410 997
1ab55cca0f1bc0694718a9b5e71c31ea9062601eb356d4dcc6d5a35a042bfc47 1652085898708 1652085899664 956
31fad818081679193c1e0fbc0a4cc94fa1dccb771e593a8be239ba89c205547a 1652085913815 1652085914735 920
0e2a6e1ec6f717426ff2f73cad67b3e3d87a8a9c6a7ec30920a1b8332d6fa9c8 1652085928749 1652085929753 1004
