75f5bd250e88c476edb9c56607fddaaec78e85cb32b9158d4d05008a8aaa5dff 1652085791253 1652085792201 948
4206d9f3b0e1a40320681e04a0f728173a2f78e502eb8bdf2d87bb6cafcc1bdc 1652085806907 1652085807951 1044
2c7da3f0ec6176a72ad746bc10bddcc3ad9fdb521774d63b1a7a5410fe0f5c42 1652085822419 1652085823390 971
cb21396e2696a6bb7a110687509bb13cd207ff96d026575b125418a7526682cb 1652085837985 1652085838990 1005
c083d2326d730e1982cc5e27d89d98e21fa7bfb6c2269eac1788afd811c322db 1652085853202 1652085854248 1046
4c24cbb55cea614bcc3cf2e4dda37b49fc10ed11ab2577c1e2981e7f56d48ce6 1652085868320 1652085869214 894
102c133a0e7bf9a0537a9581784278d810e145911cbdbbd4b8a447d1575f9087 1652085883390 1652085884294 904
bbb91d06c98ee7fbadbf6227593a11823baf24c54dcdb6638e098e7fb739da35 1652085898688 1652085899627 939
0d001b7dc88fe1a83c97c1b18e3af607d518a78dfa1a6bc922a58caa326b9723 1652085913788 1652085914784 996
0a153297299d1965a58b28104621ca95c64b2dc38133e0045116ba6b9ecc4076 1652085928725 1652085929735 1010
