ec14522d0c2fdfa274c9803a80702a46746807fb34b6e7aa0f15f67be991727d 1652085791278 1652085792248 970
c828a59840e3477491e2d0d6d6127aacbe7422a91a8b5b7791f39d1e54f8d67d 1652085806933 1652085807799 866
8da68cce15876f1d65a826b21084bcf5747abacc6bd8d7d3a8ad94f062a9faca 1652085822440 1652085823398 958
5a77e7eaddee5890f7bbd39130a004efb85504d1e2dc464ac1470526b4513f16 1652085838011 1652085838942 931
8ec561b12f5ced69b0a245366fc0b6d84c9afb47d0e86a67182f8968fcc1e884 1652085853228 1652085854211 983
44f4965793ace8b6d7c8701d00be46bab9e96b6ef6b34f166871002ef1e87e03 1652085868347 1652085869348 1001
07b11c32b6d330a495a3f7e95104f129c90b92c0091890882f23d8ec8738c548 1652085883410 1652085884262 852
6d4479a7d2d08b15a03ec8d063ca75531ec705585f08cabf701208dc86e03473 1652085898710 1652085899587 877
7752f4be355a8f34beaf9148eadd1d8a5c172f49dcc2dda9b52f4d67d782fdaa 1652085913814 1652085914660 846
cd710f3cf846d94c76603d3ac51690ee8b67b19dee09913a811a71cc9dcac277 1652085928749 1652085929735 986
