f94110a822d25bc8081c26153736134587d8b876368dd0c1017eae44942b2c6e 1652085791244 1652085792263 1019
053211ecb41c4f0e266ff03f173d36750a1f4e60e3567a15462a642b991f95fb 1652085806898 1652085807678 780
3dd82fda2c195d528130cdfa3c84bc01c1b0b526b56f56a2dde58e220b952fd9 1652085822409 1652085823392 983
6ca666263514ac3548d72c934ea4bbfb0d5b4a17079582ce95c410f216df1d5c 1652085837977 1652085838896 919
fb086272f2de5b138adfbbd98e0fcd9b7ee70da5fbb7fd55d6821cdba44b0a9e 1652085853191 1652085854065 874
a13c85091f0d3adfafaff01c310ce5e4212e4588f57ade1464d81cde06446560 1652085868311 1652085869352 1041
bb9d9b2cab163d7d47e25414154259fe8dbed1bf768aae96c556f0f653b9af94 1652085883378 1652085884266 888
e0a29e9089ec4a444b9417e598e03ddeb4f42ef06717e7e980b3310e35ac2273 1652085898678 1652085899683 1005
962b16677a8dde0f4b0052a2aeb1909338cd47697b14ac5bf4bbcc23f89cdc51 1652085913775 1652085914724 949
499060bef7449d9fd06cc89b83794273e1fdef029a9d430da2f59246029253d1 1652085928714 1652085929670 956
