fd838ef3b0850621e07b741ddde9bcc81ea47f475ee45981981c179307071c0b 1652085791257 1652085792349 1092
af4e2016873ab367edc689560a0e41b12258b4ad8bb00af1e204090848fe0c82 1652085806913 1652085807948 1035
73848d12fda5b5a87a65c38a32048597eea1fd1e5081da4d47f840545c752475 1652085822425 1652085823285 860
5ef42d0a9c81e27f06d2661565b8ff51fe6969888a9255eb5c5652d740b230d9 1652085837991 1652085838878 887
b91f1d757a87b5b05cfdbc7b63fdfbcb90ee615b95a4d732cc9a54d97caf8e18 1652085853208 1652085854171 963
b9060b586f7d0d4c46027ca26c5bcde55262c138c20678b9e1b59f8c5e2cb0af 1652085868328 1652085869251 923
455cde10f3804996f15834bed58b5e1278353b03ce88a6ad9d585739bba53ffc 1652085883394 1652085884430 1036
f235779f1fa2f345e37df88785c291780d4e2cc8111b87ebf4fe1732787dde6b 1652085898692 1652085899730 1038
3f6f605a8fc3009be3d6eb4f90adcb16dc80b0a70a6f581c131d31556afc058f 1652085913795 1652085914745 950
732672d2427b84c3b9ae1096d4d64d260b8c81a0d59c4994e6d1ed708e3a9bbe 1652085928731 1652085929591 860
