Name                          USS      PSS      RSS      VSS 
rund-f9ba0b72               11100    11197    59404  2080972 
rund-3c2c3de1               11140    11235    59476  1945740 
rund-d05df0d2               11140    11237    59568  1945740 
rund-43084ff6               11308    11403    59648  2080940 
rund-58a1aa65               11316    11408    59244  2080940 
rund-186b2e55               11388    11483    59384  2080940 
rund-3728bf28               11412    11508    59772  2080940 
rund-aed24749               11436    11531    59680  1945740 
rund-f43502b8               11528    11625    59944  1945740 
rund-cdfda5d3               11548    11643    59636  2080940 
rund-e468330a               11548    11643    59956  2080940 
rund-0875287d               11672    11769    59992  1945740 
rund-9d1374e9               12512    12608    61024  2080940 
rund-c0720e75               12884    12983    61400  2080940 
rund-a16c9661               13048    13142    61172  2080940 
rund-611f1dd1               13048    13143    61300  1945740 
rund-1ea8d211               13064    13159    61456  2080972 
rund-074c1e56               13064    13161    61264  1945740 
rund-922120fe               13072    13168    61524  2080940 
rund-8b0ef525               13080    13174    61152  2080940 
rund-2b6a640c               13080    13176    61452  1945740 
rund-b73eb46e               13096    13190    61260  2080940 
rund-97ad5ab3               13096    13192    61344  1945740 
rund-51da1a50               13104    13199    61268  1945740 
rund-5a9fcca8               13108    13201    61188  2080940 
rund-76aa1e48               13112    13208    61536  1945740 
rund-ee4b3914               13120    13214    61224  2080940 
rund-838f2b37               13120    13215    61180  1945740 
rund-98b7a663               13124    13219    61476  1945740 
rund-2c8cecfb               13132    13226    61368  1945740 
rund-3fecf662               13132    13227    61384  2080940 
rund-10d1c275               13136    13230    60904  2080940 
rund-4668f429               13136    13230    61204  1945740 
rund-873bd56c               13132    13230    61228  2080936 
rund-1030b729               13140    13234    61328  2080940 
rund-61eeeb9a               13140    13236    61572  2080940 
rund-c4193f6d               13144    13238    61416  2080940 
rund-e52ab832               13156    13252    61468  1945740 
rund-f64ca5cf               13160    13254    61388  2080940 
rund-a1578a7f               13156    13255    61592  1945740 
rund-7bc13b46               13156    13256    61504  2080940 
rund-9fabdf81               13164    13257    61232  2080940 
rund-deef8a9f               13168    13262    61260  1945740 
rund-80285d6c               13172    13264    61284  2080940 
rund-ac65496b               13168    13264    61544  1945740 
rund-6ecaba52               13172    13267    61612  2080940 
rund-8a9deb6f               13180    13276    61600  2080940 
rund-0da95e38               13184    13277    61428  1945740 
rund-5a1a0fc3               13188    13284    61708  1945740 
rund-1b25770d               13192    13288    61456  1945740 
rund-68d0e6ad               13196    13292    61704  1945740 
rund-e96ce72f               13196    13293    61480  2080940 
rund-6534c77a               13200    13296    61576  1945740 
rund-d4cade76               13204    13298    61216  1945740 
rund-20e5821e               13204    13299    61332  2080940 
rund-b86594a4               13204    13300    61460  1945740 
rund-319590cc               13216    13311    61404  2080940 
rund-de387007               13216    13311    61704  2080940 
rund-0b9e748e               13216    13312    61536  2080940 
rund-44de576c               13220    13315    61716  2080940 
rund-5703763e               13228    13322    61440  2080940 
rund-63d13659               13232    13325    61396  1945740 
rund-41ba1520               13256    13353    61740  1945740 
rund-e2e3b2b7               13260    13354    61384  2080940 
rund-f24c616e               13276    13371    61768  1945740 
rund-29d06e08               13304    13397    61444  1945740 
rund-c2e4fa61               13312    13407    61628  2080940 
rund-5d912997               13328    13423    61632  2080940 
rund-e48ccfc3               13344    13438    61528  1945740 
rund-b7954067               13356    13450    61456  1945740 
rund-33effcd9               13360    13455    61772  1945740 
rund-76f288d8               13364    13458    61592  2080940 
rund-8db04b83               13364    13459    61584  1945772 
rund-7e8932ce               13368    13463    61740  2080940 
rund-de4ec9ba               13376    13473    61688  1945740 
rund-f0e8f8f6               13380    13474    61472  2080940 
rund-b212f981               13380    13475    61752  2080940 
rund-ab156473               13392    13487    61872  1945740 
rund-b38852bd               13392    13487    61596  2080940 
rund-ae3c1a7d               13392    13488    61688  1945740 
rund-1518c41c               13400    13493    61592  1945740 
rund-21edde0b               13400    13497    61780  2080940 
rund-717ea10e               13412    13509    61812  1945740 
rund-1068c628               13416    13512    61928  2080940 
rund-244b0b87               13432    13527    61852  1945740 
rund-5fd68807               13456    13552    61796  2080940 
rund-abf9db90               13476    13571    61812  1945740 
rund-1d0a4cec               13484    13578    61636  2080940 
rund-d5f7cf41               13484    13578    61688  2080940 
rund-1c6c1251               13492    13586    61764  2080940 
rund-d938b414               13488    13586    62044  1945740 
rund-50a53a1d               13500    13593    61584  1945740 
rund-e0726320               13500    13596    61988  1945740 
rund-7ee894eb               13504    13600    61648  2080940 
rund-b84c9aae               13508    13604    61856  1945740 
rund-0e58c283               13528    13624    61872  1945740 
rund-316edb8d               13532    13629    61960  2080940 
rund-70cb1c15               13540    13634    61696  2080940 
rund-78f35bcf               13540    13636    61916  1945740 
rund-52a12651               13544    13638    61732  1945740 
rund-29a18097               13552    13645    61660  2080940 
rund-7cc72a67               13548    13646    61916  2080940 
rund-726c0604               13556    13650    61764  2080940 
rund-d2832342               13552    13650    61852  1945740 
rund-e8561de8               13556    13650    61600  1945740 
rund-5a85642b               13560    13656    61948  1945740 
rund-2dc80f05               13564    13658    61720  1945740 
rund-c2e5e21b               13596    13691    61876  1945740 
rund-6c2487a0               13600    13694    61552  1945740 
rund-9391314f               13604    13698    61776  2080940 
rund-9ded5430               13612    13709    61880  2080940 
rund-ebd526b7               13612    13709    61940  1945740 
rund-c6d6bc54               13620    13716    62088  2080936 
rund-5d0c2fae               13624    13718    61808  1945740 
rund-2e782d44               13628    13723    61952  1945740 
rund-7c422963               13632    13729    62032  1945740 
rund-0726458d               13636    13732    61912  2080940 
rund-a8f4f82b               13636    13733    62044  2080940 
rund-18c432bc               13640    13734    61764  2080940 
rund-2085f1f4               13672    13767    62108  1945740 
rund-7daf6172               13692    13785    61880  2080940 
rund-c875f6f7               13692    13787    61844  1945740 
rund-60033edd               13704    13798    61892  2080940 
rund-b0306e82               13820    13914    62172  2080952 
rund-03b2821a               13864    13960    62348  2080940 
rund-e3dc2fba               14064    14159    62364  2080940 
rund-de7d6165               14444    14538    62620  2080940 
rund-8d4ff3e3               14484    14578    62680  2080940 
rund-0c03313f               14492    14589    62780  2080940 
rund-e4b616c0               14808    14903    62988  2080940 
rund-7d665287               14972    15065    63148  2080940 
rund-5ca34216               15016    15111    63424  1945740 
rund-8d88b6e8               15016    15112    63464  1945740 
rund-12e7f086               15040    15139    63600  1945740 
rund-0bcd2597               15048    15141    63120  2080940 
rund-f51795fb               15048    15143    63044  2080940 
rund-ea46929f               15052    15149    63576  2080940 
rund-43a5bbcb               15068    15162    63236  1945740 
rund-fd95f27e               15068    15165    63428  1945740 
rund-f4b7457b               15076    15173    63616  1945740 
rund-87c211bb               15080    15176    63356  2080940 
rund-bb4b18ef               15084    15176    63072  1945740 
rund-e240de10               15092    15184    62880  2080940 
rund-dac25eb7               15092    15186    63196  2080940 
rund-0c5c2a06               15100    15196    63560  2080940 
rund-05220ae8               15108    15205    63476  1945740 
rund-4a665bc3               15124    15218    63220  1945740 
rund-b814702e               15124    15220    63280  2080940 
rund-66f9d4e3               15124    15221    63512  2080940 
rund-09a4bb1d               15132    15227    63416  2080940 
rund-a8c18f24               15132    15228    63528  1945740 
rund-4fa9220e               15152    15247    63428  2080940 
rund-3135b128               15156    15249    63240  2080940 
rund-561f8924               15156    15251    63544  1945740 
rund-e7302569               15156    15251    63412  1945740 
rund-7614ffc4               15156    15252    63084  1945740 
rund-32965e68               15160    15254    63348  2080940 
rund-2e88a564               15164    15259    63176  2080940 
rund-3b17a4f0               15164    15259    63360  2080940 
rund-3c1d7f66               15172    15265    63320  2080940 
rund-63541b9b               15172    15266    63400  1945740 
rund-660f9442               15172    15268    63460  1945740 
rund-45979d20               15176    15269    63368  2080940 
rund-af8563af               15176    15271    63456  2080940 
rund-a59ea031               15176    15273    63560  1945740 
rund-0a590230               15176    15274    63532  2080940 
rund-8af5a20d               15180    15274    63480  1945740 
rund-7d4e83d8               15184    15280    63488  1945740 
rund-2c3a0338               15188    15281    63324  1945740 
rund-a76ee7bd               15188    15282    63100  1945740 
rund-4e7befc6               15192    15286    63436  1945740 
rund-fd3e4cb2               15196    15289    63368  1945740 
rund-50a3125b               15196    15293    63596  1945740 
rund-5335e455               15200    15294    63460  2080940 
rund-d91d2f03               15200    15295    63532  1945740 
rund-94329c1b               15204    15300    63604  2080940 
rund-a7bf4cc3               15208    15302    63444  1945740 
rund-47b444c7               15212    15306    63472  1945740 
rund-c2f912ea               15212    15307    63628  2080940 
rund-dcd2ab46               15212    15307    63432  2080940 
rund-1669a495               15216    15309    63272  1945740 
rund-9fd27934               15216    15310    63428  1945740 
rund-761c23c0               15216    15312    63548  1945740 
rund-684b41e9               15216    15314    63448  1945740 
rund-639dcf19               15224    15317    63412  1945740 
rund-25a5f722               15228    15324    63248  2080940 
rund-389d32d4               15228    15324    63572  1945740 
rund-ae2737c3               15232    15325    63532  1945740 
rund-6681c4f8               15232    15328    63592  2080940 
rund-262cb83b               15236    15331    63696  2080940 
rund-509eac94               15240    15336    63644  1945740 
rund-8e8ff84a               15240    15337    63580  2080940 
rund-c9df84c7               15244    15338    63356  1945740 
rund-586dfe35               15244    15339    63572  1945740 
rund-387dba7b               15248    15342    63344  1945740 
rund-c15761ad               15248    15342    63252  1945740 
rund-f607be49               15252    15345    63336  2080940 
rund-4c0e4298               15256    15353    63684  1945740 
rund-9251979d               15268    15361    63416  1945740 
rund-d34c3d01               15268    15364    63560  1945736 
rund-2fbf679b               15276    15370    63488  1945740 
rund-dbf31e07               15276    15370    63440  2080940 
rund-cfb6470e               15276    15372    63584  2080940 
rund-383c47a0               15280    15377    63676  1945740 
rund-4dba17b1               15280    15377    63704  1945740 
rund-8edd7a9e               15288    15382    63560  2080940 
rund-a2bfd129               15288    15382    63560  1945740 
rund-6ac5dc91               15296    15391    63556  1945740 
rund-70871ae8               15296    15393    63656  1945740 
rund-b559463a               15304    15400    63876  1945740 
rund-69694a8d               15308    15405    63792  2080940 
rund-1e68aa7a               15328    15424    63620  2080940 
rund-04dad2dc               15336    15430    63352  1945740 
rund-2badf5e5               15340    15432    63120  1945740 
rund-a1348b48               15340    15436    63784  1945740 
rund-083de56a               15348    15442    63560  1945740 
rund-36dbd8ad               15352    15448    63644  1945740 
rund-3f7d1fb5               15356    15449    63396  1945740 
rund-8291f492               15356    15452    63776  2080940 
rund-3ea5e87c               15360    15455    63776  2080940 
rund-52605f73               15364    15459    63388  1945740 
rund-ddf78b2f               15388    15484    63740  1945740 
rund-c8557935               15396    15490    63704  1945740 
rund-1d1960f7               15408    15503    63692  1945740 
rund-9fd30f4d               15416    15509    63528  2080940 
rund-60e9913b               15420    15516    63876  2080940 
rund-2d0a10e7               15428    15525    63552  2080940 
rund-b3135a1b               15432    15528    63664  1945740 
rund-733c0388               15440    15534    63808  1945740 
rund-a5f0ed32               15444    15541    63760  1945740 
rund-f348b93f               15448    15542    63640  1945740 
rund-979f3e4e               15452    15548    63816  2080940 
rund-3f97841d               15468    15564    63764  2080940 
rund-77ff4e48               15472    15565    63604  1945740 
rund-d37080c3               15472    15565    63644  1945740 
rund-73dbc346               15472    15567    63980  2080940 
rund-8acefe20               15492    15585    63624  2080940 
rund-2e15251f               15492    15586    63856  1945740 
rund-54969691               15492    15588    63740  1945740 
rund-d2cdbf17               15120    15592    62952  2080940 
rund-91fde9d0               15504    15601    63768  1945740 
rund-dc8d3284               15508    15602    63696  2080940 
rund-091c3748               15508    15603    63852  2080940 
rund-1a55d2d2               15520    15616    63888  1945740 
rund-b427917a               15524    15619    63972  1945740 
rund-7f4156b1               15528    15621    63816  1945740 
rund-c5442f4c               15528    15622    63712  1945740 
rund-a9a082bf               15528    15624    63968  1945740 
rund-458b6c93               15532    15627    63864  1945740 
rund-baac4895               15536    15632    63884  2080940 
rund-f1706237               15540    15635    63652  2080940 
rund-0d94c1a7               15540    15636    63896  2080940 
rund-43623c68               15544    15641    63860  1945740 
rund-b0a87051               15548    15642    63576  1945740 
rund-2e6d3cbb               15552    15644    63556  1945740 
rund-e5e69dc1               15556    15649    63640  1945740 
rund-4a4cfca7               15556    15650    63596  2080940 
rund-799830ee               15560    15655    63836  2080940 
rund-204cb998               15560    15656    63860  1945740 
rund-e0c51695               15568    15662    63704  1945740 
rund-06483c07               15568    15663    63916  1945740 
rund-b8324454               15568    15663    63732  1945740 
rund-fdc19078               15568    15663    63964  1945740 
rund-79684829               15572    15665    63856  1945740 
rund-2ec57605               15572    15668    63836  1945740 
rund-6a628665               15572    15669    63968  1945740 
rund-a5996c44               15572    15669    63836  1945740 
rund-05a25061               15576    15671    63900  2080940 
rund-307a483b               15576    15671    63936  2080940 
rund-1b79c9c5               15584    15678    63712  2080940 
rund-0ab6e52f               15592    15687    64064  1945740 
rund-41c93095               15596    15690    63816  1945740 
rund-d084eb41               15596    15691    63948  1945740 
rund-ae4fec6f               15600    15695    63984  1945740 
rund-ce033c3d               15600    15695    63808  1945740 
rund-63b95663               15620    15713    63832  1945736 
rund-c66dd49e               15616    15713    64160  1945740 
rund-7ff309d0               15620    15714    63728  2080940 
rund-46d8c57d               15620    15717    63872  1945740 
rund-0fd31af3               15620    15718    64060  1945740 
rund-f7a6219e               15624    15719    63972  1945740 
rund-3e1655a3               15624    15721    64084  2080940 
rund-00cf6cb5               15636    15731    63848  1945740 
rund-6956ab4f               15636    15731    64012  2080940 
rund-286f526c               15636    15732    64032  1945740 
rund-e9ffb82b               15640    15733    63844  2080940 
rund-71c5f4c7               15640    15734    63760  1945740 
rund-6441e843               15640    15735    64052  2080940 
rund-8301b2c6               15648    15743    63928  2080940 
rund-24973867               15648    15745    63988  2080940 
rund-0b781acf               15652    15749    63988  2080940 
rund-0edaa0dc               15656    15750    63804  1945740 
rund-43510836               15656    15752    63916  1945740 
rund-9c18897e               15660    15754    63988  2080940 
rund-568823e1               15664    15758    63700  1945740 
rund-71f90932               15668    15767    64152  2080940 
rund-f4275bff               15672    15767    64140  2080940 
rund-98bf9fa0               15672    15768    63960  2080940 
rund-29492d42               15684    15779    64008  1945740 
rund-14501adf               15700    15795    64072  2080940 
rund-4ad33fd9               15704    15799    63832  1945740 
rund-f4268d3c               15708    15802    63896  2080940 
rund-ef9d2683               15720    15814    64004  1945740 
rund-3451a046               15728    15825    64064  1945740 
rund-82dae4b9               15732    15826    63708  1945740 
rund-10dae57f               15740    15837    64184  1945740 
rund-6fa94b27               15740    15837    64168  2080940 
rund-59a4ae9f               15776    15871    64132  2080940 
rund-0b510558               15884    15979    64120  2080940 
rund-5de46a9c               15980    16076    64360  2080940 
rund-5e47c3e0               16024    16117    64140  2080940 
rund-e96ad2b9               16192    16287    64340  2080940 
rund-e4338c7c               16320    16415    64704  2080940 
rund-5231c8c6               16532    16627    64616  2080940 
rund-301fc586               16868    16964    65016  2080940 
rund-0bfd19c9               16888    16984    65220  2080940 
rund-dc276fc0               16892    16988    65032  1945740 
rund-139ebc01               16912    17008    65340  2080940 
rund-53f62f79               17080    17176    65256  1945740 
rund-8c018a6e               17088    17181    65264  1945740 
rund-c1b519e3               17104    17199    65440  1945740 
rund-c3b87f28               17104    17200    65548  1945740 
rund-56b474a0               17108    17201    65384  1945740 
rund-cf1461a9               17128    17225    65336  2080940 
rund-311f2018               17136    17229    65240  1945740 
rund-b18fec32               17144    17241    65524  1945740 
rund-5aa4260c               17152    17248    65200  1945740 
rund-3f99e993               17156    17249    65176  1945740 
rund-82986bdf               17152    17249    65668  1945740 
rund-5974ab7a               17156    17252    65484  2080940 
rund-52ba02e5               17160    17253    65280  1945740 
rund-57ba5188               17188    17283    65520  1945740 
rund-c875aecc               17192    17289    65484  1945740 
rund-464bd66b               17200    17294    65236  1945740 
rund-60b71ae0               17200    17298    65720  2080940 
rund-6b0f8907               17204    17298    65372  2080940 
rund-ac12eccc               17204    17298    65372  1945740 
rund-00b6ad2d               17208    17303    65292  2080940 
rund-3e80eae6               17212    17306    65460  1945740 
rund-bf90abd2               17212    17307    65520  2080940 
rund-3fc2efaa               17216    17311    65404  2080940 
rund-e3c4742f               17216    17313    65660  2080940 
rund-52fd182b               17224    17321    65620  1945740 
rund-0aabde7c               17228    17323    65508  1945740 
rund-aa9018fa               17236    17330    65400  1945740 
rund-e9b8f687               17236    17331    65644  2080940 
rund-e6934299               17236    17332    65680  1945740 
rund-631f4719               17240    17334    65592  1945740 
rund-0ff1b6f8               17256    17351    65536  1945740 
rund-c893a5af               17256    17352    65616  1945740 
rund-383be2f2               17260    17355    65652  1945740 
rund-e3af5cdb               17260    17355    65708  1945740 
rund-a8a8115e               17264    17360    65616  2080936 
rund-dbb27f0a               17272    17367    65572  1945740 
rund-17cb184b               17280    17375    65420  2080940 
rund-32816950               17276    17375    65740  2080940 
rund-f10f4141               17280    17376    65572  1945740 
rund-1d66fc04               17292    17385    65504  2080940 
rund-17c486d0               17296    17392    65652  2080940 
rund-720e968f               17304    17399    65516  1945740 
rund-d09996b9               17312    17408    65588  1945740 
rund-177ee144               17316    17412    65716  1945740 
rund-7ab82450               17328    17421    65552  2080940 
rund-ff73f48e               17328    17423    65768  2080940 
rund-3e413e46               17332    17428    65536  1945740 
rund-0da9dd5e               17336    17430    65516  1945740 
rund-f512a3c6               17340    17434    65592  1945740 
rund-d6753f31               17344    17437    65464  1945740 
rund-3a292afe               17348    17441    65392  2080940 
rund-03e670bd               17344    17448    65800  1945740 
rund-80635877               17372    17466    65484  1945740 
rund-482ee79d               17376    17473    65784  2080940 
rund-631c3496               17384    17480    65884  2080940 
rund-4edf27fa               17388    17484    65752  1945740 
rund-5c31d8ee               17400    17493    65384  2080940 
rund-0f5493d9               17400    17495    65688  1945740 
rund-7b8b5f02               17400    17495    65552  2080940 
rund-94c5cdc9               17412    17507    65620  2080940 
rund-68cc6734               17412    17510    65784  1945740 
rund-ed6d52d9               17420    17515    65744  1945740 
rund-8e57dc63               17424    17518    65556  1945740 
rund-e56ac740               17424    17519    65720  1945740 
rund-789f5ad4               17428    17522    65508  1945740 
rund-c13891fb               17460    17555    65656  2080940 
rund-b449d8b9               17476    17571    65684  2080940 
rund-1451e4af               17480    17576    66020  1945740 
rund-19a3ae9e               17492    17590    65844  1945740 
rund-fe58c842               17496    17592    65768  2080940 
rund-51c3a38e               17512    17610    65944  1945740 
rund-16cf23d3               17520    17615    65712  1945740 
rund-5ca4d619               17520    17615    65800  2080940 
rund-9d878a9d               17536    17633    65884  2080940 
rund-7b4a3481               17548    17643    65980  1945740 
rund-8b3b1a18               17548    17643    65692  2080940 
rund-316eabe6               17552    17645    65640  2080940 
rund-165de04c               17552    17647    65820  1945740 
rund-80bce4e2               17552    17647    65792  1945740 
rund-82a798c5               17568    17662    65720  1945740 
rund-34fc3ae7               17572    17669    66108  1945740 
rund-249876bf               17576    17674    65944  1945740 
rund-e7045c08               17588    17682    65620  1945740 
rund-361a4e7c               17588    17688    65896  1945740 
rund-6dd7e63d               17588    17688    66124  1945740 
rund-210c9b11               17592    17689    65820  1945740 
rund-12b94c14               17596    17690    65876  2080940 
rund-85febba9               17600    17694    65872  1945740 
rund-030b60f3               17600    17696    66040  1945740 
rund-734537b3               17608    17703    65800  1945740 
rund-c23c499a               17620    17715    65852  2080940 
rund-7457f6f5               17620    17717    65844  2080940 
rund-490bcc1a               17624    17719    65880  1945740 
rund-688a3691               17624    17719    65896  1945740 
rund-9316da46               17648    17743    66040  1945740 
rund-aa3d638e               17652    17745    65772  1945740 
rund-c672ff8e               17664    17759    65908  1945740 
rund-bf02000a               17680    17775    65820  1945740 
rund-58e14e95               17684    17778    65856  2080940 
rund-50718f5f               17688    17782    65712  2080940 
rund-4c55921b               17688    17783    66064  1945740 
rund-1a56a6a2               17688    17785    65948  1945740 
rund-9ef8e94c               17692    17787    65908  1945736 
rund-af90cca9               17696    17789    65708  2080940 
rund-ac0795e0               17700    17793    65840  1945740 
rund-9f676db4               17704    17798    65788  2080940 
rund-b1b1a364               17708    17802    65824  1945740 
rund-dbf917c0               17708    17803    66092  2080940 
rund-4f936e25               17724    17819    66064  1945740 
rund-5b8b32f9               17724    17819    66016  2080940 
rund-837908e0               17744    17840    66188  2080940 
rund-4c5eb4bd               17748    17844    66120  2080940 
rund-134c73c2               17748    17846    66172  2080940 
rund-02468166               17752    17848    66124  1945740 
rund-1a7b8f2a               17760    17858    66168  1945740 
rund-fed7bce9               17764    17859    65828  2080940 
rund-00366f7d               17792    17888    66272  1945740 
rund-669e585f               18276    18371    66628  2080940 
rund-54ccd036               18364    18458    66380  2080940 
rund-5b3f42fa               18740    18836    67088  2080940 
rund-f5b2c7f4               19116    19211    67484  1945740 
rund-2d61528c               19176    19270    67464  1945740 
rund-2dd3a485               19200    19295    67696  2080940 
rund-d1c6e231               19208    19304    67420  1945740 
rund-3d58db4f               19216    19309    67500  2080940 
rund-b0612a3a               19216    19309    67400  1945740 
rund-bea713ce               19216    19311    67268  1945740 
rund-31441b9e               19224    19320    67672  1945740 
rund-f6f0d9ff               19224    19320    67604  2080940 
rund-c066c361               19244    19339    67668  1945740 
rund-3bb3f101               19260    19353    67340  2080940 
rund-656ee438               19264    19360    67688  1945740 
rund-bc8a2b17               19268    19361    67344  1945740 
rund-d4ec734e               19284    19378    67408  1945740 
rund-8bc36693               19292    19385    67472  1945740 
rund-68f1c703               19300    19395    67652  2080940 
rund-228bfda2               19304    19402    67652  1945740 
rund-75b20be3               19320    19415    67644  1945740 
rund-7cc22a5c               19332    19429    67652  2080940 
rund-ebfec683               19336    19433    67588  1945740 
rund-8ed8fef8               19344    19437    67336  1945740 
rund-9d694fae               19360    19455    67628  1945740 
rund-7f8572a7               19368    19463    67672  2080940 
rund-5d2169e8               19372    19465    67552  1945740 
rund-8df48537               19392    19486    67612  1945740 
rund-a180af4d               19396    19492    67860  1945740 
rund-27be84b5               19408    19504    67888  2080940 
rund-a5bd8ba8               19428    19523    67580  1945740 
rund-4cd12a25               19428    19524    67820  1945740 
rund-eee9fe59               19456    19553    67748  2080940 
rund-36313272               19484    19581    67992  1945740 
rund-46d95940               19528    19624    67992  1945740 
rund-bea0cd6b               19560    19656    67852  1945740 
rund-5b85756c               19568    19662    67480  1945740 
rund-520c1dd3               19584    19682    68036  1945740 
rund-47506229               19616    19711    67688  1945740 
rund-7347b9f8               19628    19721    67744  2080940 
rund-4f8cddc9               19644    19739    67804  1945740 
rund-5f0a28c7               19656    19749    67776  2080940 
rund-34bebbb7               19664    19760    68108  2080940 
rund-07b541e6               19668    19764    67980  2080940 
rund-4bb38749               19684    19780    68076  2080940 
rund-dc078138               19688    19783    68068  2080940 
rund-f142c1e0               19692    19788    67956  1945740 
rund-f31e1488               19696    19790    67672  1945740 
rund-5ac8ac8b               19712    19807    68032  2080940 
rund-a03c0909               19744    19841    67984  1945740 
rund-613549cc               19764    19857    68040  2080940 
rund-7c16bf4e               19788    19883    67984  1945740 
rund-12a4dba8               19796    19891    68044  1945740 
rund-f11a2994               19804    19901    68288  2080940 
rund-b8473edb               19840    19936    68052  2080940 
rund-654f91d6               19504    19973    67416  2080940 
rund-8a23f867               21244    21340    69500  2080940 
rund-e1603f26               21420    21516    69784  1945740 
rund-e3cfc5e8               21500    21597    69888  2080940 
rund-5cfb3a6f               21508    21610    69976  2080940 
rund-fec2278b               21612    21706    69908  2080940 
rund-107c3423               21668    21762    69816  2080940 
rund-fbb81cf1               21720    21813    69780  2080940 
rund-540c1efe               21728    21825    70236  2080940 
rund-2d0d97d7               23824    23919    71852  1945740 
