3fd25e3f455fa7c7617847ae1a4f5cd56c52072a8a37c87ce19c3bfffdcfbe0a 1640349059634 1640349096854 37220
c0e067daaca13cd38f2319b022be807695ecbaf6396d0b0ef91ebc97ebbc0596 1640349217120 1640349256782 39662
26cce832c20f303835c35a174b40792d2ddc1989889e2faadf73fedd3c377d0a 1640349389596 1640349411781 22185
cf457b890ffcaa931028214ac30fb18e7ea57f9b24f17f993c8da959a4d5e1c2 1640349565365 1640349603522 38157
271ce34ca67bcb0f2e8c99b3b46344f0830af50afa87930da03e9bf6cb69fa71 1640349741350 1640349772077 30727
aa295257445f395e977c503ba4454e232c29830f46ebf9b68dac696d103079d8 1640349920104 1640349946975 26871
e8c08f15dd045b01ddd377b93adfb4d306cd15f9de852ee6b264136a8c4fb1b2 1640350097449 1640350118438 20989
790c2af799bf784fee4049c4429494d9a15d9c1e0f451f513e529695150f7284 1640350274383 1640350298065 23682
f87b12ccfb159e3a283ca63403354e25add5adcdd2e378232c0cf91dbd10b876 1640350451009 1640350484793 33784
eb7ba63d306576dbd3c30dd4ed5021454e8bbced03c2b5525202e084c2fa132c 1640350627393 1640350658413 31020
c4f9a992617bc40d7194865afee9d4d8759377387ff3811d1f70239d1dc4d24c 1640350805585 1640350828952 23367
2138098d5eb5ecad278401e507b5b192691dcc310e747baa8655d441d6b6e65d 1640350983161 1640351014377 31216
3896037b4a0ebc22fd45e4a2888a5df3c5fe1b46de7b7d96f32d7556ef712d1e 1640351161219 1640351195545 34326
0e8d314a739b3f9f8f5bccfb59d3a21f0f0de3209f7e5af155de53914b4d919d 1640351339110 1640351369609 30499
31e0ee2d99b762aae39e92a6111341b54a8fd91670afe961156f72af6fdbbf32 1640351517680 1640351549648 31968
27f89c33d9c51515d562983fa8a0357723f9a4c66bfa91099bc4d684350e4bdb 1640351696559 1640351727465 30906
1db83f29e429cf5fc59b6c2d36a4403bbcb4047bdf95c28c02c16e779084ea46 1640351874483 1640351897932 23449
ffe46ae901940852829b2ebd04da062389351825a566046c695fd8fe8a033286 1640352052278 1640352083424 31146
90e1669f2fe266d3f271525b2fde3e5a45510a73b003b3b34ce08cd008d6668e 1640352230881 1640352253696 22815
04043ea188f78c81a1baa089b72a8679b694a36a1f170429d5fad6337bd96826 1640352409260 1640352438468 29208
