4ddfd56b2f15fc01d8db62864f4161ef87d7e35596d7d9f66df777d121d6a447 1640349059649 1640349121325 61676
fa437a2d0fcfc59022724047f0e59d62439e9b0ab39a1e3c5807a9da57c97b45 1640349217132 1640349277442 60310
290d03e179f3b7df2b217374cbdcb549897be747e778dfc5047501449421213e 1640349389620 1640349492382 102762
a3a40c2f79274bb9282b0184303622aaa73e35fd9ae779e8828f3484d5134472 1640349565382 1640349657808 92426
9195e93c598a1721e6c2f4c41ef6c862658cef6d1d90584275491427b3cb14cb 1640349741361 1640349792899 51538
6a98699bf2c42051b464f73de42682ea4441d55b2b4bf7660c5fed79ad9a871d 1640349920116 1640349991053 70937
dd42847df959fc32490f4d9da309734f953d1ae618aab682a317b7bc3ae4abf9 1640350097465 1640350171950 74485
a4456acc967ecd80d397cf514a9cae7311975eb96e564aaf11a42786b3f8704c 1640350274398 1640350342340 67942
cfe994e90b05ddd7a259dd64fe8b6f0b5b9259c09a285201758c970464f9d30c 1640350451031 1640350516270 65239
f724e93ba1db4da63038d93b963a19c8f3d3af7970e2cf16eb3397c22ed9e03f 1640350627413 1640350734875 107462
ec922fc1db47db7720127cf77bd941a08e8acbb07818decef14de935dc58aa1a 1640350805600 1640350872915 67315
2553f7a6bb8bb4a3f4ecdd1cdd4e111949ec97804b62d64ecec6c8c03d604d28 1640350983175 1640351040033 56858
304016e152439be2101c99339660db8f4eba4ae424f0e1122c7b8967dd82fd0a 1640351161240 1640351234735 73495
8792420eea54ec086dfb4570cf38cd14d0cdeff0037d5b9d16fc64c179d2b7d9 1640351339120 1640351388995 49875
3677d61fd0deda7de34fff8dda8e4c931f8de89166507189a41e86f1ea9ff038 1640351517701 1640351593868 76167
9b79d97c4bc8a5f59253e6af4e52f8f1b76fd9baf7015b2645e9e789df5bf388 1640351696573 1640351768473 71900
308994e0308a7ca383aabf98d14a3329338efd3d7fdcb08491f29234cc4fdbb9 1640351874496 1640351928614 54118
7f9ea9c4754d4a83e46cd0b113739573ad730a83fef3be326deecfb4ff335a0a 1640352052293 1640352120653 68360
fcb5d92bbf105e5b95fde5c07cd737d2047e9e317be5cbf3c1503a2d2d876cbb 1640352230899 1640352325789 94890
41d8214a2957ba8f1673be165290b2247ceb11266f327a4c71139718bf092583 1640352409285 1640352531096 121811
