dbfd30978fa0151c5cef52a4692e9ef4283a974d10e43b3d2eeabf20d1577e88 1640349059650 1640349193084 133434
db186e9f26701feb1591676b68941509e8bfa215aad8001317d40314db64aae3 1640349217131 1640349294121 76990
2f5052636fe63856723d477d00a84a896447cde1b5aa5105aeab57a1040325aa 1640349389608 1640349460530 70922
ee9c06ce0f047c4d988af582b36d0fa5e52536be477c262b05004329ee8d198a 1640349565379 1640349628204 62825
2d3e5f501ddf9f44186573c4783fbe699eb478ce60f0f9d0d226ffe8628d266a 1640349741365 1640349801316 59951
a75816f170b9274e74102f0e94c32b38a32260ee65d832a976d706ea4e3288df 1640349920119 1640349993286 73167
495436792c19973df55164ae50b655f2e589d2c44a92c79039ea0938b4c0aa9b 1640350097465 1640350156656 59191
eda6cd302bfe26faa4230f112870f89abb3b8ebef0ef42865ee73cedbffff926 1640350274408 1640350381219 106811
bb129f2f03c25129cf7adb2dad743c9bd7e87f083c1c311f4697dbf95bfa0739 1640350451025 1640350524959 73934
15bda4fabd16ffbe85b3deb868a14f229d35abc0b378de29f14a10d54253451f 1640350627407 1640350686150 58743
4368039726f21d330d79557bfdf4c0a316d2a3fd92f872d58823914c480a1be0 1640350805604 1640350868576 62972
271f7b7d9455275f59bebdd8ded0a79c650941b99c59f1ff5215c0ba31f61ec2 1640350983176 1640351059642 76466
e28b91e37b1a025e373b120f2a5db1e4208ec34606dd1a2528c405e3cc68acce 1640351161238 1640351215957 54719
a9ae28277f9d6b5fd6471afb48b86ddf4e9262b5f4b4fc38c249670e0d5a3383 1640351339126 1640351398855 59729
0617312b7f10580b22727301458ffd614b7fe7aa16a388631659b30b7394f933 1640351517701 1640351609198 91497
d6c3486b73a6ac1b8cb8fffc2143e40bce11ae91319dcd72a637696096a4d788 1640351696576 1640351749111 52535
c83b1b1ad7d449bdeb49d31198ee4d57c51471902984a1776227cd83d3e0ae58 1640351874500 1640351960905 86405
a31def101009e40f91a0f55bb389d86e26a082b0bbd6c622448812b6aa6e7e94 1640352052294 1640352112694 60400
5712afaabeb966b78303a659cb7b633ac07affaebc25880ffb6bd51cdc582b8c 1640352230901 1640352305932 75031
80c1c1b75726fba88c552bdfe59a3fd42477fbb6b0d4e4715c747b635f39cc88 1640352409280 1640352479884 70604
