a886efead1cbf3f1d482382088f6b0153422693442cf0340ca7e23c51d22f78a 1640349059632 1640349081244 21612
3bbf6dedb49aa3276987ac213e1ab24e1a8e10f06171518ac57b61a87f98afe5 1640349217118 1640349234894 17776
08704c02e04cc982dbf651ed447b72d4a17399e2492325f510a1dec77b5a1c98 1640349389594 1640349406822 17228
927d4fa39b6b85d71824c6177fdae838f30c690d306cb45e74ac82543c24fd3a 1640349565363 1640349594988 29625
4a6ddc69e6a07ecb4bd2db8c6bd157fb913e484080d5ec570c70cda32a66c261 1640349741347 1640349762455 21108
e803d0dd834991d2c6c3e289bd3e07e25d1f590de648532eda7200c21a07cacb 1640349920102 1640349950887 30785
1fc5fa54f071490fd4d5c41c594a18b20a4259bf7fb0b135e20eb4602f2d2be2 1640350097446 1640350121591 24145
89f3466cb1a37b1010e65bebbaec4db214057c633f21e5b6cfbbb0583b25c0b0 1640350274381 1640350296169 21788
06b12daaf76374d3094c356276ad6a4ed3ea3406c38f6311e77ba58340906c7c 1640350451007 1640350475203 24196
553b323c6e8c96ac63f6227e938c86d2194a6765504448e122d6951666af9614 1640350627391 1640350645772 18381
1430bcffd38d342cc18ddfb1868da119c7d0f29e170aad66d8187e84890c1029 1640350805583 1640350826416 20833
fc0c4c1e30eeca4423f3d536a5d774352ac67b00659206192977cdca741e6a0b 1640350983159 1640351006058 22899
4cea30c9647d97eb5a7a315060cea838106764bf5886b81c2a2bc65276f54815 1640351161217 1640351180879 19662
9238024c80b6974d0e39331521611eba3ed8ff8562f63b79f6853a2b14178595 1640351339107 1640351364481 25374
b7e7b7b0a47b70ef35e323e0ab162d9385e9f33ad1c0dd1813e196643e7f1310 1640351517677 1640351536833 19156
93ce30bc1471385f8a753baf198c6a41df400e91b1b6dd60e06125fcc54ef52f 1640351696556 1640351721810 25254
f95119652c82b3975d6796e8c02178ef799c5062865bf3a770a7674cb167c6a2 1640351874479 1640351894155 19676
06b704756e408ab537954a26755377f22668a433aadc9015112f783cc2dbe906 1640352052274 1640352073189 20915
2199348bf8de5f2258c21beaa08817bb9b7886d88b640621ea3edaf81d8a2fe7 1640352230878 1640352256236 25358
f15e235ced9999a33ac64c9d5d95795e04efada215252e5b3b0af150f659ffc9 1640352409257 1640352430842 21585
