517fac194a245a55633c5ff75816256e1fca9d5320395adc115aa5ad6a79da82 1640349059627 1640349068297 8670
b8344b7fad1992a9fef92a9b46b047d095d6845b411f751b1055dd9685b591be 1640349217113 1640349223376 6263
b84c0b8195693b720961d66a074d7ee4df5d1f5fb6fe80451b87ad8418075677 1640349389589 1640349401335 11746
3a813b92a3425df3ef29468147ee3007630c53191876f806d4e2abdfe502bb5b 1640349565357 1640349575155 9798
c2c97c5d422faed8876780f7ca403292fe534091d729960bcbf83c4fd6dfef5c 1640349741340 1640349745318 3978
962d15c94bd23372edc7847d745be1b6f674909ce5a02f004f0dfc706934375f 1640349920096 1640349926436 6340
32c4b8ec50f1676856b024039f2296c5cb9a4be670410fd4318bf406161a58bf 1640350097440 1640350102607 5167
cdf89e61ade7de9bb639af8a2fa12335a09dfe6a239ed3a315026fbcec60db5e 1640350274375 1640350284336 9961
80d75d513fab43a0e909d4c62ea96369f2974d538a6861650b69f1838669793c 1640350451001 1640350458538 7537
04a9e83333ccf82bfba46e6d5ef27ffccb5124bcf7d67542596ecc85caa96509 1640350627386 1640350633048 5662
86291414f21ce6ff66d7ea982d487dc160fc9abb280ba90ff5b796703c4d4210 1640350805577 1640350819005 13428
33fcc2ee51fe71447e8a1ab5654fd89d7c151941c037c843e2d699fea9cedef1 1640350983153 1640350991824 8671
2e04ff81e563b11ca2d87ede2c22d2e2af133051385ece2e00ddee3513f82158 1640351161211 1640351166925 5714
5e94fac0a8ddd9e0f5223e801ae5a41e93eadf6a45ee449c258901cfd18d3691 1640351339100 1640351347198 8098
040d61da52a611431bca589b43d8fe28cc640d895828f2504694814a242b2c53 1640351517672 1640351526416 8744
8d24e48ee8a5003cab5ca4cd2e2c0c2097c9915b5793c2aaf8a68d9ec64ca1d1 1640351696549 1640351702221 5672
d30f1e19558a779b6109eaac1bbee56310070822d01dd1aca76868171eb2d903 1640351874473 1640351876600 2127
e302572576363f5d5440d35c9e31b2e0e87d7f455f760fa85bb522c95ac0eb8c 1640352052268 1640352057343 5075
c9f702973f1b9af9f7474c1e74ef4e94bcecc6e3b7523de69bb0f1e1bf88b401 1640352230872 1640352236588 5716
5fe45ca4833d7608e8698dff6ddb9ef8ad6c218c67deafebccfdc20d090c1afe 1640352409251 1640352417963 8712
