bd614b326ba90cc94884242df4132af5db4795dea48f07e30cd51e3027447255 1640349059672 1640349173111 113439
78f7955b57ee9f21fa4d9f05690c204c7c324ea8585a5c53cc122813bf62c4cb 1640349217152 1640349322529 105377
571b41f25bc92069b6c7ace723ad54cdeaff46aa6e3229562c2e2cea5d12236a 1640349389637 1640349533133 143496
575aa32767ea414a9066f3a517259f0347812be9be99870c99f510ab65eb4b4f 1640349565404 1640349684849 119445
1b969a128266c383bbb939c4102f7937b6180fec993939cac351097a23e562c9 1640349741387 1640349875150 133763
365a293b30908f4b3b0a277041f705248de0143088ebe877e611bdc8ff0fe44d 1640349920146 1640350032844 112698
f07296e775ae0dbc78e934f0b965deaf2f0633dafe9e9eb65beed5b168b3156c 1640350097486 1640350209160 111674
318cb485a7c1a23d57e673602bfa12a31aba04ab8d7aac831c6c7fcc0f5741d1 1640350274421 1640350365519 91098
0244c06ed0ae362f47b875a41f6db84306fca39b4e3da7e2da5f4cd2b3a6f620 1640350451044 1640350563895 112851
db81409afc95e62825c3d1f100807478aa260a07ac5d7d1a848ca9d5f297e810 1640350627435 1640350754778 127343
8ec290173e9e82d7a3c037d0a1403ffd9104cd0462a3088c54ea8faeabd62861 1640350805629 1640350932932 127303
baf6e0e16ae80482343dfe5269365adf143e18bbf53ae593df38f6601a313359 1640350983201 1640351125216 142015
5310791083d939dab85b24d9181431c51d342014eef4e8b5e9a03779d613e0bc 1640351161262 1640351294928 133666
6218ccad3d031ee24a09b76760dae96f3a0208a79ebd1a3405c15f845d4682b0 1640351339148 1640351442918 103770
2500e9ac28fd287a4b834b07e27b570bfa6ac09d140bd0c4f1f5fb447f467ec3 1640351517727 1640351634952 117225
b28665743515401dbf5eb318d73c4cdb14a86dea34de0345d8c1c3fb188c10d0 1640351696597 1640351817247 120650
cb4ca67b34194d94780dd74cd8f3dbf638bdce56130570db3662fe7ed4578d84 1640351874525 1640352020471 145946
748a3121fbddc964b965a91d33bedf2feaf78680d206a44806a77febf1e9da94 1640352052319 1640352184923 132604
1f6e0f11b4a48b1ab534d25af3d3df586ff4455d858e2d5187ac116177ea2310 1640352230922 1640352351020 120098
e6cc5bfd7a699ac7f8a0c12f7805151cbeebdb6ac1dc7cba19b5fc387275f37f 1640352409304 1640352535331 126027
