68f866511d9a804b322efb7622961617962581aba79b91c8f591a5257abf35f1 1640349059635 1640349087731 28096
47c25ae89c1190f129ff0f2e2c11784df359c671c2c28010c06e1c99f51409c1 1640349217121 1640349252121 35000
eece32eec561e18166018e7c8d3612cf79eaee7b5e885b0427b0ba94aff223e4 1640349389597 1640349435167 45570
0f4ce9866fb4d6052aeeb774633821a4159c6dc0d8ad30122ab847e9fce39af6 1640349565366 1640349585501 20135
977c72ec1d8a704ef070cbefcaa9cc8c46b40ab6e72535913b0136f3ee7dcd59 1640349741354 1640349775334 33980
443daf5cb130c2583fa94a9d18faabf1691e09bca10004f508a2b9decbf5f41d 1640349920106 1640349961504 41398
6ae752aab485ea890de78e090f5084a745a4f3b596ea0576fa284133df041df1 1640350097459 1640350140022 42563
22e2375f55dd4f4e1f64752eda5789df97d0092bed58d2ab8aa2a9e8370bb02e 1640350274385 1640350314922 40537
0ca61c457c7b74e356122addc688ddbe135c3f27d9d96ebbe96a33d1c7e9ef84 1640350451013 1640350527887 76874
b6980d95fd415f34e3c77706b073adc2c8863604522efef67abceeb10dc76bad 1640350627395 1640350657761 30366
ef8f876d3603c5abac9d49720ef1a2d08159268e52ebd3de3951adec9bc0dd95 1640350805587 1640350835321 29734
677bba2b37cc64d21919ffb137aa3cb55a8872efcc4360271f4e123ad41e8a01 1640350983164 1640351037208 54044
55a6aa002874f1175ebc636de1c12a034f39816a17d0818b051dc69a9915fd95 1640351161221 1640351200855 39634
bf3869788157ac645286c382e9cdf169bd5dbdd088bb9e9920fa93f84b569c97 1640351339111 1640351382178 43067
1a0b9fa9d592f6431468107457f942aa3c6aff55d8433dfce6ff2e8266606b2d 1640351517682 1640351556933 39251
8cfc99bccb3706fba2bbf03676c2701067f1f53b96fe71885210aa7de7d8365b 1640351696561 1640351732609 36048
afd38821601a13b95b911f0d4e3944856d3fe61dc3a8f092d3646dcab14b628d 1640351874486 1640351911549 37063
739b15b67d037ef94794484da721b7753d60ab67b7b316d5308bb631ff44005e 1640352052280 1640352087335 35055
a0426ec1b478d31c7144d5ef656f7eea4bba323481d747d2136b74a782caf34f 1640352230883 1640352265305 34422
0a4239c65d7b0247c9b9ca70b3b2abbd97772e0e9f0b417a48a80b88bb4859b0 1640352409262 1640352435911 26649
