978ee2fffb2af6d8fd32d47a739474b3938e5342957f809c370f110e713a5045 1640349059639 1640349106846 47207
1ce7a1d7830abb34deaec2c8556b199d8574e2dc52cfd243728fc23d1485131a 1640349217125 1640349247553 30428
35bf2622f69aabc7769f9499798dad3cff4783156d55229a6372e1ced9e2f17f 1640349389601 1640349455469 65868
2cc553f8c4bb0ae2df9a2275c413bb634d6e21eb3ae4f3c5407f96715bc3353f 1640349565376 1640349633944 68568
f51e38850d69acd326f40822a63fca13111e3c539c0bafefd1121d62e07439db 1640349741357 1640349795685 54328
312a6ddd503ddc9523c5a0d855a8a9b742ba7521a5249fe9761e4298d26b40b3 1640349920111 1640349962867 42756
d4295e0027722459c4a8119a3647a69e8479fb1b9f7f73d5d026dc296a6549c4 1640350097459 1640350154484 57025
d4cb2d435e8ba80a522419db5620abc43259f5b81c5a8cc0eb6a9575301de97b 1640350274390 1640350318325 43935
e5979db87fbee9ee1621359c4ef9d6f8ab62233b3a20ab10748a7a3ed2e44299 1640350451013 1640350504265 53252
1da2fabdc29fc74f36be73ee6c539be4491d5c88364ab84152b61f1eb464c8bc 1640350627402 1640350668099 40697
a33dbe37ced73d0a6a5e09d03aee3403768e7f087715bcb2bb60d765aa07ac40 1640350805592 1640350851133 45541
b5135d94fe2a61a524785ec673d212cf1eb5ce602d09ac6d43fec126998df5b9 1640350983171 1640351027604 44433
049a778f90174a4585ae1d2e5ac3ea8ce7f8d42d326dae1e86d3dae49617c3c5 1640351161228 1640351208982 47754
bcee683274e69eb18fd0a63cc645834d4f9a9d1c9ee73afa8ff8315a66915c2c 1640351339116 1640351384879 45763
ab8f27e0a8d7396c0f56bf42fbee24dfdb1531e6539584eabdb6528f4be3da47 1640351517690 1640351565788 48098
c25a11cd39d6bf9e4860605cbc1057245430a8e0c5ffcb44f390b48595cd7b2a 1640351696568 1640351750528 53960
56d52fbf623110f454cbd1b919da51529ea2d23c93e53176645ca838cb4166e8 1640351874496 1640351918969 44473
5177e9e374b1b854d60c74316c1a917c6069fef7053c483bbd70058af7706611 1640352052289 1640352104229 51940
e95d5e68dc4417657413ec458bbfe13835ab3b19cb363f3d1ba00b5a7bcf51a4 1640352230886 1640352286364 55478
cc0be6b55717454ee0dc2172d2132bfdf783669fa2cd17332f13ce6736ee2e41 1640352409273 1640352460575 51302
