47441f9802be0e731c480c5b8265709208bfe6fe65b439c11f0ee87c88fcfb8a 1640349059670 1640349198214 138544
5fdb2a4778b39683a09d5805795b00c4e42fa04542bdea7af38d934d8e16ace8 1640349217163 1640349361848 144685
5cdbf9b58cd49a4b363bee1913e84958a57faf0ac77fa04466069083794f1776 1640349389647 1640349533970 144323
fb6771795638897e558460bd96b096e61909da060d0c1adcfda9a2e012fbfa4e 1640349565404 1640349709390 143986
eab50654f05e92eaad74517dfcdd056176618b1aa3f2894f06326ca9c9ca0340 1640349741386 1640349842085 100699
9c806d580b9e1f0f59a5d9c46e6b8082da109f03c8359c433a102bd4c687b3a4 1640349920145 1640350022377 102232
4c172bb6a9b1ae87b139eeaedfbbe29744ca745d254202f4ba67b5fad03e09ad 1640350097487 1640350215718 118231
8a5741ffda2975209a5254428459c55a9530fb75a1979687ba05129a49d480fa 1640350274418 1640350360933 86515
e69b8e8257055d6b78f88993748780cd7115e2639d1dc3e874ec3e78893dfb06 1640350451047 1640350581237 130190
e4486b72eb90e635c90e95050e759db1600045e99800db3bb234db2c4a234681 1640350627445 1640350772923 145478
ecc1bb7e13fb2fa28f7a5cdfc966b47fb7c0dd57a04bc20736e9e76ebab572e9 1640350805627 1640350926212 120585
d2075fc4e1b9090faa9e88584b6eb3168b86b569b38c99b837cc8e76e8e0b1d6 1640350983211 1640351128678 145467
28746a838b38acd67d386ae12e49518a2d5be050c7505f76b9c729f4454292f8 1640351161263 1640351302727 141464
621f88967775b7600c053b3038591f0b56bf022d6135f0d2b0a21f73a52d13b8 1640351339150 1640351474480 135330
b09effcaf05adcb87d67c476feaa2c445a7e8992cb9cc9c5003d9971ab10eb44 1640351517733 1640351652776 135043
f5ed52c09972e5d7cd38bed7590e303c09acc75298c7bd22518dab66b3b2118d 1640351696602 1640351832508 135906
dc015011bed4be11e220455cf549789ab862a567203b8d5b57701250f6f12f1e 1640351874525 1640352006604 132079
fdfca9c6d686ee30a4030f450da58a410fa9c16535618ba8bf2c57091e053f95 1640352052319 1640352160019 107700
b9ed23a2e5fa2639d8d28dc780c10edc0ef07743c28a43567725fac9a20aced1 1640352230926 1640352376835 145909
bf79a31619c0e76b47ae1ebacfc2b50e3021c244f24db46806c49b34f2ed40b1 1640352409302 1640352501919 92617
