9433e802591c8fa4d8544b6b9030c1c0d511368e9d349207ef8eab9a932a3f20 1640349059663 1640349150156 90493
da4b2b921a72f9a7dad3e67e4a3b4454079729152f84a40a9c8a2bcbfe3d4eab 1640349217150 1640349342226 125076
453cc89ba425bf8865aa5edfe5e90177098b2824f44bf5c3384170a3d43e6a87 1640349389630 1640349532271 142641
8bf39a0051522f57fc2692490ca14a322a77b8aa9d7e93d21ce451e298ebed01 1640349565399 1640349666336 100937
a1c7f5c3d909f0c357c4bfdd437381a4008c52ae7f62140873ddfde2f7da0eea 1640349741386 1640349862507 121121
464978ca4a68a0f5ab11bc7a885aae86ec841d5dad141a6d0dc21555faecdd6b 1640349920154 1640350064046 143892
5f840bf04265767c7c42496fc75d0cd76ba7e7f9f5b619fdecdc53cfe926b837 1640350097485 1640350206716 109231
042c0a981660e4ba4529faced78bb39fbd0f2b1d259053736f751e8fbe351810 1640350274413 1640350408437 134024
5ebd1eb4a212dd82b9556fb59c13f1ed2629d6b659fd1e4b3e86c85a94a208de 1640350451043 1640350552623 101580
044b0a4261164fb5ae1af4be6cae518932330f6c80ec331b4d9bc17f92b6e526 1640350627427 1640350729172 101745
a06a87fb96f0b17de0c1c62382c27e99271a9d448866f2b3d041f1cab75b564b 1640350805619 1640350934640 129021
2c0e67c0be5052bf740fb1b442f468deea39680c3ef7426750bf303bb5e4fcde 1640350983198 1640351089143 105945
fee597d341f0dfdf871e799f1a73dbf6f10e95eb5856df307dfa888f1d269f3d 1640351161264 1640351304491 143227
38548b6ef57c7cbb05e30e66a8cd7b0b10c01978bd04d1f7551ae89f657159aa 1640351339146 1640351477070 137924
ca040026b8787a04a9a41b5f78d657c587cf65e8f131ff8e7f85677feb7b21fc 1640351517722 1640351643368 125646
f8b57735c03c7851eebfe819b9ec5b7d1cea0b6f6626f7f5b93317256db60140 1640351696593 1640351834224 137631
acfeb0c74e33fd941b98265f0e6333eb9cbbab22830de5119941aa8a2d14d91f 1640351874523 1640351989662 115139
0533e054f032444aacbaddaf1e62a2f055084dd422551d828de6c70a2fa46f16 1640352052330 1640352197915 145585
243169e8e007d1ca63a445aa3607205ed57de53a2d484db40859293c8baab8d2 1640352230922 1640352349345 118423
0b6ea74b840833bb8e2015fc5f3b45ca9abec96529a99c6fdbdc877c94d7a1db 1640352409302 1640352471159 61857
