d4d1b2463334ae4b4b9a629b355279da5b2d13b9164cd1206ab95c65c2dc2125 1640349059659 1640349139521 79862
401284f2c381c7689b8277d2244d1850599ab4187d2a9b08a9ae58d828fd2dd9 1640349217141 1640349304645 87504
dd35cb2f323722a0a1f7f7508ac7889b50bdc82252ba5508d9e1754cb3206388 1640349389623 1640349457625 68002
43cbf46b8152b7d747d859cceccd83a470ce952460fa48fe1245ea493bea0fa4 1640349565386 1640349686496 121110
d47679c2bf4e225bfc04b1558eb8659b5f3155a9043d2701d867f3d85d08c78e 1640349741380 1640349846096 104716
6cb95baac5a7d45a93ef4ca3d7e3fff72904af9464fdc0d8a7a4b75ebc9c645e 1640349920134 1640350020792 100658
66b93771c661eee0b435d2d86a9803f3d04e7ca1baca47106b316016b905f154 1640350097478 1640350192433 94955
ee386d667c14e44441a47f94768bf3e0b0de3408355e1c92804d3edd2a678eff 1640350274408 1640350377251 102843
ec6d1e6bfa49fb8f4c6a128c40aa13d10c9b894bdd230ceaa6f837cc643b6212 1640350451032 1640350561421 110389
829e154777d28e778e5a4c6e554874dc53d8256d479a307f559b05ef3c1d1227 1640350627425 1640350729989 102564
043b86fe4b674a1c13254004ec3967e9da69a2a42424f7f44aef095e3d6affb9 1640350805617 1640350895550 89933
51c6f5366e69142491b51a845d1a7913017e934e4cf3dbfc5c3f1fb9ae7b59f4 1640350983193 1640351111499 128306
3d0227dfab85ad4bc3466b62ac3fa74898f7ac8c4f45e01a9af04be5f053259f 1640351161247 1640351273918 112671
5e0bb636c5b81629a83ea431cc549f7ebf60e6474334fbc53de62206c54344b3 1640351339151 1640351472763 133612
cedff130a2cbf7344a4faacbe0ecad7e9a8a30cddf2bf0ad02a9dcaccf8d19b1 1640351517713 1640351615465 97752
b307c803e189def625ae0dab65f76fa316b4e49ca43996e838aa9beb85831542 1640351696585 1640351775186 78601
064da73dc2d938caa1851d1abc6084be1c510cbe7a7dd7382753fad663b2a172 1640351874520 1640351998103 123583
7b998b7d89d227d214f2be7a4163381e39725edfba1e86cee799bdf429c1f3bb 1640352052304 1640352142538 90234
a93be60f17b51eb67dc72ab9ae65fa16d3aff473f0e42a1508c1defdea2174dc 1640352230913 1640352343488 112575
7fd89932fb041d09a80c88a4a20a6b22449a14ecfec82570698ef8ac91e9ca6f 1640352409292 1640352512227 102935
