9cc586902d8e729a3f87099d3a9160f5178b859caae8eaf81ac870162656bd8d 1640349059639 1640349099504 39865
5a2c34e09d41713655b33561e822f08244b140502534df9ac77055e8226dc9d2 1640349217123 1640349288254 71131
d7a5108a4d0d540e87cd0ce5f629a0cccc31b349c2bc32631d35856f879c8fe2 1640349389599 1640349420594 30995
8724281737a9c0512b1dfb193e858fd7691b2ad1563a437b752ff3f8298fcd12 1640349565368 1640349604839 39471
b255e8f8788fa136e2e7fd36f51dff0f8d1b017c3ad6714ed9f7a7b023635aea 1640349741354 1640349780009 38655
627ae3b12b3390de54188eee33f08267b5b9ed3a668ae231d73fc8f66282af6c 1640349920112 1640349962193 42081
120cb356dfa39a923975a00043cea57302820490e22c487f54fe3a79b70d5c87 1640350097458 1640350146097 48639
232d2cee54e98e859e15673f874cce5406401b18a8b9f1ac9b55f75c5784343e 1640350274391 1640350317625 43234
71977e78b0c0ca4bb4f5114708204e7c133db663ee4e6fe8c234f1d65bdececd 1640350451018 1640350492691 41673
e3c495998807f5471d0292d4b36420f13f66c110fc9f993425dcd4ed8b44f035 1640350627398 1640350661665 34267
4b5e6747340ebfad1629ca2c31d50c45aabb5edfde2a887034b224772a0ecd62 1640350805590 1640350849111 43521
d93342b6402261ec5244bb7f3fe7b5611374c2b3992c51eec112304cd0deac19 1640350983166 1640351024212 41046
ed7eb43fe30148b297fe9c0613e2e606a98dd2a125d138742c84773c630758dd 1640351161222 1640351202198 40976
cf5cff5ae66b4a25621e5980b1f4939df84ff2c61a13201481bac01aa96e5374 1640351339116 1640351379487 40371
fc620e086a25ae52efb6160ebb8a247d48caa318125691fcd9ce77b3d853744a 1640351517684 1640351550960 33276
95cad7f57a7b5f5ec63afda8f0ddd549c9d84a844c290383b45bf81d618935ce 1640351696577 1640351744949 48372
9f6521c78de47b4605cff53fed66799edb8c4f866e56876148baa65bb0027aa8 1640351874491 1640351927216 52725
f211643b755b24e75d160d7ad1f128e1646f9475d7f479258cf0592339da9b42 1640352052285 1640352105629 53344
0967d6f2e3c5e7a311c96bbb7e5a9856d38ac36ca9b0035dbbe149d38cc6c034 1640352230893 1640352279433 48540
d353f3ee248b52edf0e35539815af162faa7495ac5b7b3367b07d77d2ce69e97 1640352409267 1640352454411 45144
