6922650830bdfbaa5812077658455b69ab55d07044885ed7220f4888d8d26012 1640349059632 1640349078760 19128
2994b3acc5236ef9cc807b96bc5e38fb74924a3096cad8849de9b236a8c22604 1640349217118 1640349254118 37000
a69e5c34a56b8b6cbbea07d442ce71a2276ebe1a3be6b02295867d8cdec9b2c7 1640349389594 1640349404979 15385
c6ad0d10163c68964aecbe47e9948fb8d8d997294601b0543d1cfd5f59400b1d 1640349565363 1640349586122 20759
6633627d1c1b39aa7b496e6e1d83920a2b4ec6d4f3d3da0e370e85bb57e104f5 1640349741347 1640349768825 27478
d308ff7012197aacb7edd87df5a108bfb82f81b7db5220c67fa030341467bf02 1640349920102 1640349945055 24953
f3ea28cce6536659ea95cd13c189d4194f8a79f5833628a7e4ebd105bae6b6d3 1640350097446 1640350119062 21616
b605da68f1860a2a6af5f655f6053f6e32ec32c44c1f880dc4f2bc211249c459 1640350274381 1640350299926 25545
893b409ae0c204d88ea022a44adcce503997d09059fce5c083bb6682fc124ae3 1640350451007 1640350470820 19813
5e1263cb8e449c166cee0a9ab4ce5ce54726ebb95f59d5612622571b42829fd9 1640350627392 1640350649493 22101
bbc22a40d8255822fb9aea8023b4da4937d46d92daa6515511738e520a497b3b 1640350805583 1640350827687 22104
4a2a6bdb2836f93086f05748c14328e01481890ee1dd3a58af72b27bc718497d 1640350983159 1640351012448 29289
58cadbd94678ad977a3ed93e7778bfbd4071aec59e536cf4a9f08770036e0876 1640351161217 1640351177778 16561
e79b71a6037fa55c8095bc7a442779870dfd8a821f30a0871b845a8b9a2609b4 1640351339107 1640351365115 26008
6decbf917a9afbfb2a536c90c3ba5debf671c201a3d2015b0befbaa87483525a 1640351517678 1640351547673 29995
011da1d9a8f6c5aa0db07712355b179d63b84c66832164dd7d107bd8f5d4ab70 1640351696557 1640351718662 22105
b2a009d249ee3ab0d3c3a09e09d7d8ec2f0532eb786cd3318d6a6591de5c8792 1640351874480 1640351901115 26635
bb2037ed3d5213deff9f95230e0299ed28e816f7833a6fea5235f69595dc6cc6 1640352052274 1640352074444 22170
cf9121e626ef537d147f17c9295a2bfe5b8c492bd7f2f1127e8e955d56ff48ce 1640352230878 1640352253068 22190
0e07027d2ac8ec8bfa865709d15e4357a52370e9d459f7c78bd7ec1d0e22da20 1640352409257 1640352439115 29858
