d1d6dce6dcda66d5a0d1180af918c911a426db2601dac66d4481b268d0a38c50 1640673892415 1640673893283 868
161f47fbe6e28c04e140cb6118e84503580ef27c9acc040186e6d0efa620cfcd 1640673906629 1640673907422 793
6657deb35abb21a43976df8fd8d2b43fd93f3097289df16cd78198c3bdf88247 1640673919277 1640673920115 838
fc5dc4c9d9c5f6c4bc11ce13577c7c57b0e741141d3fbf41a0a1a06bc0ef8b61 1640673932485 1640673933222 737
aa9434e0ad947217affdf820a592a78f0395b52e78507f4f914c5185e5a5cf57 1640673945243 1640673946031 788
c0a39ec4ff0a0ff8c439ec856796e19b9121153f954812e2309c9a02e37a5d93 1640673958092 1640673958917 825
d9497cfbde8f2a5ce08b671856cdccf41a9641297069407347a097cac360e2dd 1640673970768 1640673971501 733
9496774a72cd9ec35ebffa080aac6a9c9b37762c1584f9df3745b4c4e76c15f8 1640673983422 1640673984155 733
bd6cea5a15983f9ffadbea99f942d7aa78d4842dedf474f01fb3ccde63cb0d82 1640673996280 1640673997044 764
0412eadf4b2c280bcbd7d835ce2e0c31794c6a3173f0e335fc875c92f8734869 1640674009306 1640674010162 856
d07e4bd0543530928dce766a56db7ea78111c32e9ba20d2e18d6e8d7d0f035d2 1640674022390 1640674023147 757
89f3be14b97cb44a5e751819e219609904283375bc504e4bfb02e8007a1835a1 1640674035112 1640674035916 804
a30b00ede97b7328467dcaee38aadda24071e8bd48a44a6c50a383492a615591 1640674047995 1640674048723 728
9b7e5c57d72cca6520da483e2cd3a250e81db966f845d1767c915b9aa05d8fd3 1640674060724 1640674061603 879
14d3c93f81df7760c87623f7fc1e9bd867455203b1dde4a93120e7c73fce0c83 1640674073769 1640674074457 688
3538ca18a72a6718ce22f36f8be57a3ab213cacbc4121e4ec9fa4d1e3856f14f 1640674086521 1640674087379 858
dcb427149d9ccd63e5c088b70fde028189d366284dc820a858d92d78fd723fe2 1640674100066 1640674100832 766
93a72e9bf40617f093bd6332734df1e30c031bdb7fa3c6f98b62267c3ed5134a 1640674112806 1640674113637 831
eaa1d8363f0536b0c0b51abe94c6b12e2f9b5e341711a3359880bfc6c5266a06 1640674125864 1640674126603 739
587bd7613489a4b81a935f894b0e879e68e73ff8de41df459cca4cd13bcff2be 1640674138304 1640674139188 884
ff3d195b2ffaaca00410600fe3a4d618af2f806a8e43af68f24f6c9ef76613e4 1640674151387 1640674152072 685
64b58b1d500f481bad6d49077d68d659239af760a234629d769d1d91f0de8fcf 1640674164084 1640674165055 971
d54f8db95994df987bc13c3eb5f24cd8cf7df09b8523c4d31eb70d896ac22423 1640674177194 1640674177914 720
acde4408a1dc48114f95327f1ac4b7d4e4b5829e0e82d88e4d3837e5e4b25b75 1640674190044 1640674190795 751
76da8eeec6e0aff604a83a5949d2f0a63e1b6366fd68e28f665cbad58efb8b0a 1640674203175 1640674203928 753
d08f72fdd2a629f2baf92ec6722f7fc059083e8401a956610a78f77fc4aa8dcd 1640674216157 1640674216896 739
e44179536babb902e622033ed1b872c499469e53e38791473c76920c7ceffba1 1640674229362 1640674230104 742
cbd2598f4f41af63e0a87bc38505c7341561504db17c9c6ec6ddab2b919e5ad8 1640674243077 1640674243794 717
81df9581ed619fa6bdea78d9387d733b4ec52912311659617aa8774a8bbe01c0 1640674255706 1640674256537 831
bbfe08d77c82c1066d18857a613463ca46c6e7141c47ce22e48cb259e20fa042 1640674268600 1640674269370 770
7a6d8aac1a6280851663b4ab9402de0bbe1511983871b6c887bc1b326c7a8a63 1640674281402 1640674282224 822
f9356b271ab04fa8a82e4a8fe50dadeb2be1ac43d093ab876f9338f44439bc5b 1640674294272 1640674295024 752
9e8409eef3049131412128caa13ea4700766630150411cca5be5051063d3c768 1640674306893 1640674307815 922
26d8f87420e09247d03b6ff88b9fd14f6104643e6b3c2ac8e799572125c4358b 1640674319975 1640674320745 770
657807c160fd47b1e7a2bc07b6211ec68d363d94ce352f21bfd5e75ac082f3f2 1640674332770 1640674333680 910
9f7de46aeca6c82959ad76b5e3a80db8c11ca6df8d6407d54475d756028f1065 1640674345786 1640674346530 744
8100d9e288fff3c6b918c4c5216675e0bf5616a4ad0300329fa917b50975fc7c 1640674359151 1640674360098 947
80f7ce4ebfa02f2c2c787f9d2154fb9af01067232d618cd5816126116b0d8711 1640674372176 1640674372948 772
fcd5ffe5af21a00e3bb755311255e02f734544f6b379ef44c37ae1f8569ba4a6 1640674385647 1640674386359 712
176d931c54ea5eb04db4725a600c629b76275aaac0971fbbac75720cd9411312 1640674398151 1640674399004 853
9828aca2719a15b4dbd95a27827206135f1d5a4b04568d2f6c0527e1f5ee1a10 1640674410968 1640674411741 773
d2854d2a24539f6babbe2524c33ebdd2dd0d20b517130e93582240a8fee559f0 1640674423679 1640674424554 875
a641a986283a59458fd80ad4a812aa91c087fb27cf7bfd46b0eea9429d79258b 1640674436523 1640674437259 736
9880cbe7dd727832ff1c3e45473d31e96cf4e21f019b44bb4561e39e158c8181 1640674449936 1640674450885 949
7174a2203591cd3943ad79f3e7c43e3fcbd1bc4393981b88de2017b92c8a3c30 1640674462885 1640674463630 745
a3db583a050e9a7830388cbc1eedc846e30944bd12dc02fd3d72d60694446d3d 1640674475564 1640674476326 762
9f69e62b17efb2b508682a3ae64836f72df0db9bbea38020d5295ada83032e41 1640674488017 1640674488926 909
2f274406ff57a7e739bec0ecdf491e2a7dd1253dc55d9175cc687b0df38da791 1640674500850 1640674501603 753
2aa3bffe736fea6899bf1c2ff0fe84cc2babeb1448db5b96962cf687c8e6cbf1 1640674513915 1640674514881 966
753c1541fc8848af70972e525c89efcb0c3c6b64c1044d1eb8d6076e943388da 1640674526817 1640674527480 663
