8f9a0c5cdec6bb0f344bef28e4734f0bbc65d8edaa633197e74a2d7f21a398da 1640673892404 1640673893312 908
ecce29b707077c7e7d75716912a6cd0bed5ed34c5def76d83e813c6df192981d 1640673906618 1640673907316 698
a78a72466ea53e35e4d10f457c1fa02fceef2b8244d62ca627b0db2a0a42f1ba 1640673919265 1640673920054 789
ab824e2ab36652b13c2c9d28f70bbf8d9405198143cc648b349bb409bcb9444a 1640673932474 1640673933197 723
e064c56b3da5d194633bd3e33b827c61694e2717d1ebbce57e1c1151fce88e29 1640673945232 1640673945991 759
f8c02a37cfbd0bdec7f653b7303a94240fb2eb8c67dc79746e7a6566df8cae27 1640673958080 1640673958745 665
9d98c54eabb2d769e9f86f05378b7007ea9b5ab81aa2ff8cb01daac5eebfdd7b 1640673970755 1640673971373 618
77c24ad5afaa18ab067d20ee2f6f152f6fc09f04e4f6d84ca040220a4e74a261 1640673983407 1640673984025 618
c027bc3a328f7b0c6e8d96e2b9355b2ab703d888c11987d2f210de45ea692827 1640673996268 1640673996943 675
b50c70ef8c8377449bddf29b99f0700a58b86d95d809aa759cbec914bb6b6347 1640674009293 1640674010004 711
76c946752a0133bed4572261e60a3d6a41b6e4f3bbb4027cf85aafb98f23890d 1640674022377 1640674023128 751
b65855825d66318ae1d2ed5c721893a6a059a4eb85c192e9c07948e305cf4dca 1640674035097 1640674035833 736
9478df533fa44f16d3f35f191565703271349c1d65e4d717e2d40b4d8e9f6099 1640674047982 1640674048694 712
f12799f3bcf05a57935692a727f536a7e1ed1caa7aacdc97de781c3484a16f3c 1640674060711 1640674061482 771
07bc666a9ddc4a7da6d29c4a7aa3574b4a93749305633293dc9a384cacb6e27e 1640674073753 1640674074404 651
2d3441fcb2e1ffdd8f80e081dc9a9e67423e10cfaa8663cb54f9fa5c030bc3a3 1640674086508 1640674087260 752
a7d7caf7b13cd2b74f108ad18f0b25c6ad1931515383d1348a20c0b8ae4c4def 1640674100052 1640674100704 652
3a2eb5f4c07165de7c279d5000637c98b65b6f5f7785fade0ce1404c187dbde1 1640674112794 1640674113630 836
ef10334b74154aca7e9582c9b2e2fe5f5223d028aa78f3f9ad9e2165baacb6a9 1640674125852 1640674126471 619
46edfcf7f5c97fb94bdc75b74fd592653640df400b16133225a0407c6d01d903 1640674138291 1640674139027 736
566e80d3350b13b1cf204914dc868a2d25b489ac397a47c598fd0719fdd304e8 1640674151374 1640674152054 680
cc726cfdd6fcd485c2a3a4158da4266d81488d8c1d110735524001eb242c5f8d 1640674164071 1640674164884 813
97c088f263351834e010882e06d64c172fd8d612d663611e39777d7aced993c7 1640674177183 1640674177798 615
9c10ebd6ab9ee16ebd776493e5692b9ab9789470faf5466b6c5ae8a6de544a7c 1640674190031 1640674190794 763
2303572be2d59261d0f4a2c4780919a279fee53d519fd1fde25c836aa2964933 1640674203160 1640674203818 658
0d2185b3ed5049e74505b84a8ddd3312734b4ad0b5512db39e21b20e89de1dd0 1640674216141 1640674216774 633
a4f66aae94e83d80df861d1403fdfac9355f80f3ee3c0968354ac2dc198ee3f2 1640674229348 1640674229827 479
4a38ac1b006470da3eb8aa1d80cbdad300ea6c946c872a53877f23713b328f8c 1640674243063 1640674243771 708
cdb8e2b0577a25ad91b8d785c0c4f7eca551c622d20a21c9c2426e14328c3c95 1640674255693 1640674256274 581
3b3d751403b1d68d5c696e58d3c8dbd37f3323220a8799b36a9408717b54d5bf 1640674268587 1640674269230 643
89cb3f03a8a599b18bf8fed497df52a33cac2477c9663bf16224e4ccc1216a92 1640674281387 1640674282138 751
ecfe60d9c5ef1f12810a914027c1b99fae5a9dc6eba71a50f0edb6aa4bb07874 1640674294261 1640674294715 454
aaed9266af4d545ac0c88fdd352f539323631f9965ca978290d818e4eb510293 1640674306880 1640674307724 844
2051e4b5e003851c5a4a00895477aeed192394e8323ebe46046105ba8d8b47fa 1640674319959 1640674320628 669
9de8463c886cd18f17e2fa83c16144b95f8311fc31d3d0a2bd138cfff81b5c01 1640674332756 1640674333585 829
7848e2370aded5b56fb06408d7bae3291a7f6d2b62ca68e8d91938af944970c5 1640674345770 1640674346425 655
4e7a384986030cb86e3afab8aa42f90ccaf149361b6f48f85984f35e48f8280c 1640674359136 1640674360065 929
528222198997db58db292707dcdccedc5d2d702dd26c38c610ee7cfcb0eeb2df 1640674372159 1640674372870 711
1e084a6b1f865a4f5e8419a0c877343d6afcdd7429e153a480ee61efe1bded7f 1640674385633 1640674386217 584
7c9b339ba00bce528ec208f6fd143673ec9d6c542753adf14701d5285913b3f1 1640674398139 1640674398891 752
f4e227601758a5e13e265bf3b5429c24c992e279f373914a14495f6b1dcd1cce 1640674410956 1640674411581 625
4a2fbdb1238c71593a9e6031c6b49630e2ccb3e20f817c226c3f11014cdc9550 1640674423665 1640674424382 717
1a5f3c0f66735693149ff9c6aa78da96f9c075534f0da0cad1bf50e2897af7fb 1640674436508 1640674437187 679
dddc007f054618cd7ad8e3d7c3b4113f832caaffd9f32715a45651057e82888c 1640674449923 1640674450809 886
33281fd9eaa0e5132057398e55c304181de864a4248b5a23216b76023184c110 1640674462872 1640674463559 687
91575d29e7ba10da944cab73d28da91b8c61673fe82ed5a0303c63ea5c0ca3b1 1640674475551 1640674476341 790
b462e83c29055da3f4979ffc379f4df8d3a733e04b08d40b15ecbfb49ab0dcc2 1640674488002 1640674488837 835
fc880e97f6b3ee3e4dd5b04bef8a1ee975b5058eff2da47e70bf553cddc19169 1640674500835 1640674501445 610
573d3b9ed4541b9904d0c5514b56ec7f73596c9821ef65d13ceff0ae7fff55a4 1640674513901 1640674514918 1017
bb8bcef3b482b9c5c759d6954a68e689046946c79015aaa1910be5a16e65f354 1640674526804 1640674527452 648
