97c373c9e8e17c29e6d5ddb908411cf649517f645c1558e9f91d79695eabf568 1640673892409 1640673893336 927
a2751d336a7e74a6112851147430b24c91469465d6425c5b9a9e82fde8a3bcce 1640673906622 1640673907319 697
f737fc44f058c8213326fd1ae8b19d93bc1eac9adce6cf2c8cb049a42f96c400 1640673919269 1640673920009 740
1644cfae8355eafa22414af7ce630d658b8d098da2dca8e7f1da2482e67dc355 1640673932479 1640673933177 698
2876a12a4018039b4b856068d7c0a1146ce0ea99c41b83dcb2eb7f828af41bbb 1640673945236 1640673946028 792
2897fad91314e59a6b85790b113c1fb09e4e6260df9bab8cdb094ec566201227 1640673958085 1640673958857 772
bc938379650b488fc1b15acf62eb81997b8666650601b69c8eaee5aa905c2190 1640673970760 1640673971454 694
a0c53ca7d69572865733e366e6d058e3d85b59f5a4c9bdf55b4447431a73296b 1640673983412 1640673984217 805
b3087e675fb3e41be3ec542fae618be6f8b9801fbee35754081d04232a31ca77 1640673996272 1640673996995 723
2841c379e622a4446a7f1601e7ea5a6a526c653f695965d9a73cc105662077dc 1640674009298 1640674010078 780
a05fff54d20b890c1f2091117b0b07237bdf535a6d40ba15646d47b841b7a0d3 1640674022382 1640674023069 687
d077d96cc9e7da02afd793059a1dd40f196f6ef83dbf0835731ad374e93bf61b 1640674035103 1640674035791 688
8c12b6bd79f2cde5b06991ba991465fb4071d8adaf3f38830ef4e4d14ccf9401 1640674047987 1640674048679 692
cb45464a2d7f35674ffbd5aa858032632f65949882ebf956e85de3d71bafbea2 1640674060717 1640674061573 856
0fdb9f42ccd854030ff442566fb9c43ae48af292dcce30540ff9c4743f0998d9 1640674073758 1640674074500 742
72b0d4c866e3e302fc63f26f76c46f1718c9c89888126651d2ca8c4b55e039a0 1640674086513 1640674087323 810
cca72daadb6a9c786b4bef9357374ff67109b9c741a17bc3d0c21b28124d26f0 1640674100056 1640674100758 702
84a5058f060b193cb0946b22d2f90544285c9f6e58dc787f1c9ba54bb6e2042b 1640674112798 1640674113669 871
4aee478eb86f4938b704b9783c56d1b669c18468d4a3263ae34a54b9d13ab7eb 1640674125855 1640674126526 671
588762341b5c41ebbef98e74c4440cfa322247b503c1636ef04d944a5c57d537 1640674138296 1640674139104 808
3f8159e86c0c0d031b4e5e1570c669451598b7fc31a8e618e2f5db00d7f52642 1640674151379 1640674152128 749
c5fe6851acab12ba24198aff60b36a77bf3496eefeeaa24bf38e23263f3b02bc 1640674164076 1640674164945 869
d8163effcaf0b1b98364ff320e5cf513856e467792d284e8e499b52e7af6ac41 1640674177187 1640674177874 687
ad94ed6103fc6afb8c7e9276833c8de1395444afe1d942026a51a1612e873dd8 1640674190037 1640674190912 875
48201b86b3cf48530da9a40dfca05bba671e7787c100af00ec12420ec2f21eba 1640674203167 1640674203783 616
99b0471cac393f7305881295ffcea433e5c4dfcc074877d475b33847047cf907 1640674216146 1640674216893 747
420082711fa709c26efd196b1777250935af7681b87c6e1317831a0e31e1bb76 1640674229353 1640674230111 758
51a15b2782a56d91687a46937dfa95a4ab98860fdf92692f18819120af3de98c 1640674243069 1640674243829 760
5f5cb0a4d9a57dac3e9a049bbdef481e597ee81510f31a683d75e657cdc44431 1640674255698 1640674256620 922
73d90a45eb08c408521ce99b78621be4ed661ba2ceb2ba29ceecbb8d43110f0a 1640674268592 1640674269316 724
d76bb3c59d34073c92f4f8f9cad92b69c4a570fb25416b403320a4dc9737de76 1640674281392 1640674282188 796
72706cf030d78ff2868d867f7097a039817e61176604a05e0814b5dd9e81822c 1640674294265 1640674294954 689
4f9147d2d16d1af948a43fb1a1761e413c5b9a527c234ebad85fe85e1b56dc9f 1640674306885 1640674307705 820
418a2081070ac8884c8987f3c854e3632bbba502a9d1ce90e525df838be42dbf 1640674319965 1640674320718 753
75ad94ac2c75f480bf0f3e57c6c762e1483b02cc4aa52818c68cf01a5cc9fd6e 1640674332760 1640674333480 720
e76eb3b3839381262712151185a39a7121008a6cd599db35a312d2b1ebea52e4 1640674345776 1640674346562 786
e51d0f8409b66861dc2510de039336f8632831cd1a4c7f96aeac3b81b93a9982 1640674359141 1640674360017 876
abb94a6ccda7bfe052d8f48b214449a8baa9aecba1a44b80c215a124834242ae 1640674372165 1640674372858 693
65c50329df2ae4594957770bc8ec80d8ef1aa281b278e76b49a142ca6d265f57 1640674385637 1640674386358 721
2a4b027cba124387391ee64a8144e8df114cb5e5560616d7d9371b32ba3c43ec 1640674398144 1640674398983 839
7a2c9a15fcc391d8c7cd6b3d8a37c4c19007a205efd32854dbad6b243f3bbb83 1640674410960 1640674411642 682
c5cc5bf314c6da8f9fb06bb49896cb62e25683117215ddffd749276fa3dd2f18 1640674423671 1640674424404 733
621353d0a8aeb11f0d1d0ded043eae9be99322f9d5adc10a875b19eb09cd6888 1640674436514 1640674437185 671
2d250e7bfbd57d23ed0f5b383875fba5b7a1bdabad56d69846837973c3c4f6a4 1640674449928 1640674450804 876
f70196cab4d795439ba8cc7d15a4a44c9c1f1c476a1700822d89e32f813b7853 1640674462877 1640674463606 729
371f9402bbc61dedade542feab75d21496ec8c782534d148ba89375cd94d2f3e 1640674475556 1640674476289 733
53dc5e9ff30e8a71ee94fc7e79cbd65b954d1faafc5f846e69650736b2f186e7 1640674488007 1640674488907 900
71751333081247fae2c064388707d7c2d65b17815224abb96f13a62e427c1ff1 1640674500840 1640674501590 750
ac7a75a4e2bcd5954ad8158777a8010de0c1ab1996c4c7841283019756905f1d 1640674513907 1640674514785 878
3b389d1dbb7b01488a5f8aeb043b647ae595216aea37d5b9ebacdb7da280d581 1640674526809 1640674527588 779
