7eb31d1a3f794bc695c12829875109de90b5a8b9acd1a93ff328406d47731035 1640673892418 1640673893241 823
6fd49901c2fb502bfef9b7d910d27f7c63ae28af2d71f909109b427975251781 1640673906629 1640673907429 800
eb71aa9d4b740b59cdaac9f0f820d0701a6fd47da48d2eede95f365602a55f86 1640673919279 1640673920154 875
cd183442cccf10d3951f4ec6153f5e3fc71ac10b5816671c0ebcc0d81d2d46bb 1640673932486 1640673933261 775
2559cdba6bb0977b23405737d62ac676f2297df97ebfaa2b97e833ef9bda5bf4 1640673945246 1640673946028 782
19b4752932d23f8fe8cf8bf75f77390e19b76ac944c3907b2237fd57f80bd696 1640673958092 1640673958929 837
d13b05fbd75aa5e0d10dc9d776550425d6ccb856b168dd33f8974ff907a9d957 1640673970770 1640673971542 772
7556619d44f62f6b90d17451f4337206636189788076ae36d89a3eaec0649731 1640673983422 1640673984219 797
a44af05d10d35173bf4d3726f4bf279693df85af01aa1bc7753ce66629533d79 1640673996281 1640673997054 773
bcc39720e17b057295fa80a3d5c8d3c4d835afe90c2c13953872d227954c2b6e 1640674009308 1640674010126 818
22f1893f2227c24ac62bbb4f830fe22d127456b6944b89fe41d3c6ab0d8584b7 1640674022390 1640674023142 752
ce4f1844c11ca41ada5544162697a01ee8f4d1ef74c59ca8eda09d90f887a761 1640674035112 1640674035938 826
16a17513f43b4958a6163ab135bf71842fe0fd887fbffbb19f0f960f0839d1bb 1640674047996 1640674048717 721
2d9774c056888ceb7f22ddc6af8b91a25bac221435e16b5c7b9f07b11eacb06b 1640674060724 1640674061484 760
03c32d71c63e4887cec3e1e8ffbbabefe8dc085c1f084cb4e783fc48dbadff27 1640674073769 1640674074526 757
36455e3f00095e9bdb752cf9eddb5200e36ef11f1c6a7ad6af2bb4bbca235b34 1640674086523 1640674087373 850
561020ca0fd535cc1bedade77b462c95bef583d5f8769044bc975ce612097d06 1640674100067 1640674100823 756
5de2c944d3303b14d274eecc73a8a062e6ce7d920b2f326ddffb394e5476f348 1640674112807 1640674113647 840
4c2904b5bc4acb0ca87ad5a37bcb94017b27fffc442c9e4fc00562076a73973e 1640674125866 1640674126635 769
fba217a3cbbe3b3e2cf1e9a5202c7bf0124f5348f5ecc0506268d83322eb8367 1640674138306 1640674139161 855
bd70f936c81c8bf46b335db42e0a459d83954ebc6820e7e66124d9fce00fb8b4 1640674151388 1640674152139 751
c8356b2831c57b90a685f3e553724689b9afbcc67a60eb27150e735472468e12 1640674164086 1640674165027 941
d33b208a420f6368b72a24d60a9c982326a3d48c996996400d8231c0f98a6ecb 1640674177196 1640674177938 742
20c38b8067b88458a8508768e3b63d5ba6eb50a162c6075274731dc897e0914d 1640674190045 1640674190945 900
d1b383e4c093298a7ba0558fc633c6aac243fb555dad4abfd429176407ed0504 1640674203177 1640674203938 761
21688e017093c8d3cec456366d5bd28ba5eace8831aae3981b8cd1c9881dd09f 1640674216157 1640674216859 702
70e60215207afdeeed5146d9f8e8369a54b2fa35f203a54afc734b8671d4c89d 1640674229363 1640674230051 688
53ece0bef5780250cf1de586705614254b707f0f2fb6d52d1635d62636943ae6 1640674243078 1640674243844 766
c5059960f96c2645e55ac34992def26aafa2ecd655c9ee067a2176093f8fcb1f 1640674255707 1640674256553 846
c42bee593634b135f70a80b9a63f3a95701a3e4fe0de73444b5cf6f49a3bb59a 1640674268600 1640674269361 761
218d5ce9660e8e8ba9598602f75b8b66668c4831da016a23cbf668b1497e0fd8 1640674281403 1640674282226 823
db73fc514c5be24214601f87f74b22f11b65ac6dc1bbd72220bcc7a18360fd6e 1640674294275 1640674295030 755
09db972235f4fcedf71e44be46ccbc7ac640567b23fefb3787b8ca376597b2b1 1640674306894 1640674307846 952
7e47402bd49f790a117872c84e4cf21ffae1d36c256f03cf29ed1a6010dd42a9 1640674319975 1640674320753 778
77036594aba11b49691b8f57f54afebbce1a5ceccd18c410f6ae58dd96b1130f 1640674332773 1640674333670 897
6ea4f8442d32cb184225ba79a92f6345d0ab52f2cae912e24065202bd3e7246e 1640674345786 1640674346413 627
8ba5c116e150a1465933e79fc5f3248e0ec5f053301702537bcc92d2d4693fa2 1640674359152 1640674360004 852
7155315d861238787253a427120d69f1cefea144d83d88d978c7097cfb37dc3d 1640674372176 1640674372968 792
6d593b735854c323b86f059c934ce43d7ccb45b5e35113036c045807ef07352d 1640674385647 1640674386395 748
56341b28560e38de8d4a0d6128c33fd19efbedaf11c9dc6b3caa7bef07382e4e 1640674398155 1640674399047 892
c82dbb3fe682f69270014ba0f73d07234d84d514b20e1fac3fd2f2589e404cd3 1640674410969 1640674411718 749
557cd3f79a4d062b6ed906ee63f4b0044edeff84fe0a5266a51d820358864c53 1640674423681 1640674424474 793
84b61caffbb18a9e7f2b557c75f3a2c7b30236946b55b0b760f27c923ebd2ce6 1640674436524 1640674437287 763
2ac684a835f6d7376461f8557da2739c3e11d9d86677eeafa424da3bcec85d97 1640674449938 1640674450876 938
5fe96333a57481709feb3d8b2d64c1cd1c92a7f9c9d674cba1bf27f7d0b37e58 1640674462887 1640674463635 748
caeb9a672c85975a50a25c0c34e14fd0448dadd23f53ce16d3a466d2e5399b0c 1640674475565 1640674476359 794
8c29987febc23e27e732fb41d9eea91ffc04ea36dcb630fae0735fa0503c4c4e 1640674488019 1640674488942 923
ea23f8edbe64aa38f9817569add39b649f5e2ba5b439d5a4447cf9f0340c6117 1640674500852 1640674501620 768
3a27e1b2a1d0f17dca4311c3d176d5595783712284f43f96cd7648397589f68e 1640674513916 1640674514931 1015
7b93dd1f39e76f78800ada6e816b8d2a9e089169372ffa02ac9547c4b30cc9d2 1640674526819 1640674527591 772
