8c0698de1b7db6572580bdc719f9e4480c2b44d5b8c75e99998241e5671c35a2 1652084979490 1652084981295 1805
fa352e690ff4b0713261d9fb49804f1fc4520ab198da7d1431dbb405bce5d71e 1652085014626 1652085016211 1585
23bac7078d5153f981c13ad26ca265f81873728bc6a5b34013bfef246aa708f2 1652085044562 1652085045963 1401
f401ef083fd8f823ebfc526c7d5588ca22f033d963da795f43730d378292f759 1652085074195 1652085075851 1656
64b669f0f5a913fd51355fb9a9fde762ce30c5a9d0f0c63f2caf8d298c577fba 1652085103877 1652085105474 1597
7c157249f81e7d3c0fac7398fb73fdd9eea9f209f37180a60e92e6aa03ee363e 1652085133697 1652085135443 1746
62e0010632306a4cf9191aa986f1ef113bbfa43f8bae84d3790bb658c2086ca0 1652085164102 1652085165407 1305
51bfca83f5f49dfeaf1c9cb13b3e02aab223dc3615e12a358a94a82cc8d54e84 1652085194151 1652085195639 1488
0602b1652f355c0bb57557d98ed006f8ca3d7d4c9e66acf854c39587b6fe8f36 1652085223794 1652085225612 1818
53247a3e1684aa5207336a5863a44e06facaa9998c4ab2cbf13be0c49b6deac0 1652085253333 1652085254872 1539
