98b2dbc4612f7509aeac83307aaa5f0e174530083f9a22511a9b564c8d67d6b2 1652084979485 1652084981300 1815
1a8ede3a286d4cf4367d7cf43a6cf07a75e8069622f3f263b5de227d24496328 1652085014622 1652085016136 1514
f405f4ce6288ce907f0fcddb1b1094d056bf26e9806eb0bc4ca412d13f2f8fc5 1652085044555 1652085046217 1662
63311fe93c15ff9bd1a66b61dcdf3472436c620df3c545afca4345014a586686 1652085074188 1652085075788 1600
b889193318eb2fa9d583e699ec9f962b30e32394dffd03af6d0e16c3dccea6cf 1652085103873 1652085105768 1895
61aa02f8bce971ccb60cf6489219e952d70eccc488a69731d30583c1c2250f85 1652085133695 1652085135370 1675
e6e25d66dfb4dcd7f313c6b1ee73b2f697f7a6897a47a8f7cc29ba84f09c9a27 1652085164092 1652085165470 1378
14597b4b5ad06fac8cacd7e259af2cf3cb56b23a18a5a9f004fed184d91f4f03 1652085194144 1652085195892 1748
1150f9b6524be4d7b1f922a3e5d8ec81f8ea969c72dacfef4ad8bdda2bc02611 1652085223789 1652085225153 1364
038d2915d2f23b0e4ceb9103f048af4d79ad706aecc6ebfd93bc2f133695835f 1652085253327 1652085254784 1457
