a8c56b55e77c60c964ccdbf04d2670447855c7f2a92220d42d757c1279d7abc4 1652084979537 1652084981236 1699
a933d76bee8ac8fc7392be1eebb574ef221231a85f8653d8eb16944daafbeba8 1652085014658 1652085016372 1714
1ebc8007696be6b309c981346c5b82c429d69f8ee3e308b3a91f7273d59d5db2 1652085044597 1652085045811 1214
b14af3955bf74c644c41b90f0bf8e5aff11489abadf2924fb4126cd41ab4d078 1652085074242 1652085075459 1217
9eb332622ac36fced2ba259a4f19140d27a6b6dfbd1b8466adfb0040d9e6d795 1652085103914 1652085105749 1835
df93d1567401a25159fd8d9fdad9fe9e427425e87c68d0feb24655f4d2ce7ed2 1652085133745 1652085135484 1739
d9c99f352c37c67605a3d925df69fad07201049cfa71f2740cd2ae938782a4f7 1652085164137 1652085165760 1623
31553a83d403a598fd56ec18d571a33cfe2d19901c0013343a00bce0ade5c882 1652085194199 1652085195471 1272
896ae4ee94622af00f22d18667b5b0e7d90cbf2a994021aa5feea2d4dda97f0c 1652085223847 1652085225403 1556
ef6577504cd5e8d505909aa77c0a3d21e1f7eebc200dcf4b827914ea1240d405 1652085253383 1652085255085 1702
