0b1b1ad496be8041161cd76e3318bacf9df6aef6de1c9563b9d497c68bfd6ab7 1652084979487 1652084981062 1575
cb35606f1648795f02ea9c1096078c36d8b716e9a499bc8b1f41c9bac58c1381 1652085014625 1652085016341 1716
80f579eb5f44c949faad1bbd4b2b80f75697618a59b81874a3cd1ec4d353f269 1652085044557 1652085045846 1289
2b8c9aba80c639e6c1d072b047017e99f9d8e79fe8533a686d2ec917502ecac8 1652085074189 1652085075862 1673
23a867a911842410fad909a8faa4bd0dbb9bfc3bd218285c97e82ffaa2e5e23b 1652085103873 1652085105665 1792
1e80d72a33c6c2ed0f3668ad55378441fa2032ea9ca5bd3cc0f7f2a8e9fe941f 1652085133696 1652085135475 1779
ed6a3b2d32152986d2f23913bb1f9983f8f46a9fe8dec193d2468ef28cdc6905 1652085164091 1652085165599 1508
2a165eb3bf0af60cbd6de51b39366ad57ac8ec28f443a01d4a8f78001a52bb0d 1652085194143 1652085195623 1480
e7d5891d61c011f175b3969970775867d27e0d0bc20df37fe569ad77de605633 1652085223789 1652085225587 1798
0812dc83c28bab9a271c5ab6090f56352dd34be98dedd14bfb6eb11377cbf081 1652085253327 1652085255122 1795
