c86ce07cbf6aaefe11c29388b0264718d7aad99a4640957d875dd20bf10677b7 1652084979488 1652084981308 1820
f78f03749975b5210bd7d3ed2c89cebec0be9988c80f569b7f325d00edff366f 1652085014622 1652085016375 1753
f160fcd2742fcd4325bcb49a572caae970e406683a4884c5ebb598b670cf6230 1652085044556 1652085046290 1734
652c2e693fc3901658f2ce72eee27358ec3c422939095f1cc01bf68a34dca401 1652085074189 1652085075955 1766
903313d04a54b4bbc3ff7dbd040e9ed93938b9fbecfc95dd01fd2b778bb1797d 1652085103872 1652085105503 1631
6d972bc264e86ebe3efd04b9669a3982c40b1e5ad1fceadef17d38069f12a4ae 1652085133693 1652085135359 1666
ef5fea9e89576452e2f4d11e87e6fc860aabde1ba8bfc3beb2d0d727fd7c2ccf 1652085164088 1652085165886 1798
a937b35d7b29d0193e9d51f626685d8db649f5182a0f8c28276b6e5fd1473ffe 1652085194141 1652085195598 1457
48d175809cab9206cd5f782feace531f1a4edbb3b427b9b65b7f71f600f978e4 1652085223788 1652085225503 1715
8fe62a8c0ec34a51fcb79255c54a03a96976ab59270a2dcf942950d5a43e2d16 1652085253326 1652085254763 1437
