5a5bbdd00d8778095cbfe779a4e9f7daca4f84f66280b6158a570ca1114599d2 1652084979471 1652084981324 1853
5382e5988789e5dfee9a2240c6b0525e5a41412cea675c952c74e3211d162cfa 1652085014604 1652085015945 1341
ab9da3ccd68d2aa7cb7a1f4b4ba51ca052256e297a60ecd9f13e96c9ca13731f 1652085044536 1652085045977 1441
33285af695336ad6f177160a429f6019aea012dbd207001a332dfd5f1746ca0f 1652085074166 1652085075833 1667
2096f7b64c8b849274419584476e69096b5ce9bb9adb2b3c4c2866e147709775 1652085103850 1652085105772 1922
53e517547d1619acea90e9943aaea550b0c0a49ef92e462a9cabc26059879d4c 1652085133670 1652085135173 1503
8e3fb07814ba898dc6b53d652a19dd2f3b55a1eff6f45c681085afbae370b2f1 1652085164073 1652085165893 1820
518c01372b1c7b7f408ddb8c36a71d66a8d46a5df51567ec8c78cca719d37c51 1652085194119 1652085195858 1739
a27230190234dea90803bcd351b3342bfb6e0eaa85f31f3a68f4a72402bf98b3 1652085223767 1652085225417 1650
45d4358b7b75bb5bbbb27264417371af09df5bce1ab49b508ac45918de240f02 1652085253304 1652085254798 1494
