829ab4920b490e4b852d7b8da732b5b60d2e2ba3e29f3b9780137e088506f91b 1652084979480 1652084980891 1411
d7dd2523c9891e181904ec4427e65048376066252a1a5daa5ce1c4059dd00090 1652085014613 1652085016268 1655
faa04a8335c5a1f14af8fcdc3dd86b15b6180b5ad0c101bd0b7d0d8865122ddc 1652085044546 1652085046179 1633
034bc59728dd071ebcd0898ea7839dc69c98a634081c932e5c57f10fbfd93b3a 1652085074174 1652085075664 1490
e0bc800c6abe60a0e889d384faa367a985f57897c9ddbba2950ba47cbbc4b4be 1652085103860 1652085105446 1586
56619106de01871fcf154e27efec645c9dfd13f1bd6ee3a2160339a7bb676f24 1652085133684 1652085135358 1674
832d32827b47b34567e198d0a1a381dfaf8a10fb44a6656fe421fa2466ecd345 1652085164078 1652085165448 1370
3c80f6449ccbd7c0b224d5c9134f2f50f201737395b32214f8932def538718cf 1652085194131 1652085195605 1474
37eb5f400f3f74e18a24da81f8dcecbeb55ba822783487731aa2818f560f99e6 1652085223777 1652085225589 1812
5fb8a0f39fb045aefe3773444cd8975e3d46f1e2241f0b70de0b94f625586fc8 1652085253314 1652085254784 1470
