8de83803df568e63a4f32c87228e0898203b50b5f09225b9705e6e98c4c30508 1652084979480 1652084981289 1809
c43cc006a5dd43000379375c3d013a33937638ef5ade3169b76f42a1589ee2a0 1652085014614 1652085016180 1566
1dfe48a8d2f34aec533ed77998c552d78ad59e73cec4e99109bc1f260ceb6f68 1652085044549 1652085046174 1625
0b68eb3333429958296753872fb3f03b91642eb627b68997cd8245d004158fe5 1652085074180 1652085075455 1275
a41345b52483b9c5973d9a957c3a57fbaf56d92cd9309dc251703139b3c6d617 1652085103862 1652085105694 1832
c384fa902b7921c687415b7c930e03bc9fe8c40db82953eced2bd27b917251a3 1652085133683 1652085135414 1731
682251675cdb1e44c95a3e1ef023c6ebbb8f368a6f47fbbecaeb378557ac40f6 1652085164079 1652085165564 1485
872cac9f39df9de167f3e16dcd992c6ac469e8b32d4e57ac21e66f1342552c46 1652085194132 1652085195878 1746
596ea5cc471766567fac696bff8feec604c8b339e302e2bd98f6942f22ee0e65 1652085223778 1652085225171 1393
83b6bc16f45c69ba9b6cfc93c8ce4d1e190c964da574c6e8029f224db60c2e61 1652085253314 1652085254940 1626
