de2ea47744913dc5b355c2441afdc2100fcc18b11b49a3a7307a19306ba71ffd 1652084979443 1652084979956 513
8a9f1c9c2946e1bb02099b4f0aa75390e64dd27d54865a4c99bd1ae3b2c34d0e 1652085014575 1652085015426 851
2084c09f72e040ed4fd1b8a18aec9f70f226491deeb85a8b7abc59543b5ba2d2 1652085044502 1652085046156 1654
6e5fe5db20c116ea3429da243c9e759eb41b286ab66619e6c10af972e8e2d8dc 1652085074127 1652085074817 690
29f7b3a10958c8bb831e7b5e0b9d4484da8114f1f8a2792e4a6b8adf1e7b8db8 1652085103814 1652085105680 1866
159bf56a37fb790203225ff18e129973b6810ab254e89cacb43e7835773ac4f8 1652085133630 1652085134478 848
dc645da192fa26697ebbe494bf5009983163dae04bdc91e94e6a5d22378f3b22 1652085164027 1652085165707 1680
d27314874582ea15e782c405402306e9b4ff5f5198d32e3215fb1353a71218ed 1652085194078 1652085194664 586
aa2155a4e58e9411fcceb816777b34278325c2a5ad69ab3d2fa819186ed45671 1652085223725 1652085224571 846
1b1d58b9e81bbbc292adf042180a7505a9f689da78118787733367f49dd070bd 1652085253264 1652085254045 781
