f5e14cccc0ab219a361d1d03ef1b13769e2ec57f35968d399c9d825e89bee252 1652084979466 1652084981297 1831
ea98c70ae5ada180c2ac5903da19897de6d7391850bbfaef0b0a0fdeea344e54 1652085014601 1652085016255 1654
fde74300e7d6616dafebaa28db0b4ad07dbf8412b5d0d721dab3b0e0696b6fbe 1652085044532 1652085046188 1656
4819cf6ead98b3c9690b55240a665d44182e45c2b9b3207cb2be857fbe7ccde6 1652085074163 1652085075927 1764
3b3723a591846534a59a8171809b0c8246232d848f0f094478b096fb22813e2e 1652085103845 1652085105410 1565
3151d30210d6a9ce22c19bd3b990520aa6a8657d9de05ac0c21677efea0c0f0c 1652085133667 1652085135311 1644
d04632cdf3a473abe1d3f34f0812899930f762630bad888f2d8d147787f1b81d 1652085164068 1652085165889 1821
7178bd8c031ccfe2b464e6c22e8d6d26a22f3ad66ed8ccb811dac1d093d76339 1652085194113 1652085195718 1605
81486e84433e73de95d13535758c762dcca03ab280ed981b76e3a92e59d989e3 1652085223761 1652085225602 1841
5fe9001ca962f4861bf2bea0a469f00ff80f023da01b676ba576ea8fd09ccfe1 1652085253299 1652085255043 1744
