fc4cef10a3c561e929648a48b58c5fc61dc6c1efc5562207788ab0d7ce6cfeb4 1652084979480 1652084980904 1424
b097b7b37c94901943e615db1582f06192cc27f52fd40b0e7ab9146e4f5d600c 1652085014612 1652085016040 1428
1dd74161877b1614742a21fbe8b5bc205f92e6a6a408d84b1ae1445a0a681a3a 1652085044543 1652085045812 1269
939eff697962cb0e17ba655774572088ea9469ee58618bb6b9bc3d6efa710f70 1652085074176 1652085075863 1687
1a1f07aa6cd89c8829c7e7380b2eb60b17bec4dd313b00f06190b4d255ea0e7d 1652085103858 1652085105446 1588
abf17b91a4096c40dfea612a569ff4d62daffed89cd02a665ee194cdd96f1a16 1652085133677 1652085135133 1456
54157091e79d4456dc0610dd6d0e785cca50e3d95d2e533b8870c2675eb3f5a6 1652085164076 1652085165767 1691
7d1aba3b860ed971f95cbc2ebffb4729dfc76195b0d2c06e71a8786c00334958 1652085194129 1652085195656 1527
b553b457764eaf0f57caad320f3854af5458197bb57b5ac4f293edfbedb4e42a 1652085223772 1652085224703 931
50f217548e7fc54816d1d862e9a553eddebd1fa8c08c24e2b624ce6a097225e7 1652085253311 1652085255116 1805
