22a40b6c0b0711e4d9404832e43a939b8fa88b5fe1b3fdc2543576bd17fe96a8 1652084979469 1652084981333 1864
c67044fcd8d2d8d9ac3cc0563facce648bc40888901a553c95cfe425e9d463af 1652085014602 1652085016395 1793
e39acc3c2d946c8eb53dd942900b4b39b1fa77b7e1c65e6cd5cf5dcef11cfbe4 1652085044532 1652085045854 1322
1940f2f36e617ea5ee9ffcf2c5da5c8e4e304276c8a51871644cb46651996180 1652085074163 1652085075533 1370
174f90d6fc82b146cb1679c7cba86824b94615152b9fdb05ae3b9bf57515254a 1652085103852 1652085105468 1616
43769de73f9a581b88a301b04f71140fd33acd2669ff57e8d3c9c8bd5cc32406 1652085133670 1652085135466 1796
6538332c3b98edbcac5c36ef517715105a6a747c6ce94c58a4ea89ae2ec6e4fa 1652085164064 1652085165802 1738
7faca7ae53e0591e5f4697d9d1db9ff4917ec61117c5cdbb1605a7019d64aab4 1652085194116 1652085195855 1739
4f639dd3adfe0f78f6e1dafa5edeb9e353643ac34b392397f33ed1ba943812fd 1652085223762 1652085225610 1848
280bbfc0abfdc16eb0808bdf7edca18a9bdc9a1e56c66a580bcebacd4516a39a 1652085253299 1652085255032 1733
