5a92bc13b3ace498aeea4a637ccb08b6927385ccfa5f2a70ef35ea3c0612448a 1652084979484 1652084980906 1422
a97af967487a1492a897055e4ab8910a485e32bb3f7424fd164b76b96f713942 1652085014621 1652085016162 1541
b957e05decb683816a5c273531e2212f37142f108b900fe18829d72739e5ba94 1652085044555 1652085046213 1658
2cb9bb434d5acd24f2800fc845983066be1a93a900e2941708d421c3c25aede2 1652085074187 1652085075995 1808
859021cbda7d1bf353e3ff98d10bbd91658d52aa518e11729b9f6f1db51b99d6 1652085103872 1652085105710 1838
f6005554f241125f9ff85e4baf4cbf031c46be610c07586f8d6858d81b202d45 1652085133692 1652085135433 1741
c4b876053e8db07ed3f9d68d406585611857145d9a92fae906513b8cf6a01293 1652085164087 1652085165635 1548
fd1627c26626abb3941e95d7452b26965de832d27352907b2d2bc619e821fd6b 1652085194142 1652085195609 1467
6f620ce504fafc41d755ee1f648a5383b899cb59daff991ea2b9a5683b96cbc3 1652085223785 1652085225602 1817
15d62644dbecff5e249e5cd0746b790a821467266bb96d8f200656a388eb59da 1652085253325 1652085255106 1781
