ed88c67f4465d0e6f4bffbef9f339ae39db264899ec5d3a107785781550ec538 1640623388780 1640623391551 2771
d346435e7154e1386dddf5dc99144eed2266430b13a51449b320b952859bda74 1640623407499 1640623410124 2625
5b46eb9fe32e2a5330112aab35740ed7ec2e90e713eda45e7af3020146569e77 1640623426338 1640623429365 3027
8df969bb1138919af6f03343a7ae5938bb33a0872a88f63f92c2c6bf046bdaae 1640623445129 1640623448322 3193
e76bbc7ce20cb3ce5151b6724b66a6af7510815ce611b72d792e99d960940048 1640623463906 1640623466582 2676
a9ea8c1933e09c32d1967a49d369975f23ce37c52d3bf6ab4b57533841d8999f 1640623483163 1640623486342 3179
d8d2f6655569a0f26af0f66b681ef4120ddc84c960f65d641cd9c3371e5554a5 1640623502857 1640623505578 2721
fd80b759776201b4b3e8e2c5199b5ca3767209b3f61d016bf84ea085f21152a7 1640623522357 1640623525650 3293
cd2c41cfb7c4481e6616d1043d5abdd2d265b2ca9aa6f7e9837a9cb5b748290a 1640623541398 1640623544668 3270
ebd5b72bfddfba9f14deef678ed33f0bde4fd0cf135224881786abb43761a1f9 1640623560510 1640623563496 2986
8e226bc5b2c031cfcf2d2d4e15ab4373b5391d73d31c315616cd3c5251ae8c47 1640623579802 1640623582910 3108
af9ccf912e0684e709a515534da704601b3114170c838fb1458ae81da9d8587b 1640623598893 1640623602179 3286
c48acb825dd2672a02701eae8291ed2e6633312e1c607f28292253d49fa8b297 1640623617555 1640623620407 2852
9c825221706ccb9d35a28b04fb6b81fb80ba1346e5ec61822fe492c363911ffc 1640623636758 1640623639488 2730
1f4038652ff9dada7601cfeb41afc884a5969b6a7aa6ea58106470ad455648b5 1640623655840 1640623658379 2539
4ad8e1f96886d61874ab9824a0a528eec403787fa8bb3962e0d4aebc359ed967 1640623675010 1640623677723 2713
e1645da04a70b68be9d54901b8d7c514a37b9b64dfa7d6ef712783e93f313301 1640623694104 1640623697557 3453
f3273ba35a3f8fe280f2b136648d2b8195aee72980c4e69e86fc209c707d51b5 1640623713145 1640623715318 2173
39dc3b37c2b39dc50ff27d1bb89c4aa37152b419c0577da8e86d51df0cb4ab29 1640623732117 1640623733919 1802
10b54b66138d93d84b2f0f0eb101ca89c7b776754e45e4986584fb331ab244ed 1640623751323 1640623754447 3124
