09e290ad27b6086bb76ef6503ee9fcb39cf6666876af3697fc7db7ca202a4f29 1640623388778 1640623391546 2768
a2d07af93f8883c338477ac245c030d2477309d57b736b18ac5d7a4893b5cf3a 1640623407496 1640623409024 1528
f0fdac9398846a712d217683d2267bdd7ee000c163e509e798f48125de3e1acd 1640623426335 1640623429633 3298
1c74c7c60ef725bd7422aeab4580521e02ef7b7ae8eb6501f5c1e51e79572d42 1640623445124 1640623447690 2566
a9434a62fd3b168e91a100702644092931bf5f9d5a3116b31b7b4fd69d7d4bdb 1640623463903 1640623466353 2450
a82896356cc1cb3d422185ff51dd731c056dcd88bc571ad8139450d70a030968 1640623483160 1640623486348 3188
d9e36f83a74e7d69f40ae26f009cc2b68d9b11be6aa4f64bb154e1e8814b25f8 1640623502854 1640623505532 2678
3829431cff0999bf6ed7a3777501dc2478e83bacebdc1fe136325246e8c43f77 1640623522355 1640623525205 2850
55bb6e3f96edd8e0dd9f59348c7e0946612ea039ccc3c8815e49f9b6477ff7f9 1640623541393 1640623544701 3308
56fce426ed9bb50b1a95c4ee9dae9640f76cfefdd561d903cadd4b88e3c13009 1640623560508 1640623564068 3560
0355e55b5022bc07b43ec642fa512b3ccac0ed573bc02346140c7b1f4f47c78d 1640623579799 1640623583193 3394
ab25c94ffe3466bbbc78f27625e40f5a398841277af5e74d3a5404a887a4369b 1640623598891 1640623601016 2125
fc5a61eedb75f03062d22c936fad207c728b2fd35d1cd2cf13880775cfdb436d 1640623617551 1640623620928 3377
b3229c84498ff1f73e0a804746514438684a71dec466d186b1ca36752778397a 1640623636753 1640623639999 3246
e6cfc6cd4193766165d95fb27185488ca6db7913aed2d9210eb3e0d5c4cc32b1 1640623655837 1640623658072 2235
8dc2fce02e5afb0d4f31c2e23549d16b7561e06a985fdda65030b8b3820dabd2 1640623675005 1640623677978 2973
3bf547e5e9eca2244008eb63deedf282ccccbdef75445f7a29a3db9f3eb55ba0 1640623694101 1640623697379 3278
1d9d66eca235672c0dc41f5d4d57f40ec8a878155342fc7bd45426b97e53bdc8 1640623713141 1640623715331 2190
2d5e5a31ba77b009355d8fddb46e3e4c7ea2c0f9be429698c2846fd4178f27d0 1640623732111 1640623733951 1840
3d30b20caff0273f410a8e012ffc0a13a5a9a81c189413f7490c27ca2adb7d2b 1640623751319 1640623754082 2763
