a8301e2c2f53e57492a47724723596d3e664b3f69da29be4a93584be7631d58b 1640623388777 1640623391482 2705
a05d0121924003b612e71b013d1712de3c2ef5a4a4a441eaf992a2d9e01da9b6 1640623407495 1640623409024 1529
77afae51c872aa231aa1878e4b6434fa61e0db26cdff44fb43534ae25f5fb8f4 1640623426333 1640623428228 1895
03dbe511cc47c3a77277566c18f676f1da964a8d5f10b5a34df6e9c40f0a5af3 1640623445123 1640623446463 1340
38778fda1e41908723615bc51086693a44c6932d20ce56c4bdb89c00ce7d3779 1640623463901 1640623466620 2719
83a03f5ae9cbf6f8123d222ad9d49d971660c5ef97a8199b1f768dbbf117d075 1640623483158 1640623486615 3457
cd26ca734abeee250c6e553b84d5cb65e3907abace35538c972d1cb032fdca51 1640623502851 1640623504923 2072
e26fff047e7065451e35e53d9a70c238ed541a561034e5c9fbfdb2881735b19f 1640623522353 1640623525045 2692
5d7127b33f41ad281965f69a4c24529efa9cc8bc13a8b90681336e0a631e4a0d 1640623541392 1640623544465 3073
3988e16bc144d19b80bb82b96b4b228fdd6ebb328b29676d899e23c431ca2514 1640623560506 1640623562824 2318
c78a718f520168fc9d60968e67d41d26ac22167ef64d5dcf94a1a55d5f309ec9 1640623579797 1640623583379 3582
2c327f910826cbecaf069dee4425edbf6268e552945188178b5f253df78e1719 1640623598889 1640623601007 2118
20743ae9613cf5eef9e85efca7b4c39d1a3bc56c6f159e6db84de1384efec2bf 1640623617550 1640623620652 3102
7153593f25e78ebc2b0019556f74f7e562f0b9cc53088a03ff85e962324f6898 1640623636751 1640623640184 3433
235a1c8f404bab2da0051a99a61adaedfc83b2f63612922cccc44946312290c3 1640623655836 1640623658378 2542
5d2739ddcf342f7457c8d3e3f345fff184ba4a38bf7a873966e04766f288b5ec 1640623675004 1640623678303 3299
4b1738097b9e6f0c13b3b47c72ed804c8d68ca7b8dffb52ebf6cdd6a8ea6af74 1640623694099 1640623696282 2183
73e1559e86d1c106eb3bb09d67c595b503bccf913f70b4013defd9c8b49bf0c0 1640623713139 1640623715074 1935
d75f56cbfdbd4ad14abdb6d7dd1957ba55b23e09597598b0f4db984b94c8f08c 1640623732109 1640623733864 1755
a8c18b7586dded545e721b64cbfc8e83b576f6d2ef593cd87ca68708ea0d2bfa 1640623751318 1640623754169 2851
