2469c2e6d294d81c855c471faf0306fd7f1167c19f980169ca6076081c517567 1640623388781 1640623392030 3249
d9f36038b408e33d16d2870f0b762ae205fcca3eba35e37502577d93a50fe518 1640623407501 1640623410170 2669
ccc5548e5ecb5e90429e619aa50dff3a4725a021ac3371c0b6984347bb626c33 1640623426339 1640623429814 3475
9f9783c5fc976efde0e8685117f8341a65c8625f1e1ed38c71e28c99595116d8 1640623445129 1640623448327 3198
25d1a15f84b6697d5ec0cba32550732ad89032dbba5fed243c2d33277863a0f7 1640623463906 1640623467306 3400
ce3020dbf11d62408920596b87cf89ca9cc73ffdc902268d2ed95fe7fc003e08 1640623483164 1640623486609 3445
8256f5b99e982579fbd3eccd3cd0e597eb592a164297999642a3799dd89962c4 1640623502857 1640623504830 1973
afcc0850dc0e413e571e885472e91dc3eb58c4d11b84496f426499c1f65eeee0 1640623522357 1640623524981 2624
7dbd85a7fb4d7370697cab37d55a5e4ad55f6120090483ce5bbb99bf64e8cdb1 1640623541398 1640623544416 3018
d8f679c2f982740fde41c20a16c43f58fb475ca39f769d4c8c3b7b8a6a5777ed 1640623560511 1640623563785 3274
590677085ce3b4e5a872c0029f3f2b0131b10c86f9d08458b4d729e4c13fbcb5 1640623579802 1640623583279 3477
0a5d4849028083fe40276f1c1fd95889620eb50f3992ff6d4cb1f8c35c565180 1640623598894 1640623601689 2795
4d8fb0e7ce82fc39d4549905c1f5d9f843437a12e4aadc18830cf89a4d4e2274 1640623617555 1640623619671 2116
5a2e49248793e188437432b4d5242d86d642828a7ed289fbf67e18d0163cdad3 1640623636758 1640623639751 2993
159f7335823a92adea654d04b257ccb302d5525d20f5c6b273d5b879834af873 1640623655841 1640623659049 3208
9d1f2033734c42cada20e6fd05ecb7966b3d8ccf8a43f0764bffcd0642188b80 1640623675011 1640623677822 2811
8ea68f7af18c9264fc7063ea509ca706c454def5b7459726ec3486fee1963aa5 1640623694104 1640623697342 3238
bd8c7c5ea9e5cfa28d205edc7660cb3f38b23a47cd829fe35f6317c6b141eca8 1640623713145 1640623716278 3133
b967a49ee801521507893188306d96154f1b6627951783056f8c696cd7eb12aa 1640623732118 1640623734949 2831
be013885967945bd2ef0702689c5b669a49b2554fb6bf971853e3ed38e08c41d 1640623751323 1640623754300 2977
