38ad206911cc2d2eecb467e1ada0a9b5a74ef33dd9b680e9e0ef68ffb63893d5 1640623388778 1640623392004 3226
72bbe7ce45421f96bf8c7bcb2b48ce2bc45b54ae7824e562457840086cb0ac57 1640623407496 1640623409984 2488
346c64c79a6752c606781351ddc3f65e09e9d45012890413cfcb10b2918e8ed2 1640623426335 1640623429361 3026
91370c199bfc7116cb0ada7d7fbc226d2a3f0a333b7e409d76ab75f37d9928cd 1640623445125 1640623447689 2564
a8ccc9f29561eb6260f63e1c4f7303f98de2935e849228dd25797ed6163b3d07 1640623463902 1640623466298 2396
5fb9c33d0d59cf366dd92ef7a8d6685f47bf7013546dfec32db750209cf1b157 1640623483161 1640623486394 3233
955e4ea2537cd5606fbda68d5ed9a832e3335b70a655355fa8974cd92f303b34 1640623502854 1640623505812 2958
dd188bd65eecae6047c20e622c150df2ffb2c2ad7a0aa59472d127dde1ccc543 1640623522357 1640623525722 3365
812980e03659ced25d336850ce1c8b3e46efb9876ce31de8d243b805fd64b629 1640623541393 1640623544577 3184
88707b9189291ee60519b0f672afaa71300160e9e7d985d84cda95ea56d7c0b5 1640623560508 1640623562733 2225
65a276abf07d06604603477454e5baaea0c382c00038bf20d999060aa333fe0e 1640623579799 1640623583162 3363
f5092cd060f0ef4d5e3f0b510ba95eecc7082afb10c394cb7a55d1d482669691 1640623598891 1640623601600 2709
82f7add4bcc327fcf471799405a1eb0a9b1d4c2f5f2b9b6a6f7d894311e125c7 1640623617552 1640623619163 1611
577237f8a502cf315ceeb5a770078a877ec3b027150dc8ed786bab1376f03c7a 1640623636753 1640623640198 3445
de154082fdb54f20fe41ad0458575185c533e1b2eb366dab03e364d483ffb9aa 1640623655838 1640623658354 2516
caf3ba586eaff46f994468864ee4a8fb812dd62c7e92fdb946209f26a0639d08 1640623675007 1640623677732 2725
181661f1282265b7c2cb34cec27d6541d819ec3fc6138b7618f32a306549f613 1640623694101 1640623697461 3360
85ef91bfb601d8f44949cff73dea294664c22bb935977512bf91f5355e078358 1640623713141 1640623715057 1916
441a4b6cd04cec0180829b07c1e406013521362925f178b068facfbfebef7b2d 1640623732111 1640623734872 2761
92428776089865a240fdc75ebfcaad5e602de1492d9e514cda596aac66bdff90 1640623751320 1640623754786 3466
