82dd0334a9e3cf4c5fe33c4d2dde3102f89e9be33bab6247774d468728158a8e 1640783299361 1640783299795 434
90c2ef465724a18d59470b9c73c2b846618c697d4b9e64725edc5d7bae8540d9 1640783321161 1640783321577 416
10dae4aa1d301c3fd32f00a2e6c3e471b2b224b346e587a118c7ce6a82f32e01 1640783342706 1640783343086 380
024ec88387252ef42eab98a7a76ee61fd8c34ac7cb2eb48d099d17e71732b366 1640783364367 1640783364790 423
c15f0bbf173f0440102e17907f2ddceab8f27e11fd53a1fc63387464a78d5822 1640783386123 1640783386473 350
33a73f641549e748002635d686b226a1bcebc5957a50fbe083dd181b5449fe55 1640783408462 1640783408792 330
f7f6e8a0991dd2e78d5f7b7b172562d1e26a132f19029d88cdb81ac28d902088 1640783430214 1640783432110 1896
dde89d6938f7c58e7d6c6a75997732933a9041780d3c5824f7785ec9958393e9 1640783451773 1640783452186 413
74263e2a5b117bea5b2f9b17dc3e52262dc356bae37a2d1eede211bf7c03bdb0 1640783473758 1640783474068 310
15dfdae02b9038fc3756b7718208941cefc3d21f0d202f0507fe810825b97c89 1640783495935 1640783496251 316
7d9452e8ef67ab62ec44630921e71fcd1abb2666dd3761d231a97342ec71f49f 1640783518476 1640783518851 375
c7f7d2b357b4e18ac856155d5ecfa98becef507bb4c9681329107bf0b2ea93ad 1640783540573 1640783540972 399
a266efd3430c819999aee20c82d75878d38e23cca8547bea9bed752eccd4bed1 1640783562879 1640783563246 367
bd2372d9ecbd5ac05408b58da281c1d35d4b857e59da2d1efcb2494fb16bf52b 1640783584908 1640783586014 1106
cb73ec486da3190919f64b4e5976e9dd6f9c52df1d54d16c96e842d9a8866474 1640783606798 1640783606986 188
469c606cb7cff6bd9aec88fba6c0416954179d839095297fd012ba75b73c789c 1640783628876 1640783629226 350
ec0916c0feb3bbea37e7b354a1caf8d7d0f4c4bc4949c741ff4b8dc7175fe9a9 1640783650595 1640783650989 394
6c65b2ac80504ac1cddde8e2ea0a2cb7ca5c971baebef8bcbaca4b927693c42e 1640783673003 1640783673460 457
6e82fdb7aec748d3af7f8a95a6da2495a9b74153c89a9940cb43274688d5c59f 1640783695500 1640783696033 533
d195e285a8e4c6c64f7124aec61f7b6bd4ae80f2b476d141b91130138dee2233 1640783718129 1640783718460 331
