3ddb855f40a48f647058ccdfbacbca66e1cc8774d46c90496794a28b3357eff5 1640783299400 1640783301225 1825
c4128417f03344941dd85be8771948c5d8b4bb517a2890e8ca30a4e2460d170b 1640783321200 1640783322930 1730
ecbc214410345af7d92791aa3f0bc7f92b6378f38324f18f43d08aa791b8e01a 1640783342745 1640783344352 1607
0454893eb242fb74defce510a3699495ccc031f87ea1c78eebc91b16f25ac911 1640783364406 1640783365658 1252
00754b13c56fccc82e5826d5da0efbd1f4c40a3cfdb5beca66311847306c69e1 1640783386165 1640783387429 1264
606111a77203249d119b93a57d7971284ea19977d9c0563b552ef2361ea71cb3 1640783408506 1640783409856 1350
d10e1f15270dc8d62a377cbd99e4bedbd9c58f41c26a89f75996ff6a59f8f7be 1640783430262 1640783432107 1845
559f85c059b7b694570a9862cecb5498eebc7d2b99a9d979488c5d7e6fbafeb7 1640783451822 1640783453506 1684
358ea8b6c19fc40d172f59b466a47bf0890930911b5cf3a9f18d11da9773258f 1640783473813 1640783475644 1831
92c2761bcf5105453ff0c2f9a943000364b3ab34775d0bc9ce6cdb183757fb2f 1640783495983 1640783497758 1775
95097cf4445cc14e4a4ff5c7a20091c5428a28b8efb729998b84c6c2cc597660 1640783518527 1640783519811 1284
113b4c96ec8608b56ba5a4fa05e3dddc1051c4195abc6d01fcdfecfec5a95260 1640783540620 1640783541904 1284
cf145a33924fac961d787b6ee451e19edb8368878d1042dbe064eed842a2c572 1640783562929 1640783564341 1412
8a6311c6c2a7232c0fd58952944fbe2d414f2dceaa8f5d873cc27239e5f5904f 1640783584963 1640783586636 1673
d59e8f246f7530e7008331f00cbf1828a4a1cb85702a36f6c237725a40f62804 1640783606850 1640783608535 1685
5c9297c6c3192424f921cf599804bc763c8abb28aad7b228077cf2d1cb4038ee 1640783628930 1640783630718 1788
0f78637ed57b12c59d760d28bf9b44ce25b7a8efa728e473b215d2a5273850ad 1640783650652 1640783652095 1443
a17f44817730d72b634c40e96726e8506b07e2382733bc77f77d516ac6ab8498 1640783673058 1640783674980 1922
b78856c9b91ec65117132ec21d32f90c845849f67fbe5afc7045aa7359a0a413 1640783695559 1640783697154 1595
b01fa6362ffc78128333c84bf2d76255c254eb77067faab43a6c7fa89bbca784 1640783718183 1640783719522 1339
