8169e201a6fa71aea47685dfe5850022548c6580f39d2a73ee0707a7174b0011 1640783299367 1640783301222 1855
c544e7f91a197df7cc81b752dfdf61fc34c088aa152d660ee673c21c99fd81d9 1640783321167 1640783321576 409
aa99964472f2a7eac0ba5cb32cff32868ef5813a6507b543b424df342084bce8 1640783342712 1640783343789 1077
8674df055282cd1dabdb7347f8996b25a865785182107815b0b109cf8e83218f 1640783364374 1640783366149 1775
da6154c9ee148759b78508bb63886fe16d9b2ddabdfc8650fbc3d2c19895eb74 1640783386129 1640783386476 347
dda0a611149a0390ddd5a75ef2dc9f7f603374325cc19e9f4a217ab44acc9007 1640783408469 1640783410290 1821
3b28fe533962c4a4287bf87bd2fdc3b8f79ad76c956483c89562808b2bc11a71 1640783430221 1640783432111 1890
815cf567db9981dbe951be2d4851f496814ab92244009aa8c58d5a3d48ceda9a 1640783451781 1640783453428 1647
5c9943e74c48a44b5f216bb6a4bb979f367f8f016da8f2b5195c72c4d0b1bbf3 1640783473766 1640783475215 1449
b20084a11faa37a964afc9f31ae61334d55d3cb85fe6adf3545bb98814d2e554 1640783495942 1640783497749 1807
f44012e36619b5ae9dc98d9a6fb209be9af2c0499e4232d7cd0d32663ede5b23 1640783518482 1640783519537 1055
7e878e584495246f07d3b583a97aa2ddefb9cb9bc368987a6f14ea465b724359 1640783540580 1640783542455 1875
068377e4445ac3b4fa88f51353306c0e6745eefca50044fc543a09f3877e7420 1640783562886 1640783563935 1049
1390cfdb72a483e97cc873a861f9a92aa74af86d48ef6dffd794a0ca5b91aa52 1640783584917 1640783586012 1095
c95a90dee01cb0b332107591a50d1ad6a81a42b5cc5aca0ae3734ba7c010c4c3 1640783606807 1640783608088 1281
e8dac6434130a9103c30f93116192d07b81101cdcbd517fc5eb721b320a7a497 1640783628884 1640783629174 290
9e1923ec1067cf74ff6e584686e2655bfca0de63fe4c735a05c499b6b77e2b87 1640783650605 1640783652540 1935
19f383e385bc217cefc2efa32751a5e945088c1ee11fbc1712ef0bee553f95ea 1640783673010 1640783673458 448
8699dc1f4c435b6a78606f8734916a5980c710d2ae0f4f9dd3dcdb275ae1b46f 1640783695510 1640783697236 1726
a0cf2ebe94aa1f7ad7587fd91463f35ce61e47aa2ea3484243ac7cd71c029fcc 1640783718140 1640783719438 1298
