e9113209ef16593c54ea5c77dbd6188c63bdd9a2d9326efc341a7734ef1ae3a7 1640783299406 1640783301194 1788
635ee9beda95f062df1a6db053ee75447db62d76408e4ff3b65ec8f701682862 1640783321208 1640783322587 1379
067452d8592b5b32308cbf1cbdf6dc4c0e83248dfb12f8e2e90d6ab69fca5f2f 1640783342748 1640783344369 1621
08358003a6d24c5a6f167d9149b6b8c22264ca35b80235490557800547570216 1640783364417 1640783366147 1730
803ad982cdc76c114a763ae3827c5f99575f092bf6acbd0da68d1f02c9974ec2 1640783386172 1640783387897 1725
502ce496b4eaa3593f5972102d6148cc2fcce825201a2b371458502358664dff 1640783408515 1640783410231 1716
05b29a63dfebf0e6e87566c01c4eec30ffe97edcc5ddc134441feddf065fa11e 1640783430273 1640783432108 1835
8ee660f0f431ba8de5aa58fc73019b249c769fd32682c6c788a1b56d80768e79 1640783451830 1640783453499 1669
e25eba81557cfab605203145a55382e8535c7d7429ebec513250783153525e8c 1640783473818 1640783475118 1300
5f8d8216e5901c5eba37e7c786dcf7f0c6a9aac4b45f8777f52edda0a82a68aa 1640783495992 1640783497759 1767
64e7d2d0098badad7cd218d1f978f1dae3ae1b91035e141ef37fb243c2918438 1640783518535 1640783519846 1311
adb98b73f1be79bf3b0cc3d40d22d60ae8c250a5dd876da18d7d6a141c6f0ceb 1640783540627 1640783542455 1828
9f6a8bd49048e44fe267fb7d165706653fb2a4a9f57b04fdfbde91657c2b5798 1640783562939 1640783564439 1500
118c7fd5b79c6970157d719a135b95c168c485154a113705228104e6b62cbefe 1640783584974 1640783586675 1701
1e72a01c2d1ab054623d253ba16ce62cc3d798a31d50a70114b3f249acdce608 1640783606862 1640783608559 1697
3903b324094f427a92769fb8cec2572458e25a7cc626c0d98ce41e4d98babe44 1640783628939 1640783630709 1770
7adc971203467f9d03c1977e374745dff145a5bc4346a7276b1d3a03012775d7 1640783650661 1640783652545 1884
106a9e0bc57fe3ddae15b1a5db0a0781fbcbca405b59de8522a7df4a5554667b 1640783673067 1640783674721 1654
d09ecb0dd8bdea4766889f20a9cc6ced9c66ccefeaef2073dd0016f7cbab142f 1640783695568 1640783697138 1570
5323b8662eb6925d370defc4138e1de3e5bab05f6b28e397de70f6ad5f98369a 1640783718191 1640783719942 1751
