7f1c12c778e8f89cf5a9246529307b3299df4dbfbad32af3c829200eaca14af7 1640783299372 1640783300670 1298
43cc3eef675399b5b449cc6e9f489b11bd4b05486892ae17dd11171ab5333503 1640783321171 1640783322569 1398
87fe8fb89e05c3dc45401a5adcbc4af7505125fa92d9592633b7a4e648febfab 1640783342717 1640783343787 1070
7939ce9bd0390236adba2ec41e629248c802d2f435082f05267090b0f0947fa4 1640783364378 1640783366173 1795
d008fbc8cd1c8b70d8e5270b22deee7fe949a1921f78295bc747df66961790fa 1640783386134 1640783387901 1767
b489a90a239cb81cc00c72ec223024b1adad8de1e0e9e28ef1634d3e885325c1 1640783408475 1640783410303 1828
f8917da6cbbe031de25c354513dd05ca29453c8e426451526639d921f2b128d9 1640783430226 1640783432101 1875
b736d20a95c0cfebf947ebcd05b647ce50d5a4d05f38c5dcfe2ff4fb83c1293a 1640783451788 1640783453108 1320
badecb3e3c33da9f44231205a91096440529e9d6055961d25b9ffc2b24f100e1 1640783473771 1640783475215 1444
1a94287dc849a8937fdb897bb48659d925d8e18e206a134f70437b394c6777d6 1640783495947 1640783497728 1781
633ff1106336567c759b7d91192ca5543e577dd7ba3d075cdd8779ec121f2517 1640783518491 1640783520313 1822
068d1b33820f6e2919e01e0cecfbaa11b68e9509d62372bad7be9a99002c7136 1640783540587 1640783542452 1865
079652004776a33de5ccdced6f36c4c532baa11d4e9f33c20d163b73413ba87f 1640783562892 1640783563929 1037
da5dd71a64731cb0a6ed68aa6f1a5969d7e85b58d544e468e5b6c4660f7ac304 1640783584923 1640783586678 1755
4d6db875f016a3c4f3bf089aabcbef41e371ee86e76232978b7d8262aa948914 1640783606815 1640783608528 1713
840f898d0c10a85ea0401d36b1a4c4b8e1335ec1e22c2900ec0e6c6dfbb0a19d 1640783628894 1640783630726 1832
ab35f88240bd535ad9f07fd14445b403090393f1efa3b5a4bdba5d495c345c9e 1640783650612 1640783652177 1565
947e60a2034832bcf2eba96fc3b98141921f3eae66ffd84c0a440bedc2a3c1db 1640783673017 1640783674112 1095
dcf54a889219db593ba0fcff8942c0b25857fe95e6c91cb674f0e0eab76dc604 1640783695517 1640783697556 2039
e1a0e4a964470eeb10a95298ae0a15381c264345a6fca07144be9710ecdd2119 1640783718147 1640783719956 1809
