d96c3c6998d97bf38d3ec1eef2be4c7ebff12d98a11d47df82c63d2a51271586 1640783299359 1640783299574 215
b9b5b0d9e4c42c30675fd43f453f17e74f9f67ed020b2b2bb2e342e0576417ff 1640783321159 1640783321469 310
6a1e2108ccccb129f7cf99e534f5ee6fcdb5c489128bc8686bd9f10d5897e1e5 1640783342703 1640783342847 144
5b9ef5dbaa92f678aed7fe1f7f2627cadacf0874de76cd96e86fe12e28776575 1640783364365 1640783364526 161
53fd032d4ce5fa214d0f844771a65d458c20e62a78221828350ce2e442176464 1640783386120 1640783386444 324
76635bf3478bfa675d613932e577759532230139446d3f3b42b96deee3a7a091 1640783408459 1640783408662 203
917633b01cac7f58155b9fd4c0ad96515282ad073400409852aafa3c2b4e647d 1640783430211 1640783430328 117
9235b4b5823f4f73fb9d0ab7babf6e1be84fc6d023c3d41059670ede837011e5 1640783451770 1640783452052 282
ad94ff0b2de9467f9fd792c4dfa29839de0a56ae7865a6ebee3691c280a6bf6c 1640783473755 1640783474014 259
d72da16fe03832eefb6a5f8b93657a688b2121ac6f5dfec0417463e5c29ef3b3 1640783495932 1640783496086 154
4f5a8ccccda7fcc131ec069df381e0da837de925abcd5910a2d29d927d74229c 1640783518472 1640783518693 221
5cf2eaa02ad2a2b0cc2177bdf87897c148acfab023e36dc749a7bc677eeec948 1640783540571 1640783540767 196
d985b2492add93b067082021a3d24608fd97cbb52fd75122d22eb392757745da 1640783562876 1640783563079 203
045324029a073529ae40d131ad091820a58752c33a480392493d6036eb595e77 1640783584905 1640783585218 313
7548eeda792a78849329efd5784b04af55e171682250fd7dae7f1bbd6251d725 1640783606795 1640783606991 196
9c7cb5743182f2cc5a6ff49b68f627110ab4ff031005644ff06f611827b82c1c 1640783628874 1640783629078 204
2a813aacce3be774a64fa70e01da7d69b5fba7bf0d842e9946e39f4415f52d33 1640783650592 1640783651679 1087
e570ba567368050e0e8280c6d2fe6812b4b8b65cbcf46344c5822961266d06e6 1640783673000 1640783673155 155
b8fe84b7c35dbd55d2f7bb85c083e69b6634cbb3db7572b1daf27a717a7de687 1640783695497 1640783695923 426
ead4689de98c53cec65948861f9525f2673fb4f490cb760327f4fab421ec468c 1640783718127 1640783718604 477
