234df0e1ea3ae0593b9499c1b3296dc5d71d58777538cc47b00896656c049c6f 1640783299402 1640783300764 1362
89e617b9335ee79339e93cb8831f6ac646c7395101f33e7f672deaa2c87bfd9c 1640783321203 1640783322661 1458
ed1af701f94dd8279756c5eabeccba1be4df70bec8e9fe23b373430b35b564e9 1640783342747 1640783344342 1595
57c83f712f142f9ff25137eebf6068f5d181bc707db97535654988d706cc0f39 1640783364411 1640783365741 1330
b44ce795cef3455c3e9c9c7873bbef4f4852795196af99b5bc13d3e9956cb6fe 1640783386169 1640783387897 1728
3c473e06af140dafaa7a20082a3fdf6d957f8df8e450b2dacf5b9d67e61a90fd 1640783408508 1640783410297 1789
0001b41d7e1df15d7d9215a1a04cc5f5418f3838930d2698a88fb536d0d0a3fb 1640783430266 1640783432109 1843
ffc344b951ebd5096aaafefa1091acbdf08c5862c940de061f1f79e0f6136adc 1640783451824 1640783453461 1637
1907fdf5c83c7820b92f34efba9ecc215820502930621b5a82635619e6fec9b4 1640783473818 1640783475630 1812
2e658e640622ace76454fb1855be5ef96c44bb76086c698ad25fc2f7c1a4239c 1640783495987 1640783497760 1773
388d9b69c0bf79ae53fcf60ae1618dea9b15e28f7974087020c1990a84e69ad7 1640783518530 1640783519990 1460
29f1b059a0a1418beba8da2cb1dd64a3e93afd9430923a5821ded7d8364f9325 1640783540624 1640783542008 1384
0eec25d64c145cf8b7152e53d98014846573c8c0ad0d929e4773096ceefbcc92 1640783562930 1640783564676 1746
60cb59bab05281208fabd1597eba90a86c785613200696b29cf28d518c208b93 1640783584967 1640783586677 1710
9b18eb15d369b211266901092406d439297440ab1f8f2175c037db543a20c033 1640783606853 1640783608549 1696
2612e084f9894dbbaee0721af76e44632f93fc5141c843803a61238b569fda52 1640783628934 1640783630722 1788
f8589642aeeee19631a78287262fb1655357520da5b394482e3ebd8c7198c055 1640783650656 1640783652542 1886
ba6312806957a0e445ab90cc6e458ac0cd7354b84f267f66b400cdb1eee17465 1640783673061 1640783674628 1567
ee4055f80c4f455fdeb9e5f038f9e823685564e947f7f62cd634497d73c9ab3e 1640783695565 1640783697556 1991
11fc95aac97a58c51874173c21a1be724a1566ead24b0ba0394be5f94b79a900 1640783718187 1640783719929 1742
