3b31540ad8dc3d43aabd8cead21f957bfbda7cd21946836fdbfd8ac88aef07d7 1640783299380 1640783301173 1793
cc3adc7e941777511acf86f38a9a10c915fe93444ccd348036a832df4e198c71 1640783321177 1640783322959 1782
0db87d5a14048f3f69fa3400e3bdba00d1fb22c2f16761eb552cd04f25da6431 1640783342725 1640783344377 1652
37bf16a2f65acc7816dfbefa73b61d20179a1986c1cfe4e5af478fb73142e326 1640783364385 1640783365644 1259
bfd4a7d7909288c4c9e75d4737356d6d17a55579d9e92a74926c4dec04c0a302 1640783386144 1640783387899 1755
7671759b1c3f470b43b062a17ea26bb626bfbca5185e8150c7a6970b72fbe2af 1640783408484 1640783410285 1801
5a2f7773a88109fbbd35faca96b8c16a28429390c545bfe84186e732046b0c7d 1640783430235 1640783432113 1878
a6574f896a729b313e6eeaa7de746e4f641f3a10997f7775e9ec877c9cda9eaa 1640783451796 1640783453466 1670
a3fc9ca9338f1994c02aa020e30cf08163913313f207d8d33b2bc685628a501b 1640783473781 1640783475629 1848
daa474383ab6413aa87db6845ea82ff7e22fa60c0e53c1831ba84a27192ffb3b 1640783495955 1640783497756 1801
0ae599c76580b7ed46708829a0d22b27b316fe0feceeff4463bbf51458b01917 1640783518500 1640783519819 1319
16b4ea397908eede7e0b032165ebcde36a2ab4af8f6e0afa3cb1ffc8fd18d561 1640783540595 1640783542444 1849
86646846a4156a03925c464f42f2f48b5cb52d1752628a6f4cdd348d289f2e2a 1640783562900 1640783563966 1066
582ad8e26f1b4afcac632f465c7d7035a736ce256760ef2a316840081af2ea87 1640783584930 1640783586626 1696
502ae9dd9226560ef7e5685f38f29ba6df22c1e1aace9034b32557b817a6920e 1640783606823 1640783608526 1703
071d53ccba8b7b6828f3125ce0cfb1b1c5c1de1acc6be51c041d77e96a61167d 1640783628903 1640783630725 1822
8911caf304f9ec74118e2bb83c5de967e5ea79767ec19fb169f235840518f8c3 1640783650621 1640783651938 1317
c2207f19087a62ea405feb6210204510d4b15cd4b88541c76f895a1ce41d371c 1640783673027 1640783674720 1693
26d14d2f2f9671320f36a1f6720f04f3f71dc40b51cd64e04d0f5c5927e09c21 1640783695526 1640783697560 2034
5e5afc78068453da62371c8bbfa12e3007f3e7a0ec381884ce70e3c7eac7d8a4 1640783718154 1640783719442 1288
