ad61935f37db3fef68061503a0bebd8e534a7bde2b3bf1a6cd03f616ab7ff915 1640783299379 1640783301222 1843
b77f82fae0d84df36b99918c06c21a87cf9923bd428fadb630e31ba4d9836b84 1640783321177 1640783322940 1763
d860e96445fe20f49ff07e05030e5274d81ea958b4610054290dfd9180834166 1640783342725 1640783344353 1628
2a17c82968b68bca8955e518a0538120f754de2409f5a00008eec1669e42980f 1640783364385 1640783366153 1768
fd8ce04e4ce9825bdbab64eed136f4d62cb8dee23a6fdb07b348aaf8ef300dbd 1640783386143 1640783387905 1762
5886d25db98667e39b34bd7baf5bb984bab57843115171b725be053a25bfded9 1640783408483 1640783410299 1816
7fdba88122630a8207cbfcfafed070061d46bb8dcb87633d384782a6fc7fe387 1640783430235 1640783431550 1315
d927df26edc4af978e26f0a83f77effd339181df9258c504f0ea7a61ffb0495e 1640783451795 1640783453511 1716
7023feba1e3a623b6503f44b5e53a6cb420928d2d589290b3cda36e53018d542 1640783473780 1640783475640 1860
b8c569f3464e962f7594eb3b0334e2e2aada243506f7e8fc476339eb5c719470 1640783495955 1640783497761 1806
904668953aa39c6a90bd062ec3d6ebb81d1ed00878c95059492c417f7e72d87b 1640783518498 1640783519948 1450
3b0f33a6613f8179ffa27a2c27709cf2e9ad1a58c0b9f449c017a66b994d27e3 1640783540594 1640783541909 1315
6885c761b7345d8ad9181ec81990455c1c58ab76cf9401fdd94ee7adbb75253c 1640783562901 1640783564071 1170
26753cecb4271cc46ae7bffd7dce72181da6431aa388d547ef81afa9f549faa7 1640783584929 1640783586639 1710
25440435bf674bfc1b729ed24d641a7e1055ac79a6866c3b8bb7a52a66f1eeb6 1640783606822 1640783608189 1367
b0e66a48a2067583ee75031a4164714f58a85fd85ac796611e3695349f09b1a4 1640783628903 1640783630337 1434
3dd479ec93a2c0bf39071953417740f27b3b02687c15bb36e11765cb1174d239 1640783650620 1640783652542 1922
6e374286b51d37dd17ec97ff3724edd8c59306028285284710ebb17a2b3912f7 1640783673026 1640783674662 1636
e7f14382d58ddb324318b58bc49b91e470359b3ee8dbe24d92f36d48bd1a33bf 1640783695526 1640783697113 1587
590739f5b62f1508a8cd4973a11a5aeab7b730159637188c50b4ddec6f7bbc9d 1640783718155 1640783719939 1784
