2d42ecf58b17c3a4c3a130b5fd087b76f49c89435551ad528e9d3e4b9d2f107b 1640783299360 1640783299603 243
4783c34bf8edc1ffd246ccf9111986b72e541f1364a1f5d77a84ab6cb0463e60 1640783321159 1640783321412 253
c3fae97cfc994a6aee834a034b375cd6f5fb276617bf264b0af88c5df67e1eca 1640783342704 1640783343034 330
e44ec09e8ded1a694ebf73411ee612d098d66be8843e18b4e21f6f9ce09905ae 1640783364366 1640783364627 261
131dd071ec8ed9d8db1d010f1b57d23aa16ea071578ed1c4e42d9b366f1b7df7 1640783386121 1640783386470 349
90aa644f1ec9ac0a186d3b430c0659558b28e1893a86d9472d8f6873b1ff0686 1640783408460 1640783408620 160
6aaca2440d85c80d977e7187bbbb3dfa987d2a098d716d086468a44ca3c7c5d2 1640783430212 1640783430555 343
6e489af600b9e90eb38acbce4657071e6c4dcef49f6437f8d90c8d924b40100f 1640783451771 1640783452013 242
e4bb58ddf2fbbc2dc8c022ab8c2e28c9219e38a464079bb528f94b0bd632f1ff 1640783473756 1640783474061 305
6ff01ea36bde40bc89196cf2121b4b5a13c940abecf944ad07f633f975f4a443 1640783495933 1640783496225 292
e1dad9140df5728b5add57bbc815494c5d81aa2e2a51350d2fabfae3ed90f67c 1640783518473 1640783518752 279
017eaca7f0e74b7a303c8824d24408b784dcc5cf6589bad6286317320c2a9cae 1640783540571 1640783540767 196
09ec5bbd6036eb348e827108cb09dabf7dc7f50690238c445e0458b1a9f72ea4 1640783562877 1640783563129 252
931cd9d21b573b278818253129824cbe050c70febc9c0c9a53f7d37276ef0d11 1640783584906 1640783585213 307
6412a84a272dd7f8924e164da573afcbceab2a32872e3e7a2e9818a6aa55d923 1640783606795 1640783607010 215
e2d5991269b9da60ddd9857633e476ff1364feeb116ade5c1c9c4e0bbb489c1c 1640783628874 1640783629172 298
4cbbe6d228ac5efaacb0a3af72dca3775fd018b6ffa609efae3cb1d29aac667f 1640783650593 1640783650871 278
b57a9ac27f92e2cd1bd41b9bea2b70b6d4ac2a7bd374bc162f12762225bc641b 1640783673001 1640783673253 252
6c0753f6b2662cbefe946516bac775b27583a9dca5a409089549778cf60846f2 1640783695497 1640783696637 1140
42575f3797af71b11c8f590f44bfe5bba977ba59826f1a8ad5b5c361427c6123 1640783718128 1640783718672 544
