70b9e8fb4ddee688cf7208b22b9913b1c5d76b53e5077a16a8db62a6deb0ee6b 1640783299360 1640783299694 334
c2a11bf1ea3be17bb4f91966d5a1ca8f06223169a8887f85251e5b6c16b8940d 1640783321159 1640783321352 193
e97bd7ecdc969226aa12c466c0ea849c2821a1e21d4cd5abf76057dbfa2aecb9 1640783342704 1640783342972 268
7650b16f796619bb96aa013ca76fbee645591f4d19b825923846f34f2c84dde9 1640783364365 1640783364627 262
1522334a377b3a20a3e3e463e641fa8031fbaabe474d8e7906ab9eb07c1e19db 1640783386121 1640783386323 202
ea76e0d974fcd6b9881b8b5f82e7f7e2715ab761ec1a2842d6f2c0e7ff322b8a 1640783408460 1640783408655 195
40a10081a340524d4a7ad810e80f4c647bbe57a30aaadbb80ad1f931ac9a2189 1640783430212 1640783432094 1882
3c94154703228304bef31fb18848a927e48820709b4fdbecf2d45e4274b4c83a 1640783451771 1640783452038 267
83b10de69968d6774ebed5f8ed9cf4c828282c98001cb5bd89fe8a6b94b2387a 1640783473756 1640783473916 160
d6af4562996386facd3d0aaf95e75c6947f193ab4bc985ce346cca35a9256aeb 1640783495933 1640783496231 298
09e4773d639d5ea781c5c090d294fb15dcfe34e50496f87ecfed140c5b60e1a7 1640783518473 1640783518705 232
13bfd8b00cf7d8aa9cce9a77f1140170bb7285e19078ac234808514fcfcbcf94 1640783540571 1640783540695 124
d143e2cb5346e01863bc699da588bc02b83e8f59c825f286783593346e0509f0 1640783562876 1640783563102 226
345ed091c89de093450a047875371ba85a47c2ee3907e0bd37714281a2cc18e6 1640783584906 1640783585211 305
c2139f13e29afcd55053ac6c928f7f93d7f6a83cfd127ce7adbf982476508e32 1640783606795 1640783606991 196
84666f32becd0fc76622187bd07ef62525f5cba0eebeba78da18e09a301c3d70 1640783628874 1640783629167 293
63a5269dcf61adf6cce6e07d11929b140433d71db384d04b51b1822259d8de82 1640783650593 1640783650851 258
6563c54e5554eef9ac2874c60cb24ba49a04b83a54fb01bed145b8289a81b541 1640783673000 1640783673237 237
6ce66b0b033343ce698fce43e404afce18e9df6d13b842f5438b9fc5521a1434 1640783695497 1640783696032 535
fa6e888d10dd965a4d42457180ea0afb7335e29a556ccc90e0da98f9dc1f4847 1640783718128 1640783718435 307
