b665c3fd7e8a06855e857c95f8a3693c6b69922dd7668d5d637b11544018d925 1640783299390 1640783301227 1837
e89ee029c73b075103b2b2c520b8192bed0ee58b74b936256c80f12037a3e89e 1640783321188 1640783322620 1432
988e81347783077d00e30e318f15280123751be52e9de40139534fe17d19a082 1640783342734 1640783344363 1629
25e023f83280f0d872618d4ce0538654df2ad1af433e5407994db3933c1fbc93 1640783364398 1640783366151 1753
287b17d1f8c1a23ba05b92d0f6774bfa91f5014fae8e22fd12621fe26c3b1cf5 1640783386154 1640783387901 1747
605cff396c0313e7f31e675a03afe1b97a3370876233c95389b6eb6a3919e8a3 1640783408498 1640783410302 1804
2f9be6fc1bec3f6e409b4107df8d32b7bad421ba22124b6db347f943dd919420 1640783430250 1640783431557 1307
f0e2edd61df337afdde4b65140bdffc736bb96f2ca4b427a9dd9171bfebcd754 1640783451808 1640783453496 1688
157c0ba3122727c23744e16494f8841306dd48b1689a3b7e6b616625122b3e1a 1640783473795 1640783475162 1367
669319c958a3fe8770a9af513e2f13d96b58246367ef5b360abcaabc6c2a2b40 1640783495971 1640783497757 1786
722a1c7a64bfcd1264f12877c6350411c6df34cc689fc77fac6171abd0f6042f 1640783518511 1640783519946 1435
fc8073606fa4e98b2033bf0d15022204406baa7544a034b001750effcdb533e2 1640783540608 1640783542434 1826
f5074f062fc9e31e58e60d58add184c87cc229d3f18af243ef3655f6c0ada74d 1640783562913 1640783564278 1365
21bd983651a922906e0b78e68b7f3b0c46ed96037a9f97a43a12e6189b498d8e 1640783584946 1640783586646 1700
b7bbd7225347e476bc405eb41fa4cfccfd0036f52ae5a039addaa1abe9f1ed18 1640783606837 1640783608579 1742
3f514b50987294e77d99285859f73e9a7fa0cc991b857c28aa89e44e4b567377 1640783628915 1640783630678 1763
45f753627b269a2310bcb5a32a422a61b93eb50416befd80a21aac99556b04f6 1640783650637 1640783652244 1607
209b6c40f9054d91114424b49540c45ba91ee66ee972de8c6971e9b8e09c4f21 1640783673041 1640783674678 1637
922e8665b37cdf67584f438fb59b3a15bd82caa5effe4a60978e700a4eea9e36 1640783695543 1640783697548 2005
9fc8f7c134b728e1bc142b19da614f76a34d874c0f2ba797fbbc3ffc8662a2a7 1640783718169 1640783719957 1788
