ea293af86daacd006634f22a768f23179dfe39c9f3c1792cb87268dcd7bb9da5 1640359026504 1640359083655 57151
00c31042bdaa73134d55e4a7ed566065d4bc0654165b630a618781f397393946 1640359148810 1640359200306 51496
c757fa0c74ca1eec3cb740afb956ddc8c50efb71aab6a9e20e3a6360509c637d 1640359278181 1640359301962 23781
6863a269cd1768be9e057b225485f49f73285afbc0c5c1aa8aba327724d842f0 1640359410051 1640359437154 27103
142aa33b9dd2df2ebbd201fc5bfb48e82c0921fe4385deeb0bcb1912f97b7a71 1640359542320 1640359570516 28196
ce8744ab07bb4ebc2a8cfd2af2440e0c93783b574e81073a009de89cdc82b216 1640359674723 1640359701778 27055
f73628c554f671090a9376e126d88eb72203dcb6b0cf1130dadbc34672103f41 1640359806884 1640359836157 29273
2b6d4721029a3619647af4e56480109058a4b37989c749f6c9812169d08e4831 1640359939458 1640359962245 22787
e9923e22149b19562157e5acf6f956bdbc0bd35daf57804b427e7ee4788a0339 1640360071618 1640360123220 51602
0fb2921eaede1387d4e66eb8cf5072ceec0163cfa9bb9ff662d1bdadad00fd09 1640360203109 1640360238975 35866
237cae8dc6ba8102de3456368444f8ea0efade48fa4684a90f2b13b7d2fc60f0 1640360335760 1640360363905 28145
4bcf59960759d5bec73cf9ecc611d693faa866fbb087337a69f9880778cdb6f2 1640360467872 1640360482016 14144
431f626a0b83eb6cdf63db5879f7434ebc1e9c03d6dcc8dab6dc64f1da9e7edf 1640360599971 1640360627096 27125
c1c0384b905e18a1fb27a2b72b8eb5bc8c312bc6d55b3c025437a590174a7c3f 1640360732119 1640360756028 23909
d601b4e15d73a15c81ff163bd2e60e02ad4aa6780cf4d61b0e6b7ef137eef7b5 1640360864581 1640360901727 37146
b5cc95507d19aef30dd65c229ea20c0ede017698f7c020cc32670fcea9b924d2 1640360996721 1640361030552 33831
116069621f7d66bfcb7d919b08c1d2e84a749241c7b9edd3bcb73f919662ab57 1640361128637 1640361146120 17483
cabfa07e068a500ecd246a1e8d9d2210d4c84cf459d4c1f2d5f6e5699c26494e 1640361260556 1640361270449 9893
bf424cdf90bf1f5a7db2c67f34f358b04008fb578f3739014080de719cb7caa2 1640361392514 1640361415182 22668
f35e0e3bccf7ba523fa749bac03505af3b18e480485e94f6821051906649423b 1640361524638 1640361539905 15267
