fbc249ae81be15b6ed5669c7709fe4c6f238995624d103a62f375010d306f4c7 1640359026503 1640359036273 9770
d73349096e3db991a53b752588c8317e0de46ae9c68b571fba53eeba1f140333 1640359148809 1640359261582 112773
2f94cd973b666a554896b551260cad9d68f2c89251516940fdefc323d42605a1 1640359278180 1640359304138 25958
9159acc95d8534b874c8e2a178453b847925377a4aa5def4520c0de915386258 1640359410050 1640359439118 29068
139c9749acffbbb6399d840726e7369443635b6ffaec3b94e8e1b9e73dc5a782 1640359542319 1640359561735 19416
52213e784b44258afe8ff96879d6d2ce7eeaa7a2e7e98d73a476104c053fad0f 1640359674722 1640359723968 49246
19798ed7faf0977eb3aa96d0503fc78fd25c91b6e32d0f27ac8f508a9f73a8b6 1640359806883 1640359839420 32537
f6b479c85e50d9aaa73badcf6d51d64ed44cbcc99423cafa3b9a6b402f317296 1640359939458 1640359957933 18475
bb636e5711ab2894e576d84299e493722e6d67a59e6b7f24ba0ea6ea1a432275 1640360071617 1640360104235 32618
816be9b23ce34a675484c07e0d2594a9ecf1a6d0603f4d59ea4938d1f618426e 1640360203109 1640360222326 19217
11244817e94ad8deecebb1d535c5b6bcab19887f7c4ef59b4bfe0948ffd54a7d 1640360335759 1640360359549 23790
7a5c2d9a1fedf399e2cbe47c018d06a46fc31a81ee0f0eb55682c52d9f15c4d7 1640360467871 1640360490631 22760
98961d0db5411f8d35335a542d0de2c6b77451df597274f0cad74ab8644662da 1640360599970 1640360633699 33729
53004f0c3996bdade9ac67bd2218b25ba2a1e3ca46061cffc66032b4faed3677 1640360732119 1640360758205 26086
9e7452748cd9cedb010eb237449d17393970633b56f1e385ae722cda48c33479 1640360864580 1640360891814 27234
660014660b3b7b3015aa23eaa4d3315ff267d8ea3deea6fb56f55a801e767d84 1640360996720 1640361020608 23888
d93cb771be882f6d886e40b615f12fed79b0072d5ffc3c529074ee85280e754f 1640361128636 1640361168968 40332
e91ac020bbe2cf9d3f08b7ceff31e30e8f933a23ea615ae6d98a48c36a384160 1640361260555 1640361316756 56201
96a990ee32fc1f675414d195e2f420f847d0c034b6923c2f44f97b466ad66632 1640361392513 1640361402367 9854
2410858b15c47e424d049b8756b7d69b607e73c83a6dff222e33194b9bce7317 1640361524637 1640361533504 8867
