c0abbd89d0ca821a9048637b744b21cc4d49ff48cccdc80cc6123497cf92973e 1640359026509 1640359096323 69814
636225fbfeba192b12d00c4b8aeac5c44aeac0a76e3d266035aa29c08fd664ad 1640359148815 1640359223246 74431
2c48c83d270552c6a36f6e7eb3617ae1cf5908614d78380d050c48d03e72547b 1640359278187 1640359352771 74584
c7dfa2681b3874c8283c2485fd89879889986a2d47c669062ab259ec7cced6bf 1640359410057 1640359473159 63102
5f66f2888ef739d1138be1f1310fb66db7093fa8988565ca32f40dd7bc357573 1640359542327 1640359614755 72428
a7806e48ba1ded565bc468dfb2d90b93103fa34b4879bee1714b7cd986955dbc 1640359674734 1640359735415 60681
6d21697494019174939fac67235c31cfa4b4f9b5945c129347f99b37d3bb8581 1640359806891 1640359867666 60775
cfee7780b828782abf9c3fe0cb031a2c1c26773801f5a7afc9c4d5e53f283db2 1640359939464 1640359996694 57230
384410ee9b59a30c595c40f4fb5fbbfce7f83cad5b1ea7b03c531039350a958c 1640360071626 1640360128729 57103
3d7440c8a4494d3a43857df9c811dd0ce67311e305c93ef259779cb0572fe31b 1640360203115 1640360245696 42581
7eef66d9a120f8b6a0945ca14fdd3d9e4e7e0e898eaa16acae8d9404ca5ca84d 1640360335766 1640360398668 62902
a504f1aca1f823470ad4f248891bcaebf5bb173b3b88d3e8b9bc731ab6a85e81 1640360467880 1640360521752 53872
e0d30cfb9c0e4e2c72a7a7ebe0e62808249db03db89c536888dea981bca370f0 1640360599979 1640360657335 57356
410f766b006230bc5ed0441f5d4a9579866978d79cbf3cb1e42764b3dbeace8d 1640360732125 1640360787260 55135
ccb996edb6bab24d906794167b77ec21d88db7300332e053ad656b0637420f9d 1640360864586 1640360933537 68951
c7367d6515f179ec0999b34df3097c245528fa1e188a80166a333daf66280f99 1640360996727 1640361066883 70156
6175649b960e6f7d9a84757fc95f7538c886c6ea1333bcdd32d81f946c3e3190 1640361128645 1640361184526 55881
3ee48f513fc5053fc60d774ff4a17318e9372df4c0d00984796f664e7429ac1a 1640361260563 1640361330582 70019
78e342b04af653f8b283a519c15fcf03ffc4552da7df5249fd14aa2bc925e9a1 1640361392520 1640361449642 57122
d0aad923f77607f7ed40f275af5698be963f3d462c4b23193ed6c55bf50ad640 1640361524644 1640361573864 49220
