4c2c9e83ec42bdd12a8d6461bdb361cc2f317b4a4e590a6e7cb3fe94a52b7cee 1640359026518 1640359118555 92037
ddc066b54908ad618097661f716c04402881874f59712538bcf1d76fce00ef44 1640359148822 1640359215122 66300
cb0d94267e0f6ae509350cdc4f4ed92892ee4ef7f932f1ad3392a712539aaf9b 1640359278197 1640359380064 101867
d4116f40a7219ef42c4a4edc23b48b308fa0d0a712a8ba2826f18804118c854b 1640359410068 1640359524207 114139
6df18531c7f312988d385bb3fd69abafdb4d59ceebc94dd6c632523e2b1eed9d 1640359542335 1640359638431 96096
1c7c131f545ceb0048dfb7978bbe943661d8b21911eb07ebc5cbb8d3439dc39b 1640359674745 1640359785262 110517
2bd5fd5c8d2cdbfff38552405a4edbaf648519822fa600d0b080f0b36757fd51 1640359806901 1640359896922 90021
d8301af6ae27f91485f6f69e2079f09ff286c33fad7b02fbce840df5191b033c 1640359939477 1640360027010 87533
2d20485ce8ecff270e4bb9aa363485c6b49ad26211d29fbd93e0c9b95a676dd6 1640360071635 1640360171252 99617
ce9551b6d8268ac9dd0b70e451360008a7b7ac0217d7e1a1a2b4c8000ab376a7 1640360203125 1640360290872 87747
96df82521505ea1dddf907da020214d4fdb76b3cc00ad85ac5e2e587ce40ea8d 1640360335776 1640360448659 112883
a06f4a241843d843bd98bf1fc9531ec6ca21c11f3a4170095541de17b4e72444 1640360467888 1640360547235 79347
32077e8ad336a6f923171912545c2be3c33bb4bdc45fa0f392231c9756d9fb2d 1640360599991 1640360710691 110700
d7a6a687055270d76522db98e39aa4c7d1a98a6dfbea6a9dc5f70f1c746edbca 1640360732143 1640360835612 103469
3b4f3de60198f780ea2d6c0264266b9fe01a98bc39ad8a7d6376aab0c74a49db 1640360864596 1640360960883 96287
c01cd2b6074597058ecf1084cf71da88e743319fef86e012281191cb6cf60e61 1640360996739 1640361084560 87821
236d2741a9f712bf6fdb24043bf14360c4044af15146440707c7425c53193714 1640361128655 1640361237897 109242
71df62f3a8d1c54b9684faa488398cf94e7262db695eeacf7c99a2c93d38e3a6 1640361260575 1640361349399 88824
b5389a6d64fd382381d0e77185fb6db847611b3e8ee82b16f1024b55f850dcf7 1640361392530 1640361496849 104319
0975afa1ca09e8dfa1412a537bf3b39451747cc006c7aae04492613125a5b451 1640361524652 1640361626648 101996
