255349572a320b8f14a932a5d1c5def9d4b925a8deceaf0faedddfc32baef77f 1640359026516 1640359117373 90857
67e58cb9af859ce9fc764746b9adb5c27f93de01377e4e4c26a4779af33f3c65 1640359148819 1640359208270 59451
6d21b0b7f596e0582cdeb588571f2d75d55d7d07e1b44dd319f3fc8c58ad42f6 1640359278193 1640359342302 64109
8954d975871a34d6f586c4b4b8d62ea6aea6fd2b24cc120ad84384f886ba978a 1640359410065 1640359495323 85258
16663a20513e18ddc242d078953317facd2c2eb1ad5dff59b6d9955940c2c6eb 1640359542336 1640359622981 80645
7367027f313131ed333f1914c3facc08706b50f0c030ead353795091ac2ce478 1640359674736 1640359752751 78015
7129d493fa941188c699a8a9a65961c2ea3bf56ae8c67a864ed3cb7574e32d50 1640359806896 1640359904080 97184
962c71bb2e2279ba6cc54b5605082d55c9b62b82d96d5d95593a9600847a608b 1640359939469 1640360029497 90028
f238a26ce772209de236ed53ff5cc5ca2fc5af13ce925bd59adb86adc155394c 1640360071635 1640360147415 75780
bb058b040922d6828b10ebcdf556bb0799d59b7cc9a133534e7ddadfa26f99e3 1640360203124 1640360312673 109549
7449a0dc36478b408ccaeabc5b9a1b9031ed477b4d9a41790e48cf013ef2dadf 1640360335775 1640360425595 89820
a15c1fcbb5cda7260b7000307c438940da7188076e3e52d24f2707181dbde3bc 1640360467887 1640360551928 84041
e258ad25606c617ba1ee6de881b439089daa382cdae59a5c8c905962fd3ea831 1640360599987 1640360714310 114323
118e863cdd9f5e87f911a5c62ab73365ddc3351538d2e354d740a90d4102ab44 1640360732133 1640360799607 67474
c51913ef9348794fc23f79c5fac02e2374614d314ad78c929d2f171118bd617e 1640360864592 1640360956039 91447
df46b666c87150dd6f3e694d01d02f6c869acbb72d6a76ca372a8968b15d12e6 1640360996736 1640361100184 103448
dc2ec4dee3af8295c236076b64819220ea25e16c6cc549af9c712986fc9f1a78 1640361128651 1640361205645 76994
5f4e0ca05d5b140c74a2d0a38d3a778f5f6d6141ab8aba6a63e71ad9406f34cb 1640361260572 1640361345849 85277
f8a463666a81629835ca3c82ff7bb04c03c26a95ea4f7432e4e34acedaaeddf3 1640361392526 1640361454231 61705
9daaa76ff00311fba8099d60052f4b88771ea9e2604114714e8ada3aa46e175f 1640361524659 1640361630035 105376
