a38a5293cd4c4157e4b53a6cfff2cd9708578ac3ab2cffe5ee94ffb63fd07a23 1640359026519 1640359111487 84968
a3d370c68b613cbea955ec2a42b74a6f26253d93d0aa8543bad2f008b8919cdf 1640359148819 1640359256715 107896
1d3f2fded1da6fb8f35c2e3b111839b5f4bdc1dc123c591038c06e6966c06ee6 1640359278194 1640359353940 75746
b12a65f993731d2b7851328acaa779da2efb5be490d3ddb55c553a04fd488376 1640359410064 1640359509686 99622
3ca31750b364ec7e849e263c819b74dd1be33db27c0897f27695c195fb289bc8 1640359542339 1640359651862 109523
c036f7f40038d7cb08e532e98422da3567a163a09f4006c11ade50988da91228 1640359674738 1640359757474 82736
e7ec2773d6ba7d620353be5d668c294fcc58c72ed14d5c897007a8baed7739cf 1640359806898 1640359880383 73485
fff9b3e503e9656433606dc1d00afaf1cc12099adfcc665583ef316d579b4677 1640359939470 1640360011718 72248
dc4d6685872dbc9b2911b46ef8063be01870f6e18b6589178a62bbf47dfd89ee 1640360071633 1640360138097 66464
3e491fa6cdac20bff99cf9a2e7ad7761c9bd534bdda6cd5e0f0dbd2777d16250 1640360203123 1640360295686 92563
74386b491155f20fafaf17de694e9a963f01ffe888d12a3ffce45bc3c632f7b3 1640360335773 1640360419658 83885
a0b82beaf97a12c07a2180d54de85faa3829bab8cf6d08122e4b82263479b462 1640360467886 1640360559081 91195
43d4f7f549fccacabbb618e96186a6cee20dcc1ef6b89058efd0cd9f56cccf44 1640360599985 1640360686453 86468
4df7db50aa3ecd7623a689b5bb25bf2a6138b2e44769ff948f1728f26b68ff2b 1640360732133 1640360818749 86616
a3fc3ff5a74666d878a4736afc63fd0dad846ab3d76a4ef5501547943b664180 1640360864594 1640360935907 71313
194365698d567803e29fb49b9dbc5ea994ada3efea785b105835d57184ec59d0 1640360996743 1640361096518 99775
a5f902d3064e20db71d5603deedb40981a2b8ddb16d01fc1879b4fdda3a5cec3 1640361128655 1640361222153 93498
39527ff75faa247285983094520d8d9f05ed6ce9cdd6143cdb77330d4a66a727 1640361260570 1640361355319 94749
a245f15e6bf09a18c95b16c32af53519045db8c59c5852af77160f6614b9e59e 1640361392529 1640361492050 99521
a0b1db4f94fc20941ad80061bf9450828e63daea67022891e9590719807e8667 1640361524652 1640361630252 105600
