5be8de6fa7560cbf41de2e5ad83cf131bd429ee8674374cb912ffe85bda97f9a 1640792117926 1640792124478 6552
b0e6dc0775af290a5ef44220441475aa2b41e83e70f10171e4b3d414fcb56ea2 1640792177673 1640792185785 8112
d78a11fae91cc854bd6339807eba686de037a4ab99b242d211aa16366d8cd079 1640792237505 1640792245486 7981
40d0d33bdd63cecfe85d9ed6bb12f57eaa3afc77afa460058e281d935666dd48 1640792297050 1640792306566 9516
7a3b992b2c8380e00804634c48af8fde8b41fbb0f968a9f83c35d2f6e680325c 1640792356908 1640792365135 8227
9a4a348dd6b0af2187785ce703450b1f1df6cca406a3b6f5ad54445480669e2a 1640792416596 1640792425722 9126
98f3596fb1eb2113773aa44a8198e0ce6b4303102dc72153ee2a6fbae7eb2660 1640792476670 1640792486065 9395
c376cd918075f7c1b9ec663659974afae6ca72e3f289a3b4d657fdf4cdae739f 1640792536838 1640792544835 7997
581d733d7a19a2245dd7e418e35d7e39f632020506ffe389eb0855a0f0e95540 1640792596816 1640792603786 6970
3e62a8b5fc4e914917b0600acea87144ab9e9a17a3b1c5f78f47428a028bf4dc 1640792656331 1640792665646 9315
db29ad117e2de425441c436ea7fae3ac868251e742a3b2225e93c673e07a9542 1640792716447 1640792724055 7608
6f51030e436dc20a320a7153bcceea3f0a3400f9e2e633f6356d09a83459caa6 1640792776247 1640792785378 9131
81ce3980ee5eb9ad8b883196d9d4a6296134da5db1832ed33dc5b194f448b862 1640792835985 1640792844743 8758
3668d0d4e76936732d67998fae7c126121170441f0f763fb09d0bc8902788371 1640792896119 1640792904384 8265
aaf501c0aadf05c13e3a9b73f3b58a97c8d8f25ed5943ada71337f5d331c928b 1640792955366 1640792964636 9270
6bfcbcf57c78d0af66711cdbf41052d9945393a59ab8abfa4f87bb147111b8b7 1640793015424 1640793024644 9220
6ef6e67e5c826b112ef7f11d5ce86dfe5d6c5ceec240a3e302a4ea823ae2487d 1640793075395 1640793083553 8158
6c29d81170c8bcbc9726f3370cf4cbfb4d749dc96fd48f9405194c8570533320 1640793134990 1640793142512 7522
daeca7bd180d98c86caac4bab80db3255dfb0761198f4b4398a5c35e7fa294d3 1640793195084 1640793204106 9022
d2f650dc79c6d0b743eb49af38943dc27c8ecaa4ae594bf506717ac1abaae651 1640793254726 1640793262996 8270
