5c9af5ee8dfaa3016da5fe07be5c5d7dc76bccb7478bb2c4a5289b319ea9826a 1640792117948 1640792124228 6280
430d0560d952e34c3747dfbbf56f4d9f999bdad7d091d5ee1e03c90e742ac018 1640792177693 1640792187113 9420
cf80c89c207d18ad17ec3702a90c48b71d5f4f41e3ebb196facefd129840c16d 1640792237524 1640792245249 7725
ba01a2afa00753203b027f3af9251672a4b1a3c6f02faac079423ba8b2b27bc5 1640792297074 1640792306475 9401
7bd89a4fdd97fecc328ff7524c33de7eb5b061436d8bbb4d381d8c4f1684106a 1640792356931 1640792365930 8999
cd21fcd6dedb38bebee901407613615df0a3f554d78965c8291cc056a3c04351 1640792416621 1640792423293 6672
4ba3e40522ed1aae7e2bc5fc5b3108db185b10ce54996c3eaef5c558aee91830 1640792476694 1640792483909 7215
465f8db4eeca5424d99ac0890e7365a3b16a7b007a4904b18cef442dc689582f 1640792536860 1640792545971 9111
c6444835d4a51ceef9779fc24b6342ea84379dd7f5c4e17e4057b18b14c69f85 1640792596840 1640792605204 8364
343b2c2f2ba9c3b53a1a30ddc8f43660df29815cdd7de8749b9bc9c2adda8657 1640792656354 1640792663275 6921
c80180828f0c87f20fbfa1a50024b965fcaccf4de76efa9c7509152779e02068 1640792716472 1640792724713 8241
b5a752ac1a1b8093e6cba293e21663e361aa153e41227aa411a420420c6eac24 1640792776272 1640792785660 9388
b33b9e67d737f78d18fb4f410966b4f9b98ade3864a780758f7708930fa603fb 1640792836007 1640792844119 8112
fd2496f419682952eccea98294738293168526142ec68e4dc5532a0695458771 1640792896144 1640792903651 7507
f97d14e7053e4cc19547de5493024e3103b95c0b88abd1c41f58f57ac7cade48 1640792955390 1640792962186 6796
01b72400641ebcc194db7d0b30d2f9f7f7a8c178d9b69b1493133e4533d09be4 1640793015448 1640793024233 8785
d8a9f51981720c683dbc5f7b9302fd00ac55d65dded0d9a0f184c89a3416d24c 1640793075423 1640793083444 8021
4087917d097bc85186e1e282f4a41f8888f7f4d533be03085435e6325ff93c06 1640793135016 1640793144321 9305
3acbb1193bcf9067f001b864979dcde5b8c72c77bbb62685881e1c0f58b47094 1640793195122 1640793204013 8891
034d6edcb7b91952ea18f80839845680a2ce5111e0e883cb53bf7ace8e60a20e 1640793254753 1640793262622 7869
