c6b79e7caa42c70076ca49df4071633551f53e53361bf7adc8db9beaf1edb3c1 1640792117953 1640792127155 9202
11645248baf8a8d73c12a077515d7662c202f1a2f1c1068a94d48790e4f93457 1640792177700 1640792186555 8855
aa45bcc75940e5031dc734e731bbb72006c33fc5782c02ca582f234f8ee8ef81 1640792237542 1640792244678 7136
654dd3834c8a2450f8c2842876fe0206507caada032516f6afd553f55589e4b9 1640792297086 1640792305754 8668
cc0e9fbe754a7075160fff04efe23d7e6104acc4aa549aa2d2ab3387355df71e 1640792356941 1640792365584 8643
117075502d954e0762b4d343d5052f8b884b46b3d1cd72545ccd484ae1cdf1bb 1640792416629 1640792425678 9049
22041fc7fd630a4ec8cb97dc3ae108a5e1a27f845ac3f213113b7bdb2e235248 1640792476702 1640792486182 9480
c0006a05869ef100cdcb178bfb05138058946f59651bcd864e77af954a655d99 1640792536869 1640792544725 7856
79d511e4eb0e4fa2531e6cbd1a49c63e02763eddf6d04312fa14dd9c27dc39f4 1640792596850 1640792603920 7070
496d3a203ed339bbd262c7548106b9c28f38e62a0140af6ba9663bf4c8f8af07 1640792656363 1640792664388 8025
f79030ec5c8ca6e1a8fe6cc6a2d0f336cbe4c0fc47c0e83adcbe24aa627fa340 1640792716485 1640792722762 6277
c4153e375ced4f6963085282b5402271287235ee4f5eb47982caa159538a9009 1640792776288 1640792784076 7788
3a2261a621d53608f198269095bebffbcfff66f860a5e0bf8fed0514a2bc4d54 1640792836018 1640792845282 9264
c27f1844be0056daa29621f72939357e7bb9d71f0e746f342bd29395a520fd56 1640792896155 1640792903694 7539
3a2cdfb6afa76961113c4ad35f550acf2b38453dc812469c425562cf6c2bfad3 1640792955401 1640792964166 8765
be1d95193f1f93464efb642237fff81f9633a2d0eef6ed42a6803fe2e6df50d6 1640793015459 1640793022495 7036
df95a35cc05b4e4e27c6102ff8b7416a132f9a9164d32e9478aa1d56b8aaac56 1640793075427 1640793084334 8907
1da09a85c59446d9b9159c982cfbdc5ebe635f991ab53622641287184744131a 1640793135024 1640793144340 9316
14a1711906e9efbd81f9e52f20ede7cd20e1dcc23a5cd9f4d0ad7d11860127f4 1640793195133 1640793204202 9069
2a82b28ee5dc1c307f80d45c72a291d81027eea129f9ece8896abdfa1598ac91 1640793254761 1640793263375 8614
