1301915a02f6d73188f435b2018c74f96aa4be02d0f86b9c6b4792c30b9da6e1 1640792117977 1640792126490 8513
0e173695eeff8a726001f1991cfab1a8038602a3432d95fce839817c1b38d59a 1640792177720 1640792185720 8000
19394d3b46d304787e67914fe3dc05e60ef67a59138ffeacafce3be6801069aa 1640792237567 1640792246538 8971
482b91b022d584e0ac56ea184b02cce9d2d7011b89557cf5f3ee6fc7ff62c9b5 1640792297103 1640792305755 8652
3c46f587e61b262fc273c4d9cc65fd60810ed86f7c6ca4381d8244dc07a55dbc 1640792356964 1640792365777 8813
895b1ac1eff6d5bc13ef1b1f6e5267e9e1dee775f657d91eff29906fcf4641e3 1640792416649 1640792425864 9215
142009529576808cd79d9602ebe05998b7fb7313696d9e3e5cd88cbe01599eda 1640792476742 1640792483410 6668
fd91546896d39671a9e4a17be054841af538b29ab189b1ca786c7d917ad9252f 1640792536897 1640792546234 9337
cf7effdcb72c4f3e9fd5180e2ab4e8110327164c1f2f38ef83a1cad2e97b320c 1640792596874 1640792605311 8437
3a92d1c9a6f2119e71153f2f0d08cbcd2825dbfd56e269fe37728271ff94c874 1640792656388 1640792663547 7159
cd166f8237324af05208a550874119ec807be63d2dade13ec5f1362ac5113833 1640792716511 1640792724498 7987
aff3426a45dd2b639762b991ba2fa95427337b0b3970149003aad1c14db6af06 1640792776314 1640792785101 8787
f03c2f2f8e89987be768ae2ba4980b5bb803d4f0d109ec0c2594245ca014557c 1640792836044 1640792845358 9314
32f890dbd4fe5f91d7d48f1720081094d04c04d7f0e697f903e3d46fa41e17e5 1640792896175 1640792905125 8950
fb7badbcfa7842fcf9e2324224b904f300f2300d5ab0e66a22e05277f0f263a3 1640792955437 1640792964158 8721
5477e08bc28476c0bf5a990372bd04be9a8c7fedd84fc015b55902e1b761bbbf 1640793015507 1640793023279 7772
c283686c7110e3518d003d0e7019ca512eedea800dca3f60ba269502c7ea20ec 1640793075461 1640793083014 7553
baf10ea450c8bf80bd4c95749bb26c92f5ae4ec1e284ed348606da95cdf52705 1640793135056 1640793143997 8941
335a670c97f3879a14335117d749d7030de5ff0cb7a25c31e7fa2e2d6bd88902 1640793195163 1640793204319 9156
7ad8bda1225c5a13e02160573e08f96619c25e65447d364236b0e09b1e35dddb 1640793254792 1640793263123 8331
