c5f80d5b0d5af11e01d303ebac75c82d20ced3433cf4682fe8009abd8f8bde2b 1640792117915 1640792126534 8619
68e087247371432b829504b1d0233b881a4371e5494939deb2c2e9c5a64afa07 1640792177661 1640792185291 7630
76f377d7fb3ba12b8ef554b264c10a893d67e3f1e12e92bbcf5577538c281d2b 1640792237491 1640792244019 6528
47aeab1fcb566bebd1c266021f2b93849a530d5f3db0826b8676318a06e425d8 1640792297038 1640792306578 9540
41fecf788816fdbd7f988e937ee74dd511e4e98167d523cb24812a7e4e82e2f3 1640792356893 1640792363875 6982
b7ae1038f7fc69f4c12b4217bdc0b6dcf9970ef28b8b13436007a005c2c0bf00 1640792416583 1640792422894 6311
fdcd7166c6760e3006a3093cae9ec6938c69e6fe5fc6627143c611ea32ba9842 1640792476659 1640792486057 9398
e7982fe756d1ab346c01c9e0ce4a9cf34d5e481ae2079f942d858edf08744a82 1640792536824 1640792543153 6329
b654004725d1e5741843202e58eb4fa1cb36e9a0a12774af46b981c6fa42689c 1640792596801 1640792603049 6248
09ca337917f52fc014c540b52df94a382d573c46faa1d874c7cebc7e6df4f892 1640792656315 1640792665174 8859
decac208394a07cb502428598831c1bcc0192248e6813a47c9c2612e81707c5e 1640792716429 1640792722516 6087
ef5a8af3da5a4c5d63b1adc25308777ecd7ee6c9e1479e7db45cda5dfe9e0e94 1640792776232 1640792785384 9152
6793ba610f811a59c3d33b921b2b39c332439abb621f0a02beede10a49697ac9 1640792835970 1640792844798 8828
8acb5c630c69cc051a212a3a90fdcba2925f6dde38a0679ee4c03815f89dcb12 1640792896106 1640792905429 9323
28f3e7ec8ef28dff4ba1d7838ae30d36cc0db4a0aacec3763be340b7c003e98a 1640792955348 1640792963748 8400
ee0f14e0fb3222db7164428949f5c3d3dce1c719fca722e893933764d5d0fd0e 1640793015409 1640793024380 8971
b92b57f56324b1522c3a8d1d258ab7a6ba5b5755a3fe4ef285104a63659dd135 1640793075381 1640793081570 6189
be58342a2ff8e1e90173ff0dd0d6f35e5e5b881396c959fd99a284783f2486bf 1640793134976 1640793143044 8068
f413dd1ec38df70575f4973f2fd184d8e8df61df10a1e9043308bb5063dd448c 1640793195068 1640793204083 9015
05b7f9b9c90bef097e1f92f349ee8144631edd28acd26c4383f154ad94d40acc 1640793254707 1640793263638 8931
