dfc048bb93e46e79ead1d91a823b3dc4a8eb5b45d7c2a840e51144b94a965297 1640792117955 1640792127154 9199
c0e98824cdaff1a98e6356b597486795bf1da7404e63bf981fb7dd00d481abb1 1640792177698 1640792186885 9187
dcebe4a64d183a9ef7efcd8418c32befe7ee0f32b30647ebe9911db6306c765f 1640792237543 1640792246600 9057
c47c9c72a95816719744096266295e15d8cc917d8c792027dc5544a208482f9b 1640792297084 1640792305885 8801
ccbc60d36f01749db157ff9b7db5d5f0be02911fb4597e9fb7d5a8b6e53fbd9f 1640792356943 1640792365943 9000
1f394360768ac33c0d1eac9b647d81ecaf6cd1d3bda07e5ab9aa4b6cb3bead89 1640792416628 1640792424077 7449
6fe6f91e160f7f8fadcab79bba1ba5136fcbcd69f4f21a295bc841b3f4f487e3 1640792476701 1640792486168 9467
0bb815b7d5c8cf57de1be487a6c4402490c4496ddaf9e77505d218be31edb0fd 1640792536870 1640792546165 9295
b146bfeaf9956973660db072512674c1ca2127580f98bc17dd3e58180041d79d 1640792596852 1640792605803 8951
f0f2e177f9650e819ca46e309d0bafe0f34913e4dd9450c5eab201c58bee83be 1640792656363 1640792663637 7274
c350fb274a999da2c0e30df7599d299563089d8cae5e9c68f3598dc95172e319 1640792716481 1640792724977 8496
6b47d91598369b976d7cb4cdb15914063a6160a20576c838f06cb0686a47228b 1640792776289 1640792785635 9346
34e91044cd6649c4acabd4dc71210330d04118c19f0d915f5dbdc23c6c15dac2 1640792836018 1640792844510 8492
bdf7ed85375d41d937439243f626a9a2b77e2f117dfb88f9bf20cc2b15c6df66 1640792896152 1640792903743 7591
bfb8b1f1370b8846a2ebc5d18086c7ce6ba98bb0875eada954a76ef76cb76a63 1640792955399 1640792964477 9078
eb9d0d983f4e1288adcc3e61e5465aa68667b66ca38b8f0d793422119e8bf8d2 1640793015460 1640793021821 6361
5a12d2a1e3643f92c61f55c735bee423ecd950a3188260ad38dee25e1d70c641 1640793075427 1640793083300 7873
3894165dd97d31a999e651f2f40a71e44167ea938d8d3a59de2e2997a0283cf0 1640793135025 1640793143308 8283
50259e706159ed7bcfd3be2224b4aa188d7c75fc1069d9ef0827f7de1579b2e4 1640793195134 1640793204351 9217
69d3cc307ec2e2c4bb71c5bb41a96e1a4926f4610d56be6f1837facd80a2dc60 1640793254762 1640793262333 7571
