9063a0933c62895338644c497a130ab0e3f3cf3f77abba779a7e07d2c634abc5 1640792117909 1640792126761 8852
55629c5b7ac2f1097527a4f83c38220f0d35ed8ea90d10725344c2a418aaf9d0 1640792177655 1640792178169 514
3339a24edd52c4744d73e934868036e722f88a206628ac9b99e97cdc063650dd 1640792237485 1640792243562 6077
8e00763a7204bf41b875b018bae9649ce3859a7f64e8e6b4314b73fca8b47904 1640792297031 1640792305241 8210
a58e38494ab7e7b95fd329d81593cad1a7d79dc59de09595b93301616134bfe2 1640792356885 1640792357461 576
9d561607bae8b874936eca9e1c9624300fd59228cc08967207ae295831a24556 1640792416575 1640792417183 608
d87ed01444d66bfc1f01593d0bbdaf61982efd9b45f10537d76a31cf2f29d6d4 1640792476651 1640792485456 8805
9eef8542211a884d4498832347aae87016d45ef631830bd37a76e8997a796c10 1640792536817 1640792543162 6345
644f671646862ca986c4b1c767d897dac9b3267b1ce33a84271b0d08dc6241fc 1640792596792 1640792603043 6251
9661ef7fcc441c591beb8343b89c4bcb2fdef7eafe626ddf6992ce77f415f4aa 1640792656305 1640792664743 8438
b40beedbefef49ecdf2fdd0cc43878f3e7fb099e00f125579e98be1b2920560e 1640792716420 1640792722546 6126
7ef526f960ab152ddb9f38d04154cb2bb2043698738d61a7da6c5e5344b162d1 1640792776223 1640792783692 7469
795395faba99638c91aa15ee06d9b80f6c46f474c93c381ebb476e1dd6295185 1640792835961 1640792836430 469
21f8ef84f130afb992fa5d569c999606ff14dc3f4b7dfa694bb164c0f4b3aac2 1640792896097 1640792902223 6126
fd4509ce8b348f027ea7aea6dd19aa96f2ebc089822c3208590e97deb0191cca 1640792955340 1640792961641 6301
1b3d9aafcce9bae6b7df2e6bb0cea6a1fe679d64145609072fe74f93cf36594e 1640793015399 1640793021567 6168
50d97420ade43f2934814c62a16aeda263db93e004f5cd7ef729195d6c46e1b9 1640793075371 1640793075853 482
97e6f7180a1140dc792e39a07e2f452480f2a07c3694b973bb66ab1e4cd8b046 1640793134966 1640793142948 7982
e48ef88552f463442d4153e19817d9732c9cf952fccf26241e67e88cc933ee5f 1640793195058 1640793195765 707
e45516d19c934cc950b4b03316b1150f49b89e771640ffb908667694c1dd1332 1640793254696 1640793261803 7107
