dd847ff591b4ee523863735df2fbee2937b01b15566b8e2f3915f2fcaa89cbbd 1640792117977 1640792127154 9177
e5d7454ac9c506674b2bb93a6a842adbeeeebd0c93f563b3f302e004a3df7057 1640792177719 1640792185852 8133
0d928cd1cfab1bc3d1d7ed2cbf5f3023fe0360028793b2ac334b4da4b4dc259f 1640792237567 1640792246525 8958
3956e246c6c169b334059fd843f289e399c6e89f0f70738fe191265dcd1a11a9 1640792297100 1640792305688 8588
411ff88980c08d8003db970dd2416993c84a641d6e05273d164ca6bd388483e3 1640792356968 1640792365501 8533
ae443f1bd1eb815888a0657d3b096df82b2e876470e036501b4ea4dc8909764b 1640792416651 1640792425343 8692
cc2535d4e1031ac3d103fe92697b3c7c93fb5507750bc651a3a8871df6048571 1640792476741 1640792486097 9356
bbca640753279d2784ceb812e9699436f48a14d1b830461354830cb7b5bf9187 1640792536897 1640792545974 9077
1d4901a12d263240c8d68cd1cf599d05497ff07fdc986a168b2f42bda1847050 1640792596873 1640792606027 9154
28dcd653e1eb49a340fd888d09dbc140565d652e915304fa5e64df4817da271b 1640792656393 1640792663263 6870
04b2625a2a7e019167a503c4111ab209e7ff319d6708416c7fd8c0528197f2fc 1640792716510 1640792725056 8546
fd7c55758fedaa8158f3c968a4225ccc280b0554d558a5d8ccb0d24c7534ba8d 1640792776313 1640792784010 7697
3270f32cc87b810a51909a822d3523c4a83a3af5b59bdc95a5a71f0eaacc12b0 1640792836042 1640792844895 8853
1e3e6eee92c7d0b78d06a3b490e044018fc830c3c7c9d2145a42e000bc9a0baf 1640792896175 1640792905352 9177
e83b5bad6bf12fb653dccd0eb394f472e911eb1c47c2350fc389d5e2bc3f6b49 1640792955436 1640792963029 7593
0cd60a977c10826f0047c58d7defb0647e1092bf5f31e680a983ac0cdfda630f 1640793015511 1640793024359 8848
6809c454f07f33dbe78d22e6d200952e9da9bdc1645863b2c3e1bb0f96901551 1640793075461 1640793083965 8504
9bdac67b3ca386092e4eb18af48f9c279777b092daed0118a5cb8ab4d9b7e910 1640793135056 1640793144087 9031
a4e2b2271747bb8f6d1bda681e88d93b229cce1adc3dc8780d389b8f7dddeeed 1640793195162 1640793203193 8031
71e60154175eef800ae0c1b308688ed356044c5f2f5e3d958aafdf961c5734db 1640793254791 1640793262121 7330
