21ef52e569b389f1a262a8d96c3d1c56a659408bd848e339b2dd32e34a28fff3 1640792117949 1640792126928 8979
fb5e79510a4c75a70e641510dd6b1d47fcdd5be293ad95e55b8642a855dc6316 1640792177695 1640792187106 9411
888714a7a18b67ed5fef46bd711c6c07359be964b5b03fb1967f5831efd867fd 1640792237529 1640792245594 8065
e0dc8661184e57ebcb8bc3d9250cb25cc4e1d60300937b6a9af691d7c9bb5ecd 1640792297075 1640792306578 9503
00e081961dd98f667c21125ad92e570e7e1cd0a3d764449edc63bc5d8dfc9e4d 1640792356939 1640792365358 8419
a4d7bef274a279c129a1f3b498031504cdffb875d1b4adf5d80051ed58667c40 1640792416622 1640792425933 9311
5bba143a39d40a95f4ccc8ea10feb05047ceb4f7c427e092bdf811168ec2faac 1640792476697 1640792484105 7408
9ad23eb75165912e037c7c8587c7e94d7179d7ca90f2039974f2af81209d09b7 1640792536866 1640792546234 9368
90a6b03328f8dbd6f53f76be3f33c257acef0a8f947ed2b7b7d4698419dab3ef 1640792596841 1640792605791 8950
07d1ed5dc5a59e4a967799a8dc19a6fa7699b1c4bfcfc386b8a7cc8f4f4138cb 1640792656357 1640792662802 6445
260bbfdabd3216e38b6f6664b946fbb2cdf433617cedae0fa3bd850e0fcbb704 1640792716475 1640792725264 8789
b4e654a64358462fc4b732b71bbc8968b51500b65d04417633e253d3e1709e13 1640792776276 1640792784476 8200
bde49186ecefc296092ccda8413b15b8076862ad8a388e41799d36530dfc796e 1640792836011 1640792842901 6890
d3744b1658c7500f45ffcbf6d322a96dc5f9f3062c7f488224c29266032f732c 1640792896149 1640792903480 7331
1784377f9c0b272edc4a519828259043e119f1066b1ee2d13d09a5646552a1f3 1640792955398 1640792964623 9225
bde193428f4c1c48e580ed0d503fc8177c590245d29834f6d331447b39d9ef06 1640793015453 1640793024666 9213
244a60b758c7e44fd558024044040015abfa2cdd7f03068a0ffd1ddf1320be2c 1640793075422 1640793084265 8843
9d465f91e4a4aa079b0f3345e5233d26385fce950851d09e5b1c3f97b252dd87 1640793135020 1640793144057 9037
e12195b64546ea5ff886290ac5a69b0814b8b6c2978d01e35a0a7141966ea286 1640793195128 1640793203957 8829
200afe8370ae7110f79509874387e71007674eafddac6ff940dd20f5ad714da8 1640793254754 1640793263633 8879
