96a04f6b7bc2cf4837c0c36acc80c6c19ebb0b28f198116871c13ca3be90f145 1640792117979 1640792125975 7996
519e59937435ab887a9fefc295b589b2ad77ff0d49254befb2e5b05d756ec439 1640792177725 1640792185050 7325
534d07ee870ec10cb316575d6ecb8d54a65500476b33a5dc73af4d16daf22ce1 1640792237576 1640792245653 8077
f4d5d278d217fd44645d7a070e0ae9129c438f564dc082d704a108961b4c5ca7 1640792297106 1640792305575 8469
d4aaf10eac76f814dd6032d8a28bcd25123a05bd4b5f384578727992d48f087d 1640792356970 1640792364216 7246
394d4947ff19f113551cc4fd4cd095a54681b85f4ba0403256d248694714694d 1640792416663 1640792425827 9164
2391d936fcd0ab6c1a0275f4674099eae131c22deff63474322406f480373bcb 1640792476747 1640792485398 8651
eac89b156b4d060cdf65b1231c66f09861a8ffbf50c2a4206414a65ea529b68e 1640792536904 1640792545234 8330
3251fa723d65b8465f5d27e6af5a7de7703159857eefb512cb990ae2c53738cc 1640792596881 1640792604485 7604
7e71801ab384cda2c451c8332be5472791bc479aa0482f43f9873d92e0ae88f8 1640792656400 1640792664789 8389
09f51a171dfb3afcbd02122b6262eebb9ece81854d6846d93773f2a93fb650a9 1640792716521 1640792725088 8567
69517bec68c8b6e4eeb7e7663cbbaea82504fc1047b6c4555f62657eb27c047c 1640792776322 1640792784707 8385
233ed2c87c3658d147be765f3fc8a6a3991fa983d6f09914c7f1519d10ae9959 1640792836055 1640792844377 8322
d372b131e75c356e3f7a2ff1e7f4520501a61a6f3542ee3f5ab397d3c73185b1 1640792896187 1640792903966 7779
c0be4e75de5bae7f5f0ac84f6baa7abf4fdb3a83e6ba16def5b84401635cf2b1 1640792955468 1640792964058 8590
eac342d6f763dc10bbab69b865009f918cdc7cd0dcfe87544de2e9f03f453957 1640793015543 1640793022144 6601
80fcff13f9495d7f1f4f778ca5a2505cc21d6e3c15ab603d320150367c3fefdd 1640793075470 1640793082390 6920
7a247a3fd5f1c26a50947bb67b91c36d323e4557c2ed502cf33d40fe689c6716 1640793135068 1640793144193 9125
f2352dd02b1b6116354f8679b44e5f97ee18d47e924dee851d9f3fa14637b153 1640793195171 1640793204328 9157
35115dc7c76fc187cb7194cd12b7c49e2c9c42d1ca0ca596184e9ac017e4a53b 1640793254804 1640793262451 7647
