11db31ad75f44c944a8efa274521882d1f99bed30183f1c34f1b2382973236e1 1640792117944 1640792126887 8943
667eb9801ba4d88ad59620e59976abc5f5f17e8859dd6160c1f294bc79f30e97 1640792177690 1640792186576 8886
d8167066002834a8efd570d09e9b18e041b70da7f43b05926a2ca1144394c58d 1640792237524 1640792246630 9106
4b511a6a05b556e98e288348f9e4f9111b29d2397e8d4b540f2aebec954698dc 1640792297072 1640792306337 9265
0d5eab64543a6087234b5b8350441bf20f4fc5682fb6436ff589cd90766dc02d 1640792356929 1640792365816 8887
3cbb70f01cef03509281f4554237469e68407fe1914455f3a129fc5cc535bceb 1640792416620 1640792425820 9200
06216c18930da89013a24074eaeaf5192e10df8a6db75d3c62896772a30a2193 1640792476693 1640792486068 9375
6eb61ed17d518917fe15feb4492f6e3d90a8b56e170eb5ccfd4b13bcba1a5268 1640792536860 1640792544460 7600
c93e591ee8343a2facb58794f250dbfd3e565684fbbc8a26e9910732f0f472f6 1640792596840 1640792604115 7275
9ff635dc19336c51a767c0708550c1f9a849d77c12d48158e4d65e18156c9a1f 1640792656354 1640792665123 8769
c66547b0a3d1c65e223ae516a053b78c077d6dca2e071532cde13de00194a2e0 1640792716473 1640792724401 7928
8dc8a9a84e99eea146e93ed6899a250b201cfb5bf5a709dce30ba1538e050a18 1640792776271 1640792785679 9408
7dfa0ead4803f4d415e97792ecdd390918d5889ed6a2e51a560f0657769724ca 1640792836005 1640792845243 9238
8a383fbca60a4c7a142fb82c89281a900403e1cb50c27962d5dbbf35669fcde8 1640792896143 1640792904722 8579
ad1e4ca2a060a24be9def9b0792b09518fd395c91c66e3d0bae3c909d26f0dc8 1640792955390 1640792964313 8923
5c4dc3726302e8165147bf8f28b82b9d311354f1948f75274ec36ba993b5ca12 1640793015447 1640793024718 9271
c01d872d565597bdedddf45b9662e606f45d6903d9007e808fbad05ee61dc58d 1640793075420 1640793083736 8316
b1050c4590c753dc0c9238b323fcdfd4b2a78d0daba5115054dfc39cd395143f 1640793135015 1640793143543 8528
4fcfc88cfb75468467745fcf99b51ef4c9b46860377314d18367767dc73a30de 1640793195121 1640793204351 9230
4979054d900499cdfc4a19d83571ce6818acdb2b9319da703526a0a56ef2b82c 1640793254754 1640793263016 8262
