06fcbb85878854d15523913eac129910e131a8a596c2dcf64d4cef31e197c51a 1640792117936 1640792125888 7952
f2019877f1e49a3396168995979de47c20c92475c2dd781fc5a9c67666ace851 1640792177683 1640792185125 7442
bf66ead7a8434f10570b96388b722de8bf03f0a8e81cbc7d19607d3acbf5140d 1640792237514 1640792246663 9149
099e0f6c17e4a15f21bf2ef3596386fff2edbd9cfd6b1796f03674f484b6e8a6 1640792297061 1640792305646 8585
c0125ff97a69d5053aa8e1a68177afca28313792828b257bc7c58e0b1c9e0d4b 1640792356920 1640792363961 7041
04f4a0b816c8760074f0a94485d14b524c3c2dff9f242ebb43c1fab49bc69313 1640792416607 1640792425536 8929
52a744b8c3aff55f95a1c50abd4ecf96c7cf662d903a9607fbd8b45274a22154 1640792476681 1640792484400 7719
5c9f3a3389b5c2dad4fd38322ccfc342a3356c8c6fc170462731d07dd6eb2ff7 1640792536849 1640792544070 7221
7567aa169f8fe6db4aafc35696951299398179e0d373a6ad12528701999f58fe 1640792596826 1640792603697 6871
378763345c9f8f34d024a6ff6dd3f7450d6cf201989a9c032116d9ff24fcb3e3 1640792656344 1640792665095 8751
02ff4ec5c8d0a9697213d934e02ba3c4872d9692b95fd4b8fe2313e3085150d1 1640792716457 1640792725033 8576
90081325ba052e179b9fe979ae99e97566a0a3a8c861bcccd08e0e97fec58d25 1640792776260 1640792784706 8446
d241f522e3739d1a4508bf7bcd85129fd7680d230e31006db612dfd129b6b79a 1640792835995 1640792843073 7078
522404a2142af81a55e80a96eb8fd26aca844c5345e38f25552d32a673de6ca5 1640792896135 1640792904293 8158
bfb6194d83f4222945179c8bda74ca64454a2a1eaaf03c6c88ef4470f8adbbf0 1640792955376 1640792963661 8285
7d46e58271754a6be77c9fd1301d781f38755cd3803a5c2cdd321c16ed1bb2cb 1640793015437 1640793022641 7204
df4a7f0f91b8000c29169752ab608bae787a55ccd4901b27863019accbf61290 1640793075410 1640793084288 8878
335032ff241ecc124076baa50b9c4a5975da3d52bde8f0366c5315a948af316f 1640793135004 1640793143372 8368
847ef4ceb4c0fa9ce6bbbba94fee9219eb29dfbaf1842da8a1578077ffff7a99 1640793195116 1640793202115 6999
cbde6746ef9cb18abfeef4a905f5d31dc49c8060d3ad788f38e3f134cc1d400a 1640793254738 1640793262347 7609
