3c8f1def05328220f9a4dde4d48b9de6907cf05f8227dd30b2208e0a885f6b53 1640792117912 1640792124479 6567
84d85bb683350854d5604e5c76176787ca0a7ce837532aeeb7014c47418a5f73 1640792177659 1640792186306 8647
1b6903b998d35eac994bcab3c16c64e8da9a15ab43b08dbd588cfb941a3c316f 1640792237489 1640792246601 9112
94fbccb6120879923f6e4bf6b0c8e7aec42d323d271f77dc99486e6d500c0739 1640792297037 1640792304392 7355
b6cd81e0b3787c5726eb759db2c5c3b90b1923c96d74d97972dc62e75dd95bb3 1640792356891 1640792365514 8623
f69a382c4e6fe4b54fc63c4fb4c434d767913ba4c343f047028033a186379f88 1640792416581 1640792417681 1100
8a49472d4645a578213f53577af30772278cc7f5079563031491de35f5dccd37 1640792476656 1640792485401 8745
c9dd74c3f2fdac6710bcbc661daa52aba12f45174ff4f62914828d44bcf57781 1640792536822 1640792544375 7553
d65a0606f320d12a88ec50121c5f58305a26a00138925c61b96c9ea8146affa7 1640792596798 1640792603053 6255
a266997119bc8ca8220e2503ce2dea07b224fcfcde063397a8d894463bdfef74 1640792656312 1640792663968 7656
ea0fd088500e9f3b0dd35b4759c4439281a10ffc7298ad6339e54694c0f35b60 1640792716426 1640792722528 6102
8cfe54bad89f6b6d76e0105162e6e13f62adf64ee0584c2b565a1de8814bea3c 1640792776229 1640792785443 9214
b1a0eef2f7d2c4be0ffd8842de4da47a4a949cc9b6e0fc68788b43a44cb3411c 1640792835967 1640792842162 6195
49da379792b60ccf493579cdcaee8d3fc6123b0c9203aff4746669003764ef26 1640792896103 1640792903248 7145
c9e58ac72a2307a8d547c3f0c4fc93b18f7c6240145178185a429470eb5be2ea 1640792955345 1640792964029 8684
c63f56c9ae70448f2e2093e89982019e5ab754811543c6a1aaae419c6b2cdd40 1640793015406 1640793022338 6932
e32b66daf3bff171eeeceaa1f5d25fec7e0b38eb61b469740e5e264bfdeafd2a 1640793075378 1640793081570 6192
a477e491885044252b3063226959b3b682f20d2277771a53949fda91f7d6014a 1640793134973 1640793143621 8648
8d2f0193261fdb2aa7e1755359c022503a975bd054fca81af42b8f7160f9ee31 1640793195065 1640793195770 705
afb19493b33ed961bec921e2b60826f02882ddf8b3aa3707555474a74125f136 1640793254703 1640793262233 7530
