94efe4005c2eb7eebc5a2747475db0b25ef041baa44d3f703b480fe2e6956842 1640689547087 1640689549493 2406
1cad16464e5462181f1dab27323e12ad9cbd37ab56cb3bfe38d09c55fe339aff 1640689595663 1640689598406 2743
92a4cf80411eb679d71ded847978b2c2e11ec24f4d16f2408a880f50b0da34e4 1640689643830 1640689647295 3465
74df25525942e2fd9caced0c3279334712dbf21ed9fc1b65dddc5164f6aa0731 1640689692398 1640689695707 3309
0f3a90df12a5b849961a96e57563cd0137ea6dde67bd298ba99b9e9ec18db71f 1640689741138 1640689744197 3059
e9b0a7008c4743d5f156607148273a35d62266888c999d9ff4fc48c40dadae43 1640689789375 1640689792260 2885
f13cbb1a1751009608293f587f0983acde1c565b206b78bd6df6938c333300d8 1640689837767 1640689840470 2703
5fd4556c242f39a417064aec634a0f3381b427918125c73f8a2bc23c8e44ad0e 1640689885792 1640689888761 2969
79cea903af4f9a10fa5a43a61cf78a226f8fe1425b1367796aa50467e7e46a2a 1640689933681 1640689937083 3402
bd3cc6a3f052ed3d722c7a8240ebd8efb5304f32769c24aed0a40819a0f0e7d9 1640689982423 1640689985715 3292
4fd4b5c492e4213ca862fa6fc2c0f05dbd5419204a2e6138fdde2c6a502db51f 1640690031471 1640690034403 2932
e8f40e416a53ca09ad5bec81ced1ee3bb1d3c68bcd3394f3571b6fbadd1fb708 1640690079329 1640690082168 2839
edcd222ae0a58f9349a1b9dbdc180107c8f9f7f7d16ca1c1fad45313c4fe3461 1640690127545 1640690130167 2622
92ef771ed23fdea3939954bccad73328a6b6c58743725ccc0d85df60cd649190 1640690174636 1640690177717 3081
3ca25de7c5f6ad6d1e9e85c00d9d92fc4b690f96397e4c16e102470083935f79 1640690222229 1640690225495 3266
56d80864df855001354cc11708201e7d2d40022ba2486f3bc6e129d145cf1a10 1640690270439 1640690273352 2913
dcda93a5817919fa69920a820dfdf409706772a6bb190c525820e613b2c3d302 1640690318963 1640690321828 2865
42dedeae6310a490d0b8b436113a1e33017f8952540dfe94f8634e66b0677e63 1640690366722 1640690369432 2710
27171c2a93f9812335233bf8341b1a51a893de78735e8c8644e71cb1c48be0c3 1640690415164 1640690418055 2891
0dc951ddad09292c87a450aa918969a3546a50091b21b37a88586b054ba63470 1640690462926 1640690465520 2594
