d68bb196418f4710779264ec2bf0ebaaee09ad24a7d6ecd5edcedfc03c82ee32 1640689547039 1640689547982 943
85484a776b3c17e1cee10b9b641f8dbfe7527a23f8c7888f488676ff2e21d3e4 1640689595611 1640689596623 1012
4393f16d62b33ede8cf8db60fd7f08f18b2caba9ae3d6806292b2df0e1304e0a 1640689643775 1640689644994 1219
3ce5ee680983481965b10a874cb27b9f77c369aeb509ce91cca2a433817c1029 1640689692347 1640689693405 1058
0328d389df2b2f273c4b12b697d0b1c92884ab25f238ec2d802b3d53cf4df680 1640689741079 1640689742254 1175
81f3bd5c9ea6a4abdf179f43de31b5ac7cc673b0d7e35da15a13050b214bfdf0 1640689789319 1640689790383 1064
752a8a1a31f0d33e25c404a8386f6c7919c6edd6548a3974721b510a40ac06f9 1640689837710 1640689838594 884
d82971dc6486da06f9e1c7d90341ebd833aea658c335b87940f43e607a623bc0 1640689885733 1640689886671 938
1e8503c883f87e6b0b1f1aa10b01f69968056c9660734e2e2ecfca14cb8e9b7f 1640689933618 1640689935213 1595
d0d3b5a3587444c9334a6f5df5d5acc97957c117e911d91f6d1b48ac3adf23eb 1640689982361 1640689983319 958
98162f93ff5bf6421aac0daa5f8f9c6fae5816b7695ed4a3d670ebbbbbf34588 1640690031409 1640690032339 930
c71e257424ba1eca1a5e3843e973d0ea5b3717d46cd8de6ed32797b585b6eebf 1640690079265 1640690080039 774
09e1ae599667626bb11f12400b9b782e44bdecada157a3c38dd2ac4abb0ccba8 1640690127476 1640690128337 861
21fb1b6df7e055fc4a4b62cb4fa921f71b1dfa810fce91a24e5d7d2d0acaa10d 1640690174572 1640690175467 895
2ee61c8ee8d562fd0786a606184fcf5b264edb1437db6352f97722877f8a8696 1640690222168 1640690223182 1014
abf553135b3d1f68c1f3f9f84e702c0688214bdb3284138cfd31d1750b32af1e 1640690270369 1640690271164 795
33c6696eb420571936714b82d0c562491caae33d4c68d60207f0617fca52bfff 1640690318901 1640690319806 905
fd95631dca8a165e1ac525681b2376bc3f269447bfded37bc576b9764343b24a 1640690366651 1640690367639 988
bb7026819bab50bdd632e6545339963b3d2738decf76fdb791cdfd3afb9e126d 1640690415100 1640690416014 914
3c41e3fe9a06a6faa8fac4af81b04d0432229ab93d443b5be535680c20f57ee9 1640690462860 1640690463903 1043
