a6e980b2514b0ba4c0aee6441c4d2f41b04d2de05fd96ba034646fbd8857f397 1640689547046 1640689548109 1063
562ce1cbe825a273cc4e185f36f065c63327ff7f95ded6fbe1717ea193e58332 1640689595620 1640689596880 1260
8064dcbe68efa6f5f40ee47a56fe0b565052e16a6ab541930fa2f1b3d7f9a226 1640689643784 1640689645213 1429
4af50a6eefe8df22cc22d59021e165157fb71c066e9167b574ea4ce26c67797a 1640689692355 1640689693628 1273
aba3fda2fe005daaeef9eb8d57cc01e06e7b5a648265396ec69419db3339d8cd 1640689741089 1640689742794 1705
5ebb8908edc8a5ff250810344a993b14f25c746053d415b4a28d0f2932dcb311 1640689789326 1640689790794 1468
565be8ad1082c5336a344c05af8b1e4bf7b3d7532320f487b858a02c5039953c 1640689837722 1640689838904 1182
e660c2292436e0fac50bd96c7ec5a44d2b2187119da0a90808f1268e8da7b120 1640689885743 1640689886872 1129
c36f0077c1274fdc0bcbdf0401098f2977e9c02b4f2a8bb4569b5c235fe12e55 1640689933628 1640689935248 1620
2ca7135d0ee1be68cf70c6e1d40a1cb6e39f91a05357cbc0271acf60eb8ad39c 1640689982371 1640689983620 1249
e78446efeb0b9f4ec67cfc392038251007e944d9f6f284ad02a867b040e2ab0f 1640690031417 1640690032841 1424
ef165c7e9c65e1ce00b8252f6944e70e3a54f269e0160000df2510e13db656b0 1640690079276 1640690080453 1177
dce7576cecc5a6549aede5d2ee659a98427a1f1eb8cffa0db7cbcf2af25c94c0 1640690127486 1640690128421 935
76eb42ad44d7eb9af2dfc6ff084fb2f9a9bfbebb3af15202afe6312fc2b4b5d7 1640690174582 1640690175715 1133
3a037192f0bef23ea4b6a4cba6af8601d4a227a1accd0290568be679101b28a6 1640690222178 1640690223677 1499
f108ddd242f1dde24e6e0745bcf71e7504a3153fe6a384436b578383838b90a8 1640690270379 1640690271166 787
9b928dc272d373f5b74a7bab269ecc5342f37d906cb010c581cf701c8f1ce143 1640690318910 1640690320367 1457
71fd687edb37a8043fa8e677c5cd3ad658b7883bd994601e9aabc77c208a9383 1640690366662 1640690367994 1332
0051d167dbd6c345e923d13aa7895d45b33ef8a17c83f062cff68d99978c75be 1640690415112 1640690416444 1332
ed5ef6f4fd34d29fb00df6d5a7931e318859ed2ec55cedeed979d1572e310494 1640690462871 1640690464774 1903
