b42c2904a53a1b83aa3c0a32a1f4c2b055b934fd41fc26154156e7dd774caceb 1640689547076 1640689549890 2814
d3236459ac00b27948859d6508dc144d4d1bd845211001e8889e7734af3d9acd 1640689595649 1640689598215 2566
a953fde859a3f66658b8fd4d852a40b23c2e8be4789a41147c2a7592c1a88e74 1640689643814 1640689647123 3309
103856b29c12630a0de64ed6c44c4f1736b8e413a707ab710eef1f3819e29832 1640689692386 1640689695558 3172
e81e129b4e59a48af06450cb9677af6938100505f6aa6ffc9c43d7c75949ada0 1640689741123 1640689742410 1287
1fb96099b38d1ad4404689c170d5defc2f8209a4fd9dc6d70567b442b8788e42 1640689789358 1640689792022 2664
e8d48dad05be91532f817d9800be5eeefb72707837c9784cc4809bbf930db0c5 1640689837753 1640689840270 2517
1f26a1ac2df50931ed1001c466c1a1c6d12fa8352aa12f263e9cee2260bab18d 1640689885775 1640689888066 2291
6011956fad47615c18d06b68e09e07e5055aa590d5e281509053a5a27bd6d867 1640689933661 1640689937102 3441
12be8f1e7642f79947c38b7618eab079c235a53a4553c38273d7a797d0cbdf87 1640689982407 1640689985506 3099
5ffa9845db751b8fb10afd253e8d96d4730f96d19eac32833acc856e34e2e2c2 1640690031452 1640690034200 2748
062beba4d883da3a329919187ea187a4b700be84c9f6047ceb6b9193e162ee20 1640690079315 1640690081949 2634
f3382fc037ece3a492767dd5395bd19eb3e6a228efd795931c9efdba34c2dcba 1640690127527 1640690129853 2326
59a771d18f6c240f9be88bdf8201670fedbf995c0bfb45c71618df2b4e1b8dd1 1640690174620 1640690177378 2758
50ff67658bedb68ad8dbbe5d74f4958fd1e2ecd11659aab85d8c76bb98fbaa31 1640690222211 1640690225407 3196
ff375fea71a82ff35ae0c2df12b9569b64bc56108bbf32ce98f37dd246a5014f 1640690270421 1640690273344 2923
3d4fc59a15d7ecc2877f1d5c2f76dc8346fc3ae57639510ba5af5d0090cca654 1640690318947 1640690321796 2849
dd578bf1757d3a2729a6dea3d7c33a6982f5a054a792407eba6bb460b52884dc 1640690366703 1640690369326 2623
48760d9bc4c4d06dd6c4e52789ff43e76014609ac203621250b413201e15093b 1640690415148 1640690416865 1717
38992b4833e4664dff36a5f333ae891f22dd8e68779e793b09ebee7aa5101720 1640690462907 1640690465480 2573
