47d4fed90d45e45f545454f23247a8806864736bbd12f06853b639ea347495f0 1640689547048 1640689548175 1127
e6fbe275685c5e138736d1359f2d9feafb72acc97db6d63231d1dddc78be9602 1640689595622 1640689596914 1292
de38b07bb260aef4f484bb7c7abdb824448c100a0df66503ea64d97534864cfd 1640689643785 1640689645308 1523
6809780a0824beed04c0be6037efdb3d1ddb7856f7c6885fe332c4a25ba4a4f2 1640689692355 1640689693608 1253
b998c758be352a6f19e7649d36286808a96b23e09f0f4c86de2b242699c4edfa 1640689741090 1640689743333 2243
a4c9514777639cc848bd34641dd67fd81ac8a5c486b60efbd7f1614e2250ef4e 1640689789327 1640689790702 1375
b2412b5a42009ae1930333d0d049e38416f9e3cc5fe188a979438b8c98289ad8 1640689837724 1640689838874 1150
84a26bb1898315080f932eb98d9434cdffd39525f395378f0cdfc098a97c18f5 1640689885743 1640689886874 1131
fd5ea08712a14a9ad191a125ad28ae3203a15b50c3641cf240b1e9812f075e59 1640689933630 1640689935089 1459
67b59e6aa2d665c6f0a5e9c693c9f26490a7579e6789422557f86bc93e6103d5 1640689982373 1640689983845 1472
a6f48f4fba93e74f1cc1f96d404fd4865519479049011ea3fa6465836750c160 1640690031418 1640690032987 1569
95a4d3feee188a6d5ec667a8a71998ed6e09cbafaa1ab44cfaadacd77e2b611a 1640690079278 1640690082181 2903
5949f7e797aa54d1edee0fffe4f4b62b7bf1fe7a9dcecd5eba1f74caf497654c 1640690127488 1640690128694 1206
3e8e41823276331333ce98dc29bc3f9c1ae2412b21fae548a4ba3fc0b76f165d 1640690174584 1640690175680 1096
5d11ec29645624ce10f8839f07029d4255294ca5a3f153357df8216397e5d109 1640690222179 1640690223463 1284
3bdbc055cc8c40b164754be5ce3e546f85876ba2f8ca4fb5f85e5e84b8d666ca 1640690270380 1640690272006 1626
6eb35a4d547140630275a4ccd89063429f8b8aa73f481be1a2b4b97ee6c74e7b 1640690318912 1640690320339 1427
b09e609e2bb975076df84a120a09a4b941ccd044ef46eb5b8202900385c3572c 1640690366664 1640690367948 1284
98a68027f41624d058d84ababeab6be0e10bceff1c031dbaf6b95aa1f6fc25d2 1640690415113 1640690416621 1508
8473b2bfbb570b52383d81c74523bba368d131e252ebb425ac2c5586dd4f7ca8 1640690462872 1640690464187 1315
