4a577bbc9028531e6a696ebb630eb0bd4bd93fbf5cf93b90d44706760f59e727 1640689547054 1640689548175 1121
b65914766a2f35f4d5b98cc1d4a5d90b33ccd70a4dc6c07c07536b591982b722 1640689595628 1640689597309 1681
ffc8e7d02f19bf3fbfe03ba68f4cc9bd6089da58568b2b2299d816a0a5e3271d 1640689643792 1640689645661 1869
6c631fc411f77f15eed1f1e38c1d228c7f550e3ed8a33f875a127f4e64596038 1640689692361 1640689694213 1852
723321ba881bd8dda87977bd60ad91048108b7f74a84daef3acf2b3a4e6edbdc 1640689741097 1640689744149 3052
5e5ac0ea08deafb619de6a5e0a09ef28cccdbf665f837ab063ff4812399bea07 1640689789335 1640689791040 1705
b32a87c74421d36020e2f3f22dcfa6ee673c1cad41034653faefb9e12d0cd955 1640689837729 1640689839198 1469
eabb0ac25fee155c42f43af8cf9f4a91cfdc4e528aec960a0d9033f9ac6cde52 1640689885750 1640689887650 1900
1c3ec71a70f9322d68c0d161538e397f37efb6dafe42289e1fce2e686432385e 1640689933638 1640689935512 1874
f9551b8bc65c276ca31dcae7333c794aac916966214fef94b12f2ed05dc70260 1640689982381 1640689984153 1772
ede6edc1fd9e9b5ff3dfe2570a9ad802f609db7238eb73351a63967b605dd9fd 1640690031427 1640690033377 1950
37fcafd72b4a23207c3fb701aa7e6931f57f655e29d2ebd07cc9ecc2708edfd3 1640690079286 1640690080828 1542
4803ff74527dced05eceef30d253b016762585ca2330a7587482d967b51a7881 1640690127497 1640690128747 1250
204296b2471a5fa9a686985ee8fcdb8744799ed99849971b079323165ff97ddc 1640690174591 1640690175938 1347
f6ea49c2acdc6c7ae0e641f8d89be6b6b286b9f41c9ee00b3e3ce85b6ce35522 1640690222187 1640690224605 2418
8899cbef9d2596dc8804f2307f0214bde35bd979a389317c8ab974b8006a7e68 1640690270389 1640690272683 2294
e79204b3670009b389ec8b15e75358cfc13a9164d95d2d71b9fd3459b0eb0d06 1640690318920 1640690321773 2853
46c851f74b65c38739e4ab927723dd345e3306aa67a91743bd2de1c6aa02ab6a 1640690366673 1640690368429 1756
d16f3ae1e9889a3dbfbea749449db72fb0e9c7f212a797225edee082616b3cd7 1640690415119 1640690417611 2492
2e052c5de3452a61dc8b3503ef574b4a68aa276616547fedfda558bbb6fc6a67 1640690462880 1640690464190 1310
