3fe641f13dc8a1b04120e18b585acabf443e7f0766a4dc612ff8b9cd49dcb9f6 1640689547085 1640689549735 2650
113e184a0d8e4ebd7ab5822d314de08823891c01b69229edfd22213d08123d12 1640689595661 1640689598746 3085
f0e7189850a8df9228ce39d638fae9d9bd78e97bdd7192910f3cfebffc32a9d9 1640689643828 1640689647325 3497
69c8aed2d390b434ac545828e97cbe6017e0d7af5dacfe07b2616a57b74758ae 1640689692401 1640689695634 3233
01e540e5f1643b782a4e86c65512ad6067415b136264edb744df8d80d9dbdfe6 1640689741139 1640689744204 3065
e9e4c6f24a36bfa800bdebbca59fb0e10dc32b00d7d03ff6336d00ee6f13f759 1640689789374 1640689792375 3001
a207809564bba044a75db56c730fe71b9df64ad122d3d419504c7a38e48221a6 1640689837770 1640689840108 2338
4a37ddd6b0fe0e45008bdd4fd8edb2acb654ba399b3d170b92c5c4d15ee8535f 1640689885790 1640689888862 3072
e76bb56e5139d0aed83eb13558c96dd1d028d31fded2e13bc175bdab7af6f5b8 1640689933681 1640689937108 3427
d184b5feb3d7b32ae30244bc5b56cc8e7365342d2b7139020f035bb97f9b4df6 1640689982422 1640689985703 3281
5b2a13f2280366db10b5d5a0b1b80b3d992cf6cab5c9d34d2d2192e8e6c2ae6c 1640690031469 1640690034338 2869
8bdc9d5602dd2b5a69032a997370f068fd482dc2e4acf096c629e31d1f41f12e 1640690079328 1640690082162 2834
5621afab278b843c694994cb757933d5f1ceaf00d832f76863cae0eff286f09c 1640690127542 1640690130148 2606
7cf2e39603c268801cd6c2adbcdd6c22f355d3151aa492a00ea25343a4a79bbe 1640690174633 1640690177863 3230
adf4a4615b0fee54683953f306a074670ce847b2938c512e5c28243f044fbee0 1640690222226 1640690225429 3203
358dbbaddcf3ff6ea4d698edf8c5d095dd0b15ff909f4e6e7f7b198fea3c4ec3 1640690270437 1640690273898 3461
5fba864bd55cac53651b84e56df29d88a1fc75b54c1ffb48976232112a95becc 1640690318963 1640690321901 2938
ceac69b43e5e0bfc7c918bd0c396f6002a14fbbf30314745f2216213119a5286 1640690366725 1640690369427 2702
82c3e485e9e3de860bbd767d18d6255299dc0636443626cd173298e81a622c2a 1640690415165 1640690418055 2890
8eb0c54aeb0046dcacdf3ad4d5ee706dbd8e41d519de4ef165fae1eeac419e59 1640690462925 1640690465540 2615
