dd5e6e4db56275d2105e1630b4f5dd527abe1665d049a7d81ac97cf0ee9c5b1e 1640689547037 1640689547742 705
524a54ceab7e818ecd1000143d49a9e76a9b9802d2b56a2ff45d841632602b7d 1640689595609 1640689596593 984
d044328dfc19420dd9098a75c3b5a543be4c0063410c8a3c84bdf99e77a8659b 1640689643774 1640689644426 652
7b8776fe8e76d9f00b1c75d3252589e6822fb62f38dc5c1cacc7b644ca7e4725 1640689692345 1640689693227 882
857daf40f3b6485d915434fe5407250d98097588a82c850dfc364ffd509f9f2e 1640689741078 1640689742150 1072
21f2700220a7b39d4870ee389ac96b274e108747dfeca83f425549e8215c35cf 1640689789317 1640689790254 937
33167334e7e2cd8e7138b748663aa3844c69fc1e57044108a6a1745f669902ec 1640689837708 1640689838620 912
b50ab58d572036e614d646b5249a969e3a35e034f1369aeb6235984ab1d6f3af 1640689885731 1640689886705 974
2578f9298b3438a29093c0329777053ed29efd576215b014153d1b30dcb40a9c 1640689933617 1640689934697 1080
59890d852efc8e6afbf29c710c65d6ed536ffd9b00aa09405eba7d5553b5ab47 1640689982358 1640689983216 858
f6c4f361ccec8051e1010597e27d54a6618273a89ac66722f2bf32da3b8fe26b 1640690031408 1640690031985 577
d925e7a399cc1cb571e702f676376081845fd3e009ea4fe5b780b2ee672f0dd0 1640690079263 1640690080056 793
e00f7d1932b66cf872c5cc5aa4badcbf74b8b64ee9550e58d3310c3507e8dfbd 1640690127474 1640690128056 582
291313f1008ffe7917f5f4cb54b787c09be493ce26d09e98d4c2d90141d8a84f 1640690174570 1640690175624 1054
f0c0191459da531aee799bd5e2d8bc3a381d6da92e7f222c47cf6990e3d35773 1640690222166 1640690223005 839
728b75bc0e675f9c72befe2c889fffea02ab45b1554a8de6d509ef577a353ed2 1640690270366 1640690271093 727
0829fc65f947239049550774e6a8f8ef24a75865fd1b273b7361ee23c787a550 1640690318899 1640690319857 958
84a596a035d3deab5ee41dc2438628bea6652e3afedf8dd6ba114419f0bf60f2 1640690366649 1640690367410 761
7cc474ee7f9aff04c31d8a55e95a6a123913dd7a97d89f5cca0243e38241ed61 1640690415098 1640690415997 899
e022231c908a80a771b225c2871cdf771570c2da7c9e9afbd7ee29bb88a84057 1640690462858 1640690463615 757
