6d374e0984d54b73a82db154eb1d7a313371ba131ee1e3e532d58482a5a4adb8 1640689547042 1640689548148 1106
307c1f0890e38acb731482a3f48f3c69dc7a64b62d059b7763fe63de0aa4b750 1640689595614 1640689596865 1251
106cc63d7a074e37a3c873a92a8295c9a17d2626c296581ab474aae821d9d771 1640689643779 1640689644972 1193
55f7d390d888b6e33467f297ab3cb82afc087272bbe2923a00587564dc85ff6f 1640689692350 1640689693136 786
294e7a51fa8379fdb380258a182f31066d2ff9a0f12fd0ffbaa252957ddcbb3d 1640689741084 1640689742353 1269
a2dc059d7112d18835e9aeb4ae51cfc8022f59964d3572561ec0c4ee655c95dc 1640689789322 1640689790531 1209
32a1e5b66c2b394dd66bf8bb11809451272e4dfb740a75fbe28d26d8ad21ceda 1640689837714 1640689838445 731
6fa214f13c3b2829507f50ea20487b06d5831d0f0add3ffdc1da476c423e36fe 1640689885736 1640689886677 941
02c23e4b7a76878bf4b2d84944a331ef39b24876c7610a860360b3f8d58a2500 1640689933622 1640689934811 1189
aac7bea0dc97ac1ef7611576da6fae53fbdc5d3600b0673aa1bd7827a1f30c79 1640689982365 1640689983354 989
43c3b8d0979ded1149574b7445bbf18f7ef7d74c7399acf1371069ac9ad575fc 1640690031412 1640690032845 1433
9fd77e9d61df23e0f1879f1663fe4553675d897042b7d318ea1c51fcc92dea75 1640690079270 1640690080491 1221
27e7d5c3679b569fe5c328ed548710aed14a8fd3da936a823b45ec70398c70cf 1640690127481 1640690128569 1088
0c3eb9e4ce8dc3ff4468327740108af8a5fd88d8e08d4a0926d4595967a1535b 1640690174576 1640690175682 1106
ef787f0d92ce5fd035ae62e6a4502072ad7ff474184ba1fd15522078e67adf79 1640690222172 1640690223448 1276
bb417c3258d4ce47143743684da62b47750a0f43b2ef4df9551acfb37a84d8fb 1640690270373 1640690271166 793
9f5f5f1bd89c81608cf9230003a6cc4df2d272a192009631bbbfd097608d3d28 1640690318905 1640690320109 1204
28459f4a38b0eb304c2b659888ca255c59c01711ca866bcc94e477aad7b269be 1640690366656 1640690367664 1008
ffe24d14f191653a64ee930232c79ecb14a3725ce6c313abc8a444c098704c56 1640690415106 1640690416542 1436
d3ee085114e1e26dc0f4990906f0f7163f8f830eae2f8277b6c37997ace21883 1640690462865 1640690464218 1353
