ee86250942fd77baac8dabbbd39c13bc3c442b2fad04bea89b90289f82fd0c50 1640689547065 1640689548695 1630
d55a0392b8034fc2b64f7b31476f012eb941453fccdb5f378fb67a6a474c9652 1640689595642 1640689597756 2114
3fec020ba5a75afeb49c69cc1beace52f85facb1069dd388c46194af8a57807c 1640689643804 1640689646364 2560
451114accf6632f69ab0ff306e64f1a9df077a90315a29ab5bc63832bd078819 1640689692377 1640689695619 3242
9a53d9653dc0cb07f8fdd27a5f51c8759e31e17867fc07c026f34e1ae9e74488 1640689741111 1640689742948 1837
e39e0fcde67002b93e08be9931f6bb4294e3a30ab778640e3dc18d871c87a5f8 1640689789350 1640689791593 2243
add0593d13bba56d231b100bbc2b4cfa200ec3010dc2804e9b1dbe9cade5b19a 1640689837741 1640689839358 1617
0a593204213134b513e538813022f545a965c8e87032a3b52cb9d28e76639252 1640689885764 1640689887335 1571
869432ac6da1f86378fe860860d93d3fbbede1a51445c9167deb121f94ffdec1 1640689933650 1640689936951 3301
a2e20d7c409655802e1c6418b65ae8436a0a1373e08551511749ff6a7dfb3a45 1640689982398 1640689984881 2483
7d0c46674bcf28e3dbf0f4083957ef775c0efaa8b3c8fccc3721382ef57b501c 1640690031440 1640690034056 2616
702fa9463a68658ec95a027e34471262cb0063a1f7ccbcf6be4ddb97daf79737 1640690079305 1640690081206 1901
4338649521130d05ecd6747bf7331f4db5e497f4eb987b69de3e374571b7db5d 1640690127514 1640690128958 1444
d81684c767bc276113b0d90bee2f8689df39d1c57fb400f97922c8942274f5d2 1640690174608 1640690177054 2446
42e4e2d1e34e35a195bf99b4e0202274aa8de8bdc2ded0afe8367247646a3b80 1640690222200 1640690225384 3184
55bcd8e2530bf7e3b0a30253c1c6fd856ea1af9c8e388a9da82d75835d9d13fb 1640690270409 1640690272272 1863
b3c8dddd1ee892d48667aeeecf22b016de59dbf237d1590a1f036778a96c33d1 1640690318938 1640690320353 1415
87a93cf0d09e01187fab5b368dab4bab78eb152884b4a8af7d237cdff5343c71 1640690366693 1640690368834 2141
ef00ef0be9bc5a6544379bd1640f651fdf51b02ce9378cf8bdb6a52194149314 1640690415134 1640690417126 1992
223d487f3850fd8fdd0f8404b82028fe6c30a574a9d2a2b6fe265b32019bbf74 1640690462896 1640690464767 1871
