2484b10d07d9c60997ef08963f3ccd3e674daebe43b9f31a2fa90ede9ab97654 1640388290790 1640388725467 434677
7b146e6024960bf513593315c55816e6a504db921051254d26d1496450f75208 1640388856900 1640389121537 264637
ab62656842860a17ae45601f3ed8ca63911f33b2cd81cc4a842421e90f798157 1640389438941 1640389722420 283479
c71ef2e723d0f2c6cfdc15b7372592f1dca3fc52fc3eb025704fcf12fc8ba95c 1640390049148 1640390411249 362101
215cad1759818f1e5e6b3d69551ef7190cab9f3bf1e4c6e82bb059dffae12fcd 1640390658735 1640391021882 363147
2eb6f86db63cea77f3ea208fcb888989c53c9a4d0f8a93934fad5bb7d2a4e2bf 1640391266163 1640391585794 319631
3ebb5713aedd78ae61cc82997d55a374ad9cd22f3d1e84f975df9de77447df11 1640391872570 1640392156749 284179
f5b83f6ff2e6e08daed8cdc4c1aaf74586f407535048d72ed59e719dafa71bdd 1640392475514 1640392767660 292146
f2ccdf5f6534e894593002bdb541ebe92bff57b2e3c4b12140b70b14c4736ab1 1640393084804 1640393382799 297995
c95c85296b6ad4f751d2427038cdd51fc6b0967e5d9d1c0e361c95216722a385 1640393694185 1640393980548 286363
9914ada60abe11b304cc4d27e63d0e016ea4b3b4830c7e8deb907a0b5c5d2b4c 1640394299613 1640394692172 392559
ac4e644563c4af1042c396a97c9af14ed7c5a82078e55e7293cca211e961ee68 1640394904859 1640395277731 372872
01fdadcf1a3eb66dcfc94ed59a54ae045821b9b81b1220a8ec8efbba1f9b07c8 1640395510105 1640395918624 408519
1954f115f75e6a759461e8f0f05923d2ff34cee907d1ae74984968ceeccfc7e5 1640396118284 1640396435999 317715
5a62e816c6dc05ba8966260e1b6cbe38b813af9495b97a8758ce9ac8431f576e 1640396733341 1640397051301 317960
1446dfc1c9cf0888ae16eb97cdeab2b08073c52d4555ab0ebad9d83ba3ef468b 1640397348619 1640397652248 303629
ea8c5a760cdc2ec428dc9a9bca49319ff57f33fe23c9142c1f68ddef79f054ca 1640397985805 1640398312856 327051
031410603ec469c5c97222d88e328a82f4e24ab870180ae114c0d23b04a4fd9c 1640398569867 1640398985822 415955
e0437c188d34c8d65ce070bf6a6bebb23cfe7f68c30e5c78db4c776dbb76a04a 1640399176349 1640399470427 294078
870d0c2e33eda73e5ab33579b06bd651b0f290d8480d614d8f3a39e1c9d49272 1640399785362 1640400068315 282953
