c12a5dc88b41d1eb9f6989b9cd2923ecb2096fa3caf42f8cd0bc0eef44208bd6 1640388290747 1640388404625 113878
50ea956ed5f1fb9cbc823b9706a6e80cd7a1ba1e2c31b0726e101acefd8c921d 1640388856873 1640388967988 111115
f44011c4a48f7a3d24f87e8b27c5a3c1b80a3a7a4b236d5afc76f55c92745395 1640389438903 1640389558182 119279
9045b8518f5032add8f89670ef69ef39270043af6164d29324aa5c6829479a9d 1640390049103 1640390147807 98704
d25c9ab2907d79cc90b3d9a590b30d05d0771f264e6cbf169f42502be3c27456 1640390658676 1640390771674 112998
d637bbe62fc2e28a6ea716090da55ed2363e89353cb51f0609b8bf2d7282a1d5 1640391266122 1640391385353 119231
92f9f965f9426c231dd39d26f893da9e2c18e278a0f90b6a997a3ca50e0e8301 1640391872529 1640391965238 92709
0e61f5c3ef7e940aa11c073fa0b7afce5af94052676a849ba069b763a102f0ab 1640392475473 1640392587314 111841
c9637064c453c0bfd0bb6c066fdbb5f52ed2a3600e4c0a7a9c893f64a172c714 1640393084767 1640393198126 113359
5aef405b1176bc9469505265aaac76a1f1e161bd9c69ce027343f27da8000576 1640393694147 1640393818678 124531
2615b5bf8e358725cd0ea0df24b83fb85820592381e3c0b60b02d4fe3b05ea12 1640394299565 1640394403200 103635
077800556acf827aa9f1e23372bf42f2a241aa1ac174c8c96ff0282e19cabf36 1640394904817 1640395034313 129496
1676cd877a0907c89ef1e037d426f8e03342d2b4254c0e6e7d9008735fb28a7f 1640395510066 1640395612221 102155
e94f31f23d2a8c3c6122c5978abe2d60c0d33dc0d90bd5f0ad45019c2c832f4c 1640396118239 1640396236295 118056
5b8558a5c7b1554c133eacab92639ee18ee94ab611e9c6996313589a04392706 1640396733305 1640396872654 139349
135f5c129613fb286c03934abfd00e359f404b0f3b5855fc860de4ec4be95fed 1640397348576 1640397455641 107065
18035c5c2a485ed548778761ee73b778c981ea10298810afb37a6a5a8f63f14e 1640397985769 1640398083141 97372
d327759af31f91b427dcf1e8433e6c66c0772159aa75844977adf3fff40da627 1640398569822 1640398735400 165578
97150db2b744e2322bb3f9b6de63b25d538c462952024b802b217998c5e3a9df 1640399176302 1640399281883 105581
3c9f494bd56fe2accdc6be595f04a6d884f72e1e8ae1a0c904aa07220241a673 1640399785324 1640399906704 121380
