81a3dcfa7f6887b44e258c6070464fe18ff8aa1a6f56cf9da153c505fe7735ea 1640388290773 1640388533199 242426
655ed51faa2ce259e2d4343c1b3e8e2f3516d5ed07290ddfc46ec90fc7b50e47 1640388856900 1640389274591 417691
d94ebf0eb6f5d55fda1ef445e2e254eefe0dee2186cccfcc8f844d86ba918981 1640389438935 1640389717214 278279
60dda7ead7a0b2cb946ac062e5bc91391043d68a39ab4410f6d43d77231d5e4f 1640390049134 1640390349296 300162
5e7bab65d1e2f9e22f3c0c86ba84162b6fd364350b7cdadfd7d4a279cc31c908 1640390658731 1640390943183 284452
40ea1185479a82274b82160caafc5cfdc55c8339bffcc8c35e27566a591f24e7 1640391266170 1640391696207 430037
50032aa05160d21cccfbd6bb21e903ba75e2fd2f302801010100c787a2c7457d 1640391872574 1640392306536 433962
f3ebdfffad1850c3890b7a45b6b0b53d9c9ed32e8c29b94869409613cfc74405 1640392475512 1640392818339 342827
9dcb0256b8c42264a550e53243874320be7becb0187b92eb55c45d856b84f8d5 1640393084807 1640393427770 342963
efd169bc065b19051786f933429b7de9663bd513a5bc351b405a8ea49c2f927a 1640393694185 1640393951892 257707
73a2c4e76c98c75c42ae83e8ed5fe79c5f696a9db294b6b03deec6c2f344fe33 1640394299628 1640394613699 314071
0c3ba25fdedcabb562b3cf6a7ac1623654882732e6e022154adab5089e34e787 1640394904857 1640395237785 332928
7bf6c1fdcf3a17d4e50f6310528aa9fc14fba5c2ce8b3dccc835b6eecf8095d7 1640395510104 1640395936323 426219
18b0981649689e608f799530779e5db78b71ab21e4e3a6a2f30d1cea2463639d 1640396118289 1640396451025 332736
729ce66ad1d132ba5fa874818eb5b98ff21f640707e4da3c2e729193fd41a670 1640396733338 1640397062415 329077
3a5b447e9f80ef723fa5e62d7a1d3532e10d4fdfa940d700dc5b0f9d9a5ccd38 1640397348623 1640397670607 321984
ee0a9ce482600b61a3d81b7ef48186945522e642e12cceee136e60d8444e7a92 1640397985801 1640398286794 300993
defd09ae68668083cbded3533e50c93ad07e262d023c5864d799fc01ca033c34 1640398569847 1640398858058 288211
0917e996e23b95bb93e50c248e18770db3f89e74c9f547320d1d8780f2fa0f83 1640399176342 1640399427062 250720
cb0aad90e53aa0bad3a4a37cb4f0a965ecd3f9783deee8e157dc1e228e8890f2 1640399785361 1640400054018 268657
