4b9930d8888f22900c2c20c927fd1a4d7f5aebba5b3ffb6a86a9e935cf230338 1640388290796 1640388616111 325315
b9a3a751b29ba365e4719b3d3756d94827df4cb00b289c5f99cdcf1dedced6a1 1640388856913 1640389264951 408038
642e198f4fcf3d2a4fad14d51fedbf2d329390687a3e2badaed8f78f967e0f2c 1640389438943 1640389726335 287392
d25e8e308cef638bbeeebd91548a22af98e0f5e4db311752bd9734c344297cf0 1640390049138 1640390420828 371690
73a4ec58dcc479739da9564e68129b4c6999870a38769fa32cb51d40809b7cad 1640390658743 1640391031360 372617
3a490d3bec72d214136437655ae4111083d2df172feac7354cdb318477c8bd7b 1640391266173 1640391668171 401998
537fa29f6f3efaeeff96b33f9e99ffaed5aae2c3604eb3fc88d927ecda02bcc5 1640391872572 1640392231950 359378
f1bfa5da546bd5e2d725faa4db3754ecafa52e93c0bc5064cc42a842d7b45c0f 1640392475520 1640392847354 371834
a96ba7a29ffa323a5b870412b95aeee48e5d4f470a17ada0de1e1e6eacfbddd1 1640393084811 1640393393700 308889
af8e02643c92580112608e7699e88dcca9b19a20dcbe94e88e4e4c057c2d0583 1640393694197 1640394069767 375570
7f6015a562dc9688bdb8c0f01fbf2f57123945ec8085138865caa8de33ce9312 1640394299618 1640394753678 454060
1ed1b3f3fd0498c139d6d6b52b53bdb55947cb9128e265b11a440a3877d5c639 1640394904879 1640395241566 336687
644fb33fcf0f12759aa16feccd1db0f418001decea0c9c3e707061ade1f88ca6 1640395510115 1640395883320 373205
003ba6baef3a7987104ba9dc34aa26af35b7233612dbd6537bddce96d6b7fc0c 1640396118297 1640396495047 376750
74b69759b69554f110bb71c9fea18774f48eae04be1f3b0c111cd5b2247c965d 1640396733353 1640397102449 369096
2805e97f14cf57f8ad3c34bda06356a9420f1acb30cf9afd3165cd6d1fc54511 1640397348626 1640397706873 358247
52144d07b68c478bea9b6d2e9cf42e66161687b264f952c0359f97f96433d283 1640397985815 1640398343510 357695
0a9e50678ad9033f67f40f4dc92fb3db541dc65f409708ed80642919a73110c0 1640398569874 1640399013843 443969
c3508599674e368c1cebbc8655b458423231f57c9b60d5524c0bf90a49fa0a51 1640399176357 1640399542128 365771
eb71694e2e660c9495fa8a8de02b52fde11ec88dbf9220c4a991623c0983c327 1640399785381 1640400203679 418298
