38a2ebb2d7db9d4fd1d067e67d26f8c5a5c81f9b7a59c945a7cbb7f7b72300f2 1640388290766 1640388610523 319757
0c591f5b30361becbda9534dd5d5b419710425ed9186314221d4d19656ba7749 1640388856885 1640389079349 222464
16c166adfbc265130b84acc6cb58b47049fda08d8b0450c8e358300813bcb0d2 1640389438915 1640389605654 166739
d7d881301844689af0f3f88e6a25636a0326419aedef9829e745f46b886bad22 1640390049115 1640390358624 309509
a2b9dcae072d575769988e12d4e6cb27f9df5c40320ffe605137a48d803a9d37 1640390658714 1640390849512 190798
ad788a0a0f5fa7a4188319de25046ce339b863b1656bca56338afa3d7aa9f08e 1640391266134 1640391431519 165385
d40715c21d53f93826b5d856627c71c2c5abaa7e61a5487c1e56d7f53d3c3797 1640391872539 1640392060145 187606
f738415e44be76e5a0028ff1a95e81d743863b12c2f6c3f5d57156e3abb915fe 1640392475485 1640392624775 149290
9b743b65368f5e60b8074f57198a4e221d5b88f1426352e2b9752283de924f83 1640393084774 1640393302189 217415
0a8d6af0d9f7599fe8d17e71db88a09daadd590749f1b06db37c8a1d5cd66139 1640393694159 1640393892163 198004
cfb345f99e6ab4a61c0a2aeb97a01beedaad35d7490564c6cd51285a3fe23c7a 1640394299578 1640394493726 194148
c457f8891083de3acc2597176e1f765edc2a495470378b01d29da30bca27ddd2 1640394904830 1640395133891 229061
841ec3462f9c7ed717eefd70d3c1b560f12576809ebe81013c52727f43b9e028 1640395510078 1640395801847 291769
44568b4b53489dc1f4239c2371b235fba1cbb2971672d0d42c40da42e2a5cdd8 1640396118253 1640396315776 197523
464dcd61fc47d87d2e8c1c3a6db937b87a0a7cbbefa9926469880ee72dc0e27e 1640396733312 1640396899214 165902
e24cc10ba7c540f05e12ecb0a15bc353d16cca1ea30944987aca84bd1829d29a 1640397348591 1640397553529 204938
8e8ef7a65f81a2d89ae2927bb77230df9d577c1f34b90e76dd3d26177a5340ac 1640397985780 1640398149802 164022
6b1510a4f67df2d4b6186fa6c60dc93b805440ae007554969cfd69629fd76c1d 1640398569825 1640398719018 149193
8172b385cb5d4b2d8f3271936dd74ff13d4ec5c718c319dd4cc9fd783831c132 1640399176320 1640399367754 191434
e67eec2b2a8ba1c4c5f575021bda567c317e1f05b25bbe3832033e6d11d9d815 1640399785338 1640399952816 167478
