fb1b537d0339fd46c5aaec77bc9b713d7f8a0a4064b708a0b3cdec07b13b24a4 1640388290778 1640388729715 438937
ca3160b972e9eb6a6f81284e8a9ad332b114e6970c32b089d6a4b70344377654 1640388856898 1640389161794 304896
5ba17998079b30983535dd46f50360cf87e39ef1ee7e11c8b9de46c5c801e5a5 1640389438917 1640389651608 212691
ac8f53016924295dc5eedd0e8fcefe2c7b38489e4a615d4d5e68d3fbb153c63f 1640390049114 1640390254753 205639
ea0c4948a0d0b9aa9c1457c9d0b4cdb61c58c5803360fdd5f93503c330e31863 1640390658712 1640390847826 189114
3a07ac238c4817ad01029b3f6b6a19c44a270cd80e23100b92315e04350dd359 1640391266132 1640391438177 172045
e8fd4cef534d89d30f6abf602bf68ecb2d30b37e4e8462490a58a6ed3576b718 1640391872540 1640392053153 180613
6d42c4746995b4f713e95e1f301db09918716f61b36a75f90c05b07da3e0cc06 1640392475486 1640392654667 179181
b5a4f2fb7dffc3d7d5a45935b69c5b1854681dbf422fa89ba6242e4dedff2d6e 1640393084773 1640393215950 131177
6e7bf5d3fb6e537033bf830917d6ecc77d7e3cb3ffd4d48367328afa6552a198 1640393694164 1640393849837 155673
4a347666a3ab256b1d258017e91cf59f6cdf6ec391e55925401d55428bd7472f 1640394299578 1640394478670 179092
20d282383ce4a597d6252d4473449fca3aef8f45c765e66fca9ae53be57f2057 1640394904828 1640395063931 159103
2fc39c28f7c491b05813ac901842e8862f761cdfcaf15ab274d7e298606c73ed 1640395510078 1640395682318 172240
7a2b03e4abea35fb6bea458cb8aa22d6e961d7013e94413b43873ad43a60f798 1640396118258 1640396307548 189290
c9895d75e479e9140097d87b9d889ca6c1e60896f27fc1c4f5e4050764a753a1 1640396733313 1640396920937 187624
806e3db5abc301a6e1c1efcd17ef6432831031c185691540e451fdb008c846cd 1640397348589 1640397502726 154137
21565c42eff2c8074dc35cad7280452b18d5c6eb6af20dddb8267e09f89fb76f 1640397985778 1640398148130 162352
5cca72448cf49cc5a532ab91fe3ac73c2feb25d9a3fd6304a82503846ddd94be 1640398569827 1640398752388 182561
f04b0410a182fc9cc5bd3fdd9c44cde30bb43ed8793d2eff7cc76312f4235a05 1640399176322 1640399349079 172757
365038340088c674a9af74cd7ba13f7c980c29a43d51bd67b36b5cfb56cd30bb 1640399785350 1640400007318 221968
