85cfc744e0536cd98afda5bf9af82df02895aae8c6a24b99787526718f8a98df 1640388290791 1640388753555 462764
2d6f47d13d5e380c5c725f25dae42733bef92abaf1b4af6146e91d255cb882a6 1640388856909 1640389239209 382300
80b96ebdcfb8c18f024e1dd3b9f9a2b0ea68c9c627ac90e2c082b46e363f2a29 1640389438944 1640389789652 350708
91331bc5109d83e6804801b9d9de64475563299b24fc47a81beac009cd5611e9 1640390049134 1640390310819 261685
1bf773a2abdebf88b8d954fc7b32f872069151bf424117710dab09ed3815ee45 1640390658738 1640390995285 336547
c727238459641afb48dbc59610e8e8144bcec5fd0dfc4885316b6f64eb904dd1 1640391266159 1640391554212 288053
d0c7ce7fcec7f8a7e27a1ed61f4326c0118f162bf187e30fb4f7f01e42684d9f 1640391872570 1640392253381 380811
ea7efc8ad692e156bf65595ff95ec4d2ad87b21f54365a5127824d271c9a5ff7 1640392475519 1640392852926 377407
9c04e2b69bcc4393d015d42caf0dcaa83a6cca66eda973026228033f027190ba 1640393084811 1640393410815 326004
8dbee2e1959f55e0a6a6f5d3a3299a17c70b7e4b18e40eaea02abb1ce9b05533 1640393694191 1640394089118 394927
b07dc4b7fb860ac591c00c35d70e17c8db0ef6c664ca7ab5397e96ccf28fd86e 1640394299614 1640394630254 330640
12119b93728e2ee2f7e48be1ccd56fb499d2548bc342bfb8eb22a0a928853b3d 1640394904859 1640395316841 411982
eac30cd4e4c9dece77a89777cd82e39484c04396863d201b5513d8349b13c689 1640395510113 1640395842773 332660
8fb0503147c75ad1743d607cf826bbe6e667867b7b99ba94da61859a6163b661 1640396118297 1640396508745 390448
da94081b34520c4c3b8f66ed4646fc47e930a2cae782d3ca41a3e5a3c16e5239 1640396733350 1640397122207 388857
e4131650ac8bef41f1aec0fcb1a550a0fdfd2db74f510f41ac4a95e66a95b380 1640397348633 1640397712657 364024
da4d8f05af99df49b279490eb9e609e1cc191673d63dac8fad38375851a75077 1640397985821 1640398477315 491494
4c5f8555f5188f1b4118b7bffa10d6195c30d209e9b7afe9544a03c2475ea2b7 1640398569861 1640398887368 317507
e4cc875c930b77a5cd491a578b07df993b737dc544412ec6f75be4ab096748cf 1640399176356 1640399540177 363821
84ee675f2cbad0dd5b4b6ccd0e34bf77ab6ed3f924d0e0bacecbebd6ccc0ec02 1640399785375 1640400164271 378896
