6c05661a9fc6c564e7116db2b51b8008ca7d751f78047c318e51da05aa1d8272 1640388290779 1640388536465 245686
a7e1976a9ea62643558acde176ebe0f4a902fd1ce79e71600e33e80809cb5926 1640388856910 1640389229641 372731
0eda7d432a794279c783e4794c9af5aeac4b0520d4f7093744545e528792423c 1640389438937 1640389690303 251366
a6ff37daf3ce88504418a5fc64b3344e570238a2a5225d3cba47c91a4a789adb 1640390049135 1640390490248 441113
654daaadca9b2be7bfe444d2ecd12c16a408b4bd920938770fdccd3966b49b27 1640390658729 1640390928656 269927
8e6cfe6acb4f1569edcbb077c07603e4f9ee68fd9af90a2507757e629a751424 1640391266155 1640391580197 314042
67186873f43686b07602e09d37618d5fb0ce3bac244447c01fe02a72bf0cd0e9 1640391872564 1640392192192 319628
8cbf32520d292e8612a78b19fc40d48afa253b24b5c9d9e15fc4df3a020cf083 1640392475507 1640392784561 309054
df0f645d18fb32df45beef39de67e41cad6ec5a96cfe499697fe4aae1d0f863a 1640393084801 1640393380689 295888
b499817b955400c1726c335891ae9aaa6a968571c66a8984ea0bd90aa607eecb 1640393694185 1640393960640 266455
6e4ba5c5d2e1e9a8781a16fc586d3911053aff57bc316c3f12986dbbdb39c37c 1640394299604 1640394576857 277253
a9c309750e79b6a7fb342be1453d8db693c83dbc8208c492ec240683dc98f761 1640394904856 1640395245091 340235
e89b6565ed052da12089da5191cc78e9c915d6651eb7f1b08f4e774f79d14db5 1640395510105 1640395790875 280770
b1913ccc37871c581624425481ba61635d16868ab700503091a26e602bf06ae3 1640396118283 1640396379355 261072
aa93cec52dbcb283841d0dca6092bdb7684d6b02ffe6beddfe6998782904e3e2 1640396733337 1640397047828 314491
ff02b0fe8660577d613d93c2c9d9a08180436072cee13b773bee3492f5d388c0 1640397348619 1640397687983 339364
7e01f55e61a8893538e823bcbaf264914d2b393c2238724ea2db9578c402b985 1640397985801 1640398487547 501746
260745eccfcc12dea4df78a085ef1fa08df0c60a04dfd9b1b45140bc300ce59b 1640398569854 1640398891442 321588
2f0bcc8d2a5ff58aa618a07c6521147da71f4b775bb7d86dce0d741cf62b1b0f 1640399176342 1640399474360 298018
d52af67a64a4f3530e30ae41db9c68ba2eef464da238979d7e2d331b9f8065fd 1640399785361 1640400156770 371409
