8b1128ef57f0701ea2a420447a1ba9d7edace7ce78ec36584f4792d2447f300a 1640388290772 1640388575832 285060
f41cf12071100d4304e93b8a669642c87087494b54ece6c766818320bddbe61e 1640388856899 1640389098463 241564
a2394bc4225d44002435c636fe7a7efaf0d1500b71ad1e0eceb78700f29f2663 1640389438932 1640389676102 237170
38e59cab3dcea8121aabe59120ad97885a9091fb49043f7ee63aa03be1e95beb 1640390049136 1640390377126 327990
1dbeb5e18fd6b8c4c4167d5dca76f03ee4afacc316267dc758515ebee7adf0bf 1640390658729 1640390999099 340370
753b3de869d1874d8a93f918b4ee55b4f4aa5e4e34ab9458ab23400cdb27b422 1640391266150 1640391574166 308016
08eebcb79908216a9a558f3535b0cabf6ff0f51ffe0beabac15b7c35c904d3c0 1640391872557 1640392165925 293368
db58f87fc57fb55191fd42165d23a14f414301bf36b67b47cf5736b9e53fe069 1640392475504 1640392738839 263335
90dbcf87683c0b1bcc84f9bbbf5d9c21e30a2b61068fb90c7a9c2b496a58549f 1640393084791 1640393342808 258017
532bcec806211a6fc33b651cf900de880b86a8135ddc668f077401b6f02da95a 1640393694197 1640394085226 391029
22159f73dc679bad608fdcf8efb01d5cadeaa27e5887a71b5fa8ea73ae5ec0f5 1640394299600 1640394778266 478666
ae80371bbe45f98d72e90b797449509f16f05373cba1e8013e33ccf98874c995 1640394904850 1640395167612 262762
5c1c7daf92cd4f6ed0fb4f1455870db37b62b9c1630b124c4837a108f344594c 1640395510105 1640395829965 319860
fec838a49f7a640de4864f7b680cbce497b91f17c1fa82c1235559df7d681e8d 1640396118281 1640396404806 286525
f6a4be6d0c2ec9769904d23e3600ea05eeabaf8bd036c5232586ac99dc62aae8 1640396733329 1640396992637 259308
4b5082166953676a39e85cb117826be627ed18ac5f0847d040a7ba1aa505db97 1640397348610 1640397637302 288692
cac286283c7ed22853becc187ebb786c5178fe9b0994830be04b873fb4263ef1 1640397985805 1640398276060 290255
abf72d955d5c5980ba5f5373cf1a44d18cbf0ab392f7bb20117a9c50ef0e0dbf 1640398569853 1640398917750 347897
d11b270194c732910e8399ea627d2c4b223c724e0ad7893c530298bb9dbb02eb 1640399176348 1640399513298 336950
e707eb4fd8ad5c90e88ab7606f155dc4c8cf195086d802870f68c699a23a0aa3 1640399785358 1640400060986 275628
