bb6c0ffee09a93173c5bcdf8ebac5a88a725815b6460e4528a2b344eeb8be895 1640388290753 1640388441638 150885
fbbe156cb766da5c132252e0df86d8becf4426d09f1b884e16af253ee4df198f 1640388856877 1640389003334 146457
823534055a66c478493632c422f9e97796f44ec101cc5a5bdb1a5237d255c1b2 1640389438905 1640389564639 125734
352fc1b051fba6b393c71f0c73d136be30a395bd058a869fe9b779c2045fc53b 1640390049108 1640390212543 163435
ef86689de1ec6ea8836a95267ba2c732e1cb3aa21b01a3a1589438ddb7cfe045 1640390658678 1640390802547 143869
beb0c9f47ce0493bdec2ac4a958958d78f2e8d5bafbdc57560931060f7218101 1640391266123 1640391414734 148611
0e54ce910fa76be9547242dc4ca21b205aa3d30fb5a1676e5246c368a60235be 1640391872532 1640392001787 129255
89b8ae113fc8d8a64ecf37d325dc6d5b2f3fcc09ba6bf426a52eb7ada3a5b291 1640392475476 1640392601830 126354
fde72d5161b6341fd526ba71a2c2ab144f35a293422ce26937041447a6b3f645 1640393084768 1640393237301 152533
e2e54e40791952d45eabbffb58637ad5c89bbfe69bd25f61652f010aec697b5d 1640393694149 1640393792989 98840
9c6dbef3902e89a85cf5fb2ed616ae9643b71824257a8bc9972e5e9831bf27f7 1640394299568 1640394450013 150445
58f83606dd97f109bf554047d490c0ad5ae5a11e5d194121ea4e65ed58bef7d6 1640394904823 1640395026447 121624
d97e757d5e703ca5e1db12b8fca15f9060c76041e2f85832cce5f25f609cd704 1640395510069 1640395617009 106940
9ee149dd7733857680405ba861247e700f13a4d207908d480c4b920d05532618 1640396118244 1640396244312 126068
bf4f34734cecf74ac009c129a1b41f9c008e6648cfc94009eb570fde75804bbd 1640396733305 1640396869386 136081
dff469192894c71cdcd72a0513d744cf79fffc2d080393bafdbd30e132eb8da6 1640397348581 1640397463668 115087
f690ecd8fea5ea935fe0254209eb7fded5830b470c8122391e8961a3cd86faf4 1640397985770 1640398116915 131145
9fde1d352d1d52938d43e8c4b2eda5d35bf2d1fde234447049a292f3fef2482b 1640398569820 1640398687974 118154
938bef8914fa823ccb2096fdd0c44caf2c8ae10250809630879551e0872f2b15 1640399176307 1640399294480 118173
293c8f684e80ea2ad873e9d49395669204dc2e105c02be5e30ad8141ce19aaa0 1640399785325 1640399903191 117866
