3d5ed016bb95f2dd656f3bbf5fcdd0bdffd4a23e51434c29c03c1c50e4df7a99 1640388290801 1640388651804 361003
0b4023592c691243062a74055a379c95ed462ef30eaa469c7822a0387c250141 1640388856910 1640389172881 315971
68ad654602520c160bd4f11ffd7aecf6dd552aa3b246184cddfee6294c7e089c 1640389438954 1640389880270 441316
b9187ff43c85df9a87eb9e0b7aee2a0666f5a87bebe8dc5d0d42229c907a7b1c 1640390049146 1640390522932 473786
87896f27bdb28ef771907d179887d86ed3848db4128a9a978cacf682ec40c227 1640390658742 1640391058573 399831
b97f7f46d8a1838bc66d7c5f307fa870efb7dde14349f950d6f185605315cd60 1640391266169 1640391680046 413877
cc80e93e41ddbd36151cff7f99f86e7b3a66ad559756bc6ddd0d5040c8cfad4e 1640391872573 1640392262852 390279
a50cf33f7507ceff6b124b17366a212fa5a0e0ced3230548aeb5c2d4ff9478d9 1640392475535 1640392963817 488282
42cde911b909a28105e6221fe4a6131b26b44028cfa545a08a5038c96f2d2cf5 1640393084819 1640393568838 484019
f0f2b20b194fd905b72c2da1ef782e1d810d3ae29fe984375e6d71134cefe689 1640393694196 1640394112925 418729
3c5b6d7755da9ce5d070e33bbe73f8b045ea858d9e0fb0714cd6c51a2d254e2e 1640394299620 1640394651217 351597
b4a73b28f4c55e26b12e6643268282611f9ccdd98ce2545c76101d1c51756cec 1640394904874 1640395352886 448012
f15d3d2d89d6e0207229e4212d4b084f0c1c21f9e4dc5b96e8fbf2e1bc7c8af8 1640395510123 1640395964634 454511
bf1f6ddcac9e64715b960dc349a7927e6db99fbdecc0bd703b0f78545381b99e 1640396118305 1640396526656 408351
1f8f5e6e0b647b21be272eea1007cab6cf509e4133ed41906283bd5eb3faf01a 1640396733354 1640397129850 396496
dd9d307f3979866ad7c2ac18f68ab3322970aff4e57b8b174d545acbdef2d45b 1640397348642 1640397749529 400887
0512b7f79ced3a39eb584e90cdc5abecb359b50e06894c9b5dc6c5aa10a15b0a 1640397985814 1640398335864 350050
bb47a3623e528b1aa878625b17eab6867a1264f066ff46c6aa59379a7c7ff100 1640398569876 1640399001718 431842
516b2d8ab2b90b567ef04030041c7ddf2b1e5619922e06a0d610c36312c3d7e3 1640399176359 1640399559307 382948
d5fe88702f4388ec1f5db7fda7abdee4bd12c3a1e3272fe086fefb4a45277b2c 1640399785379 1640400183852 398473
