b8d1cb73df9310e4a8e806139cc5f396173f5d8ca0610c902d9fe53656b1e28c 1640388290795 1640388699733 408938
a5281b7d5a536770a98f171ad3aaf70c18a09e574416bca83da4b9e65e553d0d 1640388856901 1640389130757 273856
718c7eee5c9d6151f20a157c93bd37bdcee350d2306ab6d0ecb2589227f108e5 1640389438938 1640389805329 366391
1f11f27cc98355391195a9fb8e443308a67104455b8dfb893dc297d9337e2b40 1640390049135 1640390535095 485960
f301fccd19ac220ebbc1f29aef623474c9dd1847ba29e83caef264c03ef541e7 1640390658735 1640391108752 450017
120b3abf28a7a73c39069d30c8c76dafb0a8ac860856f6f44f555070e0fa1730 1640391266160 1640391644746 378586
43dd4e2621bce88d254e1b1876c405fdf3ad0296b579a14627ca9dc36935ccba 1640391872565 1640392195691 323126
490e2caf7c6eebac15d06ad10e172a2eb006a269fd43d6442151be5fdf04aecf 1640392475513 1640392749684 274171
2892204d28585614f44e9e3f75689414f03da1798ef472db98f364d3382ef2ca 1640393084807 1640393438956 354149
86223f6a283b6de0b55abf21fef517e1569aad445ab8bd1c701eca8253229ddf 1640393694189 1640394048573 354384
64eb1783895396752644d9466f18c4da37194796e83753d80f0263639cffdba0 1640394299606 1640394709725 410119
269974ae7ce55ec3ca44c03b70003f0bd05251a13c51a21ac6291e6a104d4a31 1640394904867 1640395287400 382533
6a188d7acb1e235d986e8a9ffdcb0be35e94c05dccd341a2fec487d8d2cacdc6 1640395510105 1640395773002 262897
c770760d16f8d1eba839cc9a5d56d410ed86e89abec6dbad1d2e2c283b195f0b 1640396118287 1640396441648 323361
be53e87a7bebd589a1f40a11fbf6e629e8cf3c813870bbf0a868a21c41916407 1640396733345 1640397087391 354046
8a7f2c0ac395ac4ef9aa4f14d9d0aca8fe89f55fc79929a7624ba2be4119a2c7 1640397348620 1640397684144 335524
05cc30afcca2dbe90b6abffccc16bc67da980086874c32b4b73376e84af2767a 1640397985803 1640398234231 248428
adb5b1b48308b501ccd57859b2f35c95bd14c344fc4767373159cfe8eaa94fe7 1640398569859 1640398885476 315617
2450951d5bab0fda6775ff6548db9b6f3073a0722cfaa248f794016de3feb5b8 1640399176349 1640399500402 324053
560a367bb5c0ec3b0018105148e8f6206efce7194d5def41a298dd39b552575e 1640399785374 1640400114711 329337
