1493617e723448313761e3cc717de709fcb5f9c80f7d195598b08f0230bcacf7 1640332820886 1640332821218 332
d1b53895749b878344c9b55c0d215a6b239e3967b21ed42df53533a31d7e6819 1640332821491 1640332821864 373
8e8f24e3f97ea70ae1d99b8098968aa2f8f4deef4bb7938311a2a2e2bf261cc6 1640332822153 1640332822560 407
75471bb6dc4b8209bb9d920e973a61485aedd1c713d0feb3e12e1fb860e1bfd0 1640332822830 1640332823178 348
163405861999191281939923746c12aebac26228fc58e9031146567b30713238 1640332823438 1640332823815 377
7b8734df821d79ec123188cd99fdbed3cb6ffd28d896b00d7291b1882ddf026c 1640332824113 1640332824460 347
16dd75137609488539df45bbd3e8fb9173f671c12ab006abdac26f2dab256f25 1640332824741 1640332825071 330
01b3958d809e1f9992fbdea838d02b7a775f9a2d067e200eea819c7cfb819a7b 1640332825350 1640332825713 363
81f61ce047d839207f28fb7f83846d757c9bd355e50df2a9f0e6c438a5484196 1640332825990 1640332826301 311
a06dbfa915272c9240e72434469529b905ded56976c0ea646e9731b2df6ac302 1640332826575 1640332826900 325
770f7f47bf9b5d87f4fbcf31a250b23cd66b9d4f32eb3acdd1ff4465af3c1457 1640332827171 1640332827521 350
9b3ef407dacf965d7565416ced0d284edcf2f05b48bdefe941dadc7087af8c8b 1640332827746 1640332828092 346
162736ffc1debeea4a3621d85e5d7a9e79368f8bf46aaf3b514d5675e26293d7 1640332828365 1640332828753 388
0089d193e53e8a29756f6ef69adb132b8058f62feecb11d137cd66bbe8827e0b 1640332829024 1640332829358 334
c0630571ff92e43bcc4783263c7a3bbadc87cb33e8d772dd6b7b475595060e59 1640332829616 1640332830013 397
8180c1e7547c2632b2d09547e3db51f2de1d26a3f8d3df4aa1329c480da18b20 1640332830269 1640332830609 340
d98cb1b69af601fcd92ef381a83d93e0fbd4845b92daee703e6f5f1edbb287df 1640332830871 1640332831197 326
60562cccb1e0ed00c275a17655abb463c5b46435d6e2d158d9d9e418ae5aa419 1640332831482 1640332831838 356
962b701fea2188f832cb3ff834c1bf1a283cd45061ad25f6ec6b1496a09a51cf 1640332832097 1640332832479 382
d3be6fcfd58d0539cd559e3ea5bcd0324ca995ae2724909cf56a86ffba69eb55 1640332832757 1640332833093 336
