4b52b1bf14830067ab6b9edaaf3b300b33326b58bbd6ce2c02cb7903a57ad0e8 1640678107633 1640678109318 1685
fae833ee889d02f728bcd2dcf2686f15c9d4128ee4f38af12eeabefafbfa4507 1640678169494 1640678171929 2435
a92998740a241f242aba1bd331aabb484b94046c11b0eed3e008ca1da8ef8d27 1640678230959 1640678233487 2528
5458ae68b82f66bfdbbe9c518fe659fc54e8e098f11c6264ac460b74551d727c 1640678292844 1640678295590 2746
e01a9514f44f861f58ad6473d8e39a18d7410bede640d790b86f681a0e92bd7b 1640678353717 1640678357449 3732
b9e719d5453277e62c658d8065e5eb2a4b714c84075b7b1c9b8cae2978cf941b 1640678416115 1640678419391 3276
e4170ffe974e11f4ddcaed76b56c34fa8e81aeb6295093a4aa3ab54e1f3f973a 1640678477423 1640678480717 3294
b82ac3e5191a555d5000f0f716d4b03fd9e7c6d599ecc00dffdc0f47dfd6e211 1640678539171 1640678541140 1969
fa814301def96cbe9d9e0c1b635feca43ff5b2b14348839772297bb8d35f9a08 1640678600723 1640678603109 2386
8ca559be64e37113642beae0368bc0ad3e5772bc061c07c838b7a81726080d86 1640678662286 1640678665250 2964
0c28e531c051f712deaf31c63b14f02f89df1cd747e5d079dfc6eab370beb354 1640678724455 1640678726626 2171
2002c7de586d8e4c21f76d75f15457bbdd3e360cc9927afb5f72bfa4812fb882 1640678785647 1640678787984 2337
4be1d86b68074d48cf890bbbc9b7c98f6a8dc6bedc125a3930b1828cdbd753be 1640678847450 1640678849798 2348
418b162829dd5703857eef2e3e71b6c0d0afceaa9818ac9714d3ee9c8b993faf 1640678909675 1640678911950 2275
644a00b208bbdf3411fc986432e809391b8d8e9bd038a67f20be3c5c31b3ba10 1640678970950 1640678973802 2852
fcc8a6079dcb6e5a202916f9c6132ac83b392bcc5181006a31f9ed3dbbaaedf3 1640679032259 1640679034217 1958
56bcbb26d11dda985469faf928e5ad04bb54356cdf79c68b413d9b1f25624d1c 1640679095227 1640679098371 3144
d42aa63b14570e6b620fc51bed3411d9fd88a8addeeb0975992ddc61e5681add 1640679156661 1640679158705 2044
80efd876298d69f5cb7ee9de6e8e8173f41091e4e7d28dee466dc0b7f8aeb305 1640679218213 1640679220486 2273
28b942ca43bc55c65769e0ddeff69b861d06e9141b91adf6d9d55096e9db6dca 1640679279062 1640679281651 2589
0bbe8faec07cabc4af270440d21cb90ea9896376d2359e0431628cb1b87e989d 1640679341244 1640679343063 1819
c80417d8027e61d6d2aaa46d93b0a789bd7e16b7e1759957e038373f2e10e24e 1640679402319 1640679405028 2709
898680bc58d6a9599df04bf06a538d47c188ba380da86ff9b4eb2f901c3e43bf 1640679464274 1640679466326 2052
68a0035e538fe826980c37fc6da92986a115fb0c0cbb5b0260cdf30e04c126ec 1640679525846 1640679529244 3398
0674f9d222e6fb790328a610c4001045b810db995fc78615e855f255be08e612 1640679587739 1640679590176 2437
4d57e397e89dcc9d77e2da87f2386a8ae788e4821e1c4ff8327ecc14787ae132 1640679648943 1640679651026 2083
ad972a1813404caf8c8eb2735e9929fb67799c3ffe307622b41e1a61c289aa1e 1640679710515 1640679712848 2333
48b4eff468eadcdf884327828a555bf06a1fb1cf6bf929f6d8230b9fed3ade3a 1640679771652 1640679773949 2297
625e74f36bb5d180184f6fdac835f6b5c85f63c217a917a69d8af23deaed9f68 1640679833089 1640679835416 2327
3540c81253d09765d2c5c2d55b02f9a4e35d2a32b8719a00d68fb80ea9d4fd02 1640679894451 1640679896169 1718
976bd55411b2cf2152f249dbea14c7f808a11f487d256adcc1e0e8ba938147fe 1640679956306 1640679959168 2862
19563dae4d325464159f83e8175295a0ee13911b7dde17c5e0321c354db6c2d6 1640680018267 1640680020792 2525
e69aa2f6d940ed149b724e12c0004de6ac05d890b314c4d2e90b9fc389a85e3e 1640680079724 1640680081729 2005
7d128799e215baacd676e679bef0e1a34344cb43dcd4f1268de81e0c320df024 1640680140960 1640680143054 2094
b4989cd52f77e268a6b8863df7fc88533040a7ac8a534ef5cc7c260677732e5e 1640680203274 1640680206081 2807
f9f3ce4ba7ea5579e2a810fc15ac65a6c72c05455f3d545642b32041b5dcfba0 1640680265777 1640680267703 1926
02ea04776711cdb06c812735c74fd7958a46a885cc57be5c5df71745f61684b8 1640680327640 1640680329776 2136
67127e527b06196ba15fa5bedf317b016a1d3b900083ee32a8a6a4962ae65b82 1640680389000 1640680390876 1876
6eef738dedef909ca9be550d986e02b95cfbf0097d343cb69aef01213bf8481a 1640680450571 1640680452942 2371
e45161ec0bbe2cf1a1b22a24804dc568f05f969101e9f010bdb5287a50344941 1640680512215 1640680514296 2081
d0432164f546b2cf94a2a3b10bd93be7877909d0fe545e28f07c0f1d570614f5 1640680572945 1640680575550 2605
df5177336d4bdc32d9929ac6ac86a6b87774e0676460caba0acd6e786c15e201 1640680634730 1640680637029 2299
2373a7cc7cf0a8c3bd9b24a53507811ae843dc0433b2b6b8cbaa8180353fa984 1640680696478 1640680699103 2625
bb9b993939cc330408b16228002f1be5bc5bd0a8030ba3daeb29363ab229477a 1640680757750 1640680760079 2329
f80e62166d4b7659e39a1c24ce056adc7f24ff70ae56d9e694648d0b58634770 1640680820331 1640680822348 2017
9e7b9a0b37fa20fb281b1e6c8894a6f8a2c29c025ae1d49fdc2b7245f92201de 1640680881320 1640680885071 3751
e5cc3a17ab0ef2c0cda46ba76c6477f0dc7ddc16c61fa4b502a35414e76b8ecd 1640680943216 1640680945481 2265
6e1b5364c5b372479470f443385a9afb8dd99ed0ea5e4f5043dfac738278c6a0 1640681004643 1640681008523 3880
ade4e4ae9bb36b097487c9ecef407650e57ffcc2470a69df82c83a00a9ea9918 1640681066470 1640681067835 1365
5250b889c32ee71b275153acf4f0188d43832acea46415623a08d0ff4aac64ae 1640681127860 1640681129899 2039
