a8486ba7b404c7eed7b60d443cc9f765a7cc51816c6f6ae747cf2087d0ff09b5 1640678107637 1640678111628 3991
5355ba8f357774324a0ee3be9c004e1c46976373b456e5275c28b095e6021f18 1640678169495 1640678171930 2435
70db34d8633f8e5f14620e3e5bbf1c3bcbf84aec59de4b76a284430da1315d2b 1640678230960 1640678233436 2476
f2c8328185c18ec2a2ccedcee0508b45010a67162122ee8203397daa948df2b2 1640678292846 1640678295461 2615
1e2c93bedcbe5611007b36feb5b088af46849f35ef686b97f7346e50c11ba95c 1640678353720 1640678355913 2193
8b2fac3d253ecc788c74eb7142af322a10d6a461d9a3f71794182a0a2dd00c53 1640678416116 1640678418173 2057
278f14ffdff9234a34903f39ccf067fafae46c06d5cda9757ecdba3a001c902c 1640678477425 1640678479385 1960
4369eb9dd75dee60b8c77b4733f107b4b0ade162c25e9b99f250b7e7ef3886c9 1640678539174 1640678540738 1564
f9a03614bb1f7339b88ed73ec0558a8b2dfc81193441d63b230da4582ed520bd 1640678600726 1640678603448 2722
03a714f3b337b674eaaa3db27331e5425fa18a91c48e303aa5d0aa9529fc3c69 1640678662288 1640678665211 2923
73bf59b046c070ec58e2194454387cd316c6c3b63c7c795bbe0f53378d300d97 1640678724457 1640678726069 1612
057374635fd9c664897e53e4ea63d9196f52832b97428e64fa70014b5a70ae06 1640678785649 1640678787976 2327
b103fa58487c13114484d9621e1c89962ec28aa8523a27316c06bcf84f2c2325 1640678847454 1640678850563 3109
3ffbe90404bb660c3e43b9a4291d588944422dd459c1390e9146ccd5620595de 1640678909676 1640678912103 2427
a84876ff1052afafbe2453ddccddb791cb48248d308f41c0bbe50fb966cc7d18 1640678970956 1640678973697 2741
276f09a987c426d1e438d382bd01d1e2526a53d8c5a7eb3433ce36828dbd792e 1640679032261 1640679034817 2556
a1ed958047c209421435f2050bf61c5bb1148d152586f2417d5ef956534ff764 1640679095229 1640679098138 2909
afee9754e42ba5bce9736d76c606e6842aee9fc54edb9a23983880ab643075b1 1640679156662 1640679158464 1802
62992ab04fb868be26456ad540685002d3194904497bb648a9c7e41a0d0735d6 1640679218216 1640679220421 2205
7b0815fb664be41be864c7dda1d54b0389549df077a34a11efe1072c6242f4c1 1640679279064 1640679281977 2913
089116321efc78eebcda694e099daf692407a03d2a6ca75427b787d11f9858f9 1640679341246 1640679343225 1979
fdac161674c95f35bf212d93da08e2165df994cdb2a0a982771c90a0e957acaf 1640679402321 1640679404708 2387
16822f7a2b2de40a95c5b2692ef6ac61a2b226e05ed7035ed0a03402f329bbe9 1640679464276 1640679466830 2554
5384081eaaebbc246a59af477c7f6ba640f7f7222e249edb258eb26eccc0a740 1640679525848 1640679527315 1467
f8304cced2e16ee8ab07bb968760ed217a36989d6584c9e4929f603fa7a5c700 1640679587741 1640679590043 2302
d4269ec01b642584e7c5ce4428a4f0994032c919bfab0e710effbe27f5da9bcf 1640679648946 1640679650804 1858
b7ba881d00f63d21e692b7d533ee27457d7f7c0c4314dc7301e4acd330b8f02f 1640679710519 1640679712491 1972
86e712e40cb861f4e4278c6357025eba36b9237eb3fd373e550d1e463dd20143 1640679771654 1640679773897 2243
e9dfc11b168ac57249c25ca2b5e74d2e084adf8584fb8ef9c2ca2b7f6c49c2bb 1640679833092 1640679836077 2985
545428abba43f3c8c6468135bc0ea6566f2a259df8f5a92fecde2a8cee449375 1640679894453 1640679896614 2161
e4546a421660c943b6be9a7af1563b6c4fdf546a64d93c3843e6987fa000e233 1640679956314 1640679958375 2061
cabcf1988c4d4401b1c0e54406a391307c07226217f2d3b8bd621c1fa3464856 1640680018270 1640680020793 2523
1e5f2ef5b857c2330612b6a6eb6bdf64cae284ffc0fe66c88477c024ff6903d9 1640680079726 1640680081081 1355
a21657a9a4043f720a37c54243be71be6d1605cc964dfd2fc09ae39c4882b0f6 1640680140963 1640680143941 2978
9a870dec7e8fde42f3a9e140cea6329ac1e3fb163029272489e65d6007e8bc5a 1640680203277 1640680205663 2386
b87b4e74aeba29c0540fadb545360ba07c638d9492a6ed5ca9357ba8ae5910d8 1640680265782 1640680267832 2050
71e7bbebb9fed809f837d4f88206ac31ea12eebf3f9295ce0aee5069011b0513 1640680327642 1640680329865 2223
0b910214a40e3ae9ff15cbb8bab7ad54cefaa000d8c264191c77fd71e6089e8a 1640680389004 1640680392906 3902
8a40aad759d04046eccccc6477ab593b4a4386a7683438341d15cdb0ba4803b4 1640680450575 1640680453153 2578
1a68d67e3e7e22736ef4b20a1aeb698c23a5116c5c72eb8dc0f799fc6172749a 1640680512219 1640680514377 2158
ab731c2e43605de14957e5deea366529179add76d607fc4a69cd25ad8d598dca 1640680572947 1640680575294 2347
a6324f330e17223787e099d5b431e2188025f483fd00bef30e6be8ed7e45ec20 1640680634733 1640680636150 1417
a99fc19a3a6e6162cd43ca5595c5c0eaae279156dd1deb9bcea1189a607065f7 1640680696481 1640680698979 2498
a1e61367f64f65e33438eeb4fc9e1f8499c8a24500049bb09ecc9c4c60f200ce 1640680757752 1640680760402 2650
2265110b3236632a04e6cccdd883723d330f45bff74882a9c267bb88bb95b18b 1640680820334 1640680822325 1991
6a7876848e5d56a4de9bdcbcc65a3068d8caa527c2f7963cbb2e555f43aad2a6 1640680881322 1640680883771 2449
274617ab0b1dcad9a55ab87a64a5fd68da67b95364d3962fc5c14fa7ecd6a868 1640680943220 1640680945847 2627
3515cee3ba3c0df561838c2496db581850918ecdde23ae8fe6757ab4043e2f11 1640681004645 1640681007057 2412
b840be9a14d0c68b6a5f07fd4721875628c1e5cf08a0803252d6d0dae2e651cb 1640681066477 1640681068116 1639
57a6364d72edc4465f2bdab2a8ea2d8aac7daa3c83964af8505b4c7d16fcc552 1640681127863 1640681129589 1726
