e9ceeb898b42517d6faf91d58cc5251676194b8704b2ac2be0441abca5e52bd5 1640678107602 1640678108801 1199
3f47b44b96d831b2076adfcbd2f91231eea5aefb3b51e5777764cbce4af3b1e4 1640678169460 1640678170737 1277
7618d36ee3ef9ce46d1409739b5822daceb9e72b7dd1059d12aa59c491eb5f04 1640678230923 1640678232097 1174
7fa6e78416d0eafd5fae95fd95d9ba7e10f2280129b900cebacd9573a80d612c 1640678292808 1640678293470 662
ca301f9245d6be8afb47068f8a3cd9287d5f0d07ab7b8ede57694b4c97ea1f6a 1640678353681 1640678354821 1140
bf4d5bf8faca5a88386b0e54dcb2b7878dab81283fd89c005006bee2da999b53 1640678416075 1640678416797 722
7efad804f8fc7fffa280be0776d6a9bd764381e2d3640a744cfcbf91da0ba2b6 1640678477382 1640678478398 1016
f79a6937df06593b00fb41348b345d9b20a5a0f9c7e48cb29c19d3ca91de8c10 1640678539130 1640678540442 1312
88059694990c44b28d4ae8efea3dd7f22ad80f3c490f99d156dd19d18ef95680 1640678600678 1640678602209 1531
4e40a0bc42e1f0cd6d7f1f17ef7c657b8dc6205b35f14280be238136b2f4a607 1640678662248 1640678662796 548
6db1caab2f4fd1bd8c0d766eef6fe1fe355309b5208d2fdbdaf1fed0eb5c9ed8 1640678724408 1640678725321 913
4d9a5a4da16e0c2cfe0494a06bdb22b2600af72489a6a49f2b66780b7cf0abb9 1640678785605 1640678786138 533
ec1c76a62491ef4dd06d3a46c990add95d562c3f2ac74ed6421ee060c94e5ff9 1640678847404 1640678848327 923
d5e56eb4939e5ba19dcd4cc8055d9c88461ca60ff91a578645645c37684fac4f 1640678909630 1640678910609 979
63773105c28f3c2d0ec3c532c1a074f592baa6924bb10413b6b321a8ed639fce 1640678970901 1640678971944 1043
a28ec2edcf4b61063da4ed76254db8e16e1988a189a054bd1c95d90905396da6 1640679032212 1640679033126 914
d8240b0aac3e32ffa3915a995f530aa214da83f9af8d88a2929d9eafb9be88f4 1640679095180 1640679096057 877
b846a0a10a38046ff0b3febce74b4cfec303609bc039922c469f8e94ff60ff33 1640679156612 1640679157527 915
9992d8d2e2b19b7d8d1b1a42680dff9fda6555094c4f7a4dc1d9381d382f06ce 1640679218158 1640679218641 483
9a9acda430d3ed577db2887541f618fb430d2e3bc124e6dc19ac665815d77bfd 1640679279018 1640679279645 627
4c40b80d9d06d33e8c3114689c7fe11cc7323b75b0e6b02ed6a466810a72ad07 1640679341187 1640679341972 785
f756145c66e92d35d55fc42c94cf06620ab95f89a8fab0228ff6149834b55fe3 1640679402272 1640679403375 1103
907d184a2070b8d4ae9b5011ffdf6a9169dc4ed16edbd221c858b8d28e8442fe 1640679464225 1640679465218 993
69d7c62faa631f4b5509c296db5a033b8af04e388dcc82394bfbc8f04f620df0 1640679525795 1640679526775 980
8bd9279bbd2cf2d18846d760f0c3ae10235a57618dc36494c132f4b120ce0e71 1640679587689 1640679588619 930
f6cb9eea1a5ceb538d21e55bc9654796ab81183e8b5e6aa9cd566d5c5dc65b73 1640679648893 1640679649568 675
72104c80df8071da23295a2ed0d46685e5f83744a3424b6e883ac660633df89d 1640679710463 1640679711426 963
f68b1a8532e38df9c0e413cd045ff0da9db2d0dd93e1af167b9dfb071050bbeb 1640679771603 1640679772773 1170
02c4b9e34dde6a65cce340ccbb755e8ec197e587f6c10dd72d9075fb1f8ab689 1640679833031 1640679833657 626
a2667166024884e378635282cbdd8ef2dab668683f3a377796c8903fe4daa3c6 1640679894396 1640679895172 776
685815f7fdd06ca7cd57ca1a3a685d9e43b30ec4f374872322086b6471dd7cad 1640679956244 1640679957007 763
57f621f068ed65561999209b5431d5371b194a7a5c91cbc5b1e41b808e8bed71 1640680018209 1640680019087 878
51852450b2cac259442f40d0659be70689be54c0fc399d9523c0984545cd7703 1640680079668 1640680080312 644
40319ec08e0ec66145d853826bd2f87f28cb044f3050bfddeb3fb0f8dc739083 1640680140900 1640680141871 971
6d3bc9da4abc4b8d6546523425f50ffed888652d625aa813794ac34333b61b78 1640680203222 1640680203769 547
b01db38c6d1a5914c53a4fd8619e3c73c7bcb352cfb1fd9ed8b66db0c4f9a980 1640680265713 1640680266449 736
510a48f9ff9c195f2fe09fbe283bc4ca94dd4cb7bb9f112d3b440fb6bc4c2f98 1640680327581 1640680328524 943
987d6b13432c8f68db3542486f94bea88f6fc479eac609a7beeee285b8c7884b 1640680388943 1640680389608 665
6e1fad2aff8b3df56b43f40353f8f7bf6e8cd3c1b72fc061c09a213196655049 1640680450514 1640680451301 787
9b022c7cda1ff7947b39e2c45a9ff4e57a271a41f25a1ec1ab58be69d3369219 1640680512154 1640680513224 1070
872dde3b22c95405dae79e04a262c6aead7d4fdb5f9ee90da9b6b44ff31f062a 1640680572884 1640680573705 821
1556d826c89ef103f685bbe9df99fe6f76181f91292bfbd5165a6e97e16f8142 1640680634665 1640680635484 819
ef55dfe6d4beaf9c6aa7d38bd289b80b1a46b24f59b28af0a1de1150f2f8b466 1640680696418 1640680697256 838
f895080ff888be097b5dd276be702eb1860966a54e278066b91ce6577113a552 1640680757688 1640680758563 875
5ecc11b3749f168d5298ef94b1d1f86b6abf73d70e68a294610058644c6c1770 1640680820272 1640680821178 906
c1bac7d79b25ff341e63ec42ea2dee13de6879a0afd9bb949262b66c96727abd 1640680881262 1640680882240 978
bab092c33c672e38b7799bb111e85ee62663c390dd0c9dbf2e570e5fc9330cd5 1640680943145 1640680943909 764
1ba1c188591eaa3dafa275db9018d97df36cf50f95af9cc36eabc5c54564f122 1640681004579 1640681005443 864
8cb6c5cc5ec99d7412de89000ae6bcf2c12992f116819be495e733156197e498 1640681066403 1640681067100 697
7ebcaa77628e91da1a9e9c42241564ebeefb5cc10a57c346c91c8bacc688225a 1640681127786 1640681128681 895
