3e3d8899ed8fb191fc64d957260933a981c4336b43ca455a16411f6dbc4f52db 1640678107642 1640678110299 2657
eb586bcbf66bfa210aabc12b6262b173820b2cada3b13e1f3227e981675a5ed6 1640678169499 1640678171793 2294
3229d00c277117f59d2a134152642b319532e38cf3a4e752a7c25c5e68c3e6b3 1640678230972 1640678234147 3175
f57f3e5ef25a19ceaa2ec55223064bda62ae1eb454dd9b6dd2a793bb9cb6bb10 1640678292853 1640678296050 3197
626a9213ceaf886f67c1cd5cf51b90d6f1019c07fc3124761cd935b6ec203c46 1640678353727 1640678356823 3096
05944913311b783a1ee4b2dc1fce8d2bf760b881df491c81137b142edbb67876 1640678416124 1640678418149 2025
55d4535f26bcdde5425d78e34f4f8db09b57c6e65cf944a37e288073745a90fd 1640678477436 1640678480421 2985
fce7e8c3bfb9e4d052c6505887bffe4c7c6e58cc00c60a3ef36a7115d65b3a76 1640678539181 1640678541457 2276
02e492cffa370d01ad9829a5868b19c94a8ede2a7d8f280c5b2d29cd92af8518 1640678600736 1640678604358 3622
d792a06bd7f9d532b770362e7d5fb5fb9986f7bbf1b1bab5a2fde2f81f984f34 1640678662296 1640678664856 2560
4c6e98c45e484cd27a427eceacab5c4e8c0ba705a1e4a436584b74443e1812c3 1640678724467 1640678725990 1523
a5d36c78f0d7de846052d81f46864ca63e42dfc171e7269131117dcbb9eda0ce 1640678785661 1640678789532 3871
fc8c553dbf94986a8c06c176dc518422ed713eef4706b5db9f085cde3aaed480 1640678847462 1640678850175 2713
767d720e561afad59b4e355888f163114dd0e6b5a8487934e765f3528981eae5 1640678909686 1640678912348 2662
6beed81811a14da4ed0201e8d9c85789f295725725a8ba534661025406e0006b 1640678970963 1640678973766 2803
d376c87a370ca3f8a552e2a3f6ab05a384b5734ffc87ab29ba205149d8a7f782 1640679032269 1640679034705 2436
8bb7f1dc2e6ed0b9f3167f7703ff377fdb9657887fd7c5a5496cfa06850a7a2e 1640679095239 1640679098784 3545
35ded5d7877bd39df0302007dfbff3b8f6efd0ad3dc5e3899ef40df324bf8e6b 1640679156672 1640679159738 3066
86f38843dd836faaf82ad133813749127404320d8d00f2121c6f6da195880abf 1640679218228 1640679220626 2398
38af6ede882141586b15a29888822ee000252d7ae1602fcfd149966e7bba3e4a 1640679279073 1640679282107 3034
958b99b2f178c47607030e67583081063d93970b929214476b99723c5315f345 1640679341256 1640679343566 2310
3e9fe96aa5487665f35f07bf020514ad2c388ba966f626c1016a6c6aabe71867 1640679402336 1640679404830 2494
0ca1a4fe533ddac95ccb99193676056030d2ea0da1430b97afd3880bca9d154d 1640679464287 1640679466946 2659
c4db454000ee9ca45be697cd06821f2a077c238e29d7af2bd67f0391a2ef258b 1640679525860 1640679529783 3923
e726d56a2b398b8479cb3f45e2b33f817325ab9b885e7e358595575ee00e13d9 1640679587754 1640679591524 3770
90dde4cfb60f67cf135824d79e239d1e9f98cef9dd1542beb534ad18a4996856 1640679648958 1640679651643 2685
3edd1453a6a10e18a28e23995745118738d68d83e3352a0b7616644dbbce4378 1640679710533 1640679712562 2029
b29983463cb6437e99e4d763f79ed51a83edd0907337957f843a6284e385224f 1640679771664 1640679774332 2668
5692553ce130ee24ccadbd9fa128f6e272d9cfa175518e8fa0d15d6113d330b3 1640679833108 1640679835904 2796
4afaa2e894643b2b30e88a3dabecd667a061d5e5bb28a1ab9b8e48b7c94951d4 1640679894464 1640679897500 3036
97d25fa19d069e54f6390d66bcff1c881b2f5d0e932c3dee4fc7fbffb078a8e7 1640679956331 1640679959515 3184
e2cc195b36bf93ff34e1cac07f3aaa5332d5714f5863790623094c30ec9bfd1a 1640680018285 1640680021438 3153
afc1afd585b10c3256b59fb2b817b027f9c5b91560af307a3df22685815e6022 1640680079741 1640680082384 2643
0b6bb9d2cfc36d165ee48548b80d4d12c53020a67d053ecfbcfb097fa81c1ce3 1640680140982 1640680144306 3324
83d64acdf315627ef370c4d51184f306599fcfc28cf5b5a0c8ca39ed711ff336 1640680203289 1640680207221 3932
d0040ee178e50af702e65a644c42f0f93785ea0dc4bc0ac40cfc2b0c7198eba2 1640680265799 1640680268421 2622
7e9cb351d9d0ad418012392ec3e582337b12fa11d361882c49095505d6b1c3c6 1640680327655 1640680329925 2270
9a34cf408c40f31b53bb50d50eefb5ef87c35955f64c8a93d143160798e8941c 1640680389015 1640680391985 2970
3ca1ec9ab157362cd27bac06f494d02e6b86f0551215a9fc9016c7a67c5ad158 1640680450589 1640680453836 3247
2690b3a572c1f9adb680e96f2d6bdace445a454aa51789369e72a82c3c7b83bd 1640680512237 1640680514620 2383
2002914a4a5a62647d5c2c1877aa50bce0ae24eaf799738cbc89f4a046033e19 1640680572962 1640680576548 3586
12e451beed88b78d40e09493228c76ef45c4601f3c27b5801ec34a99711ba5e5 1640680634749 1640680636981 2232
d6b2ea98389c96a8632bb790920020562bce14413f0b6b69f4f3895b2a331ea6 1640680696499 1640680698934 2435
1591c82ffe11023aeb4b1112eba7192144e214493a24bf6e3146b072b120e39f 1640680757768 1640680761114 3346
7515113ef26dfee0694d4ece03651cef60aac0a08fa83267ac5546ed11ddc28f 1640680820356 1640680822498 2142
0426120ca8032f85209d952d534b0ea5d182a85b4b03719d2991a4112fdfe1b7 1640680881342 1640680883993 2651
f282bf8e4c7ff700a1dd04ae4e5bf7ca5ebd93257c2e1020153fcf203978e839 1640680943239 1640680944611 1372
f44f06d5fab83123ce2e88b711d1cc26d27aa7710d4330c4c1a85a71e89b0715 1640681004667 1640681008110 3443
73ef015144adf06b1130cec5b726d9db6d9de64eea8b51a22cd359269b1df1c5 1640681066495 1640681068321 1826
d0afd4be782a6e88846c73045a670810aa19d23b9f665517e28d8ef3c2b97f1e 1640681127884 1640681130598 2714
