c582016471ce46db11ab3b87e6bb45c15a299483c84834354d8bf5481924b604 1640678107626 1640678109231 1605
1e0ad6a549f30e2ba61df0e4b44daf03b783c571ca947266181b695f441a61d2 1640678169485 1640678171701 2216
ba3966296bffe5a89203bac7d1723e4bb08e7e66a2e6ab0fb7848d8a868e62ba 1640678230953 1640678232857 1904
dd471157d37049682ffea970fdba4cb9cb75ed7513921f934459235334c7eb91 1640678292838 1640678295348 2510
d12a67417379dcce97c3e0d7d50d7e3a645c413cf9b62412b36a5ed2795d98f0 1640678353710 1640678356260 2550
1396fffcbada5a85d597b0122efa24cb7a661ca41215bbb0ed71aa21de6805b7 1640678416107 1640678419325 3218
d45100ffdc3c598d27fdbd300b15c621955fab85946f3f31d1937d741f462609 1640678477415 1640678479999 2584
beda928e16a5c94650ee53e4dbf690e54e91eec8ae0b262b30cc3f39fc84f29f 1640678539163 1640678541058 1895
aa21431366c0d285de8b54c7d558ecac3c9a4ee8cf517c6d898b0758d9ca52a4 1640678600714 1640678603131 2417
386f5a8fd1c74ee8504c117f39dbc58f1eb503e088c6c959a61297c8be5368bf 1640678662280 1640678664144 1864
e5cb2faf061d59b03f747f9c21c2bc38e848004a5fefdc616ffe7c2ad34e20fe 1640678724446 1640678726246 1800
d3299571b692e20afc297ffaf4d92aa5713da0b8cfade77b833c75230d0f841c 1640678785639 1640678787300 1661
a082504850f04f76523266eb4d123e465c6209338826a09a3cf8ab3861ff5837 1640678847443 1640678849810 2367
e003398d6b488594268cb84a008a22c34acb977a65751920b4979088dcb7444b 1640678909667 1640678911843 2176
db7a3d3ecb638b84a7963af1788bdb5d21bde9360f3a541543800cde67612a84 1640678970940 1640678973851 2911
502b63709f68c4b7277b3390ba8d02b373ec4e33500117b743501ec2a9d51d97 1640679032248 1640679034008 1760
3dc67b50a18366b12a8b9eb2c1307b3c51fc2fbe286a43a924abb0b81571f5bd 1640679095220 1640679097184 1964
40c02ba457d796d3ace52e9e42147a52607d78bbb168c9eb5fd97ad176b75bf9 1640679156650 1640679158761 2111
13a33c1b42216943064f49cb88f6cfac810c5d3841233b5236ecb173748c3e4c 1640679218203 1640679220415 2212
fc73d34238c77a2916d531da6c63f679ca9e0b35ca1740a2a85495ff659e0bc0 1640679279054 1640679281044 1990
db4da07285cff132301d35934735b6a94e42fc921bcf139c2b512030d45533fe 1640679341234 1640679343063 1829
f58f895c9b829feff49b13446db19487cec6823206fdab29d7ec968d99f717e2 1640679402310 1640679404019 1709
961c76fd5c42df2c468decf45fc0d9d473cf88bdf87937bf2e19f4607a956d58 1640679464264 1640679466418 2154
37de4d6372885792d844928100845d78cff0344cbfbd6a7968af2bf9f065bc68 1640679525837 1640679528272 2435
a08fc49a5ca9f6c3e088fc73430aefca080def240e2523278938910251600be6 1640679587732 1640679591481 3749
c91254e0fd529708e9327b9c22030204dc5ec468a671273f1b9f02fb7ab315f9 1640679648935 1640679651675 2740
873d970f05a605cb0578afb8999f0f693b665666bfb231076e3e8ddc25de4bb9 1640679710508 1640679711750 1242
71abe8b19c8e2a8de217a34b690f2ea560ef6b906b14ae28031dc1190904b736 1640679771642 1640679773443 1801
4c6dfbf36560baa4b67a8e2b809b46136270667010a5effb88a6d1d17f146fca 1640679833080 1640679835751 2671
5a6cf0848f51208986d7d36409b97c1572c1be465304e547e32154fdd1ee445b 1640679894441 1640679896058 1617
3db205752a3b0adb06d7cabd54384dfd87d91bc3fddff37e8391bbe4edd6895d 1640679956295 1640679959169 2874
cbfe9e35beb1db62148cb297d6bb8f0023fd7b7c92050231089c3bd9d5cd100d 1640680018255 1640680020025 1770
a5c5b67320f1e6b860ab56899738122c5ee4411a3604951b1a37ca7bdd18f65b 1640680079712 1640680081104 1392
9e75ff079323280206d75fe0a0098b9c6c3dbd56731c9e7fb33e164a59c52f54 1640680140950 1640680143265 2315
387659317e7ce8ee9b58169a83af01956b0f5b2d9821b89660ea8aed41f335ab 1640680203264 1640680205691 2427
2ea68effe01c510bc6cd1340c443332286e6a531b9ca0f773db54d24c0b98319 1640680265763 1640680267626 1863
e5166ad1d7156cf3a7bedcfdc56cfd1e12d9dac935bc96e01471709183c69b93 1640680327629 1640680329717 2088
41cddd0db5c88e5fc3419620cb3427fbf70fd0d89921162349a747770efa29c7 1640680388989 1640680390785 1796
5f82354545cddc07d3215903e394496c533e4977fa512f628546120be98d3835 1640680450560 1640680453028 2468
eedc8b6a4cce869a600d8fe93adb90d465add0104d305705bf12a7a911e18952 1640680512203 1640680514101 1898
e0523e03122686089085cd43cede7248a93f6270eaaf857ac20066e8ce9c578c 1640680572930 1640680574610 1680
8df754f892343cb65dd4ec0c8fd323d4934a6186ff6f3deb16b08932eb6a6916 1640680634716 1640680636795 2079
952ac05e8bafae7f64476462a8a853b06ddbac576c15f7b26fff3d93dd8e2228 1640680696468 1640680698366 1898
1a9212aa238754e5e744bb79ce6706196b818be350b0f1d620685c36ef09bf6e 1640680757735 1640680758953 1218
292582217931615f20cd260ef703cb0d0659d2f6400cb8ef8141d45dd42abcad 1640680820322 1640680822758 2436
7b207892759d868f0fc4010eec0dc9c2498254d535c45cf71d7e7bdf1d125ea9 1640680881310 1640680882657 1347
bd135ffa8a4ae90c955fc0e4a2d916e410e60f5026d5dc3b5b1ed882674f5d25 1640680943201 1640680944969 1768
22b3daf2cb4c55d371ea54e3df25032cb20940093398d10d0cd0f65320a30a84 1640681004630 1640681006178 1548
90a4a8a611deb18c623f1d631ee2d751ce104d6023e92c722a1b85f048326066 1640681066455 1640681068054 1599
b8b96e8730848d277a1bf1f798dd4f7c1753d35859cb0b226dab41ab6c2c2b8d 1640681127843 1640681129664 1821
