c499ece379235672dd711d715e7dffecb9de25520099deec47b549c0c34b6d4b 1640678107643 1640678111828 4185
fa51463035ce834da39141e2fa94c4d285a82ea060db5ff34da7fe7deaf6095a 1640678169500 1640678171850 2350
cc1dfdd98f11d66eba1503f93613e80c2dd25e9a9d0cafd515b308a42fabcb47 1640678230971 1640678234397 3426
a30fefd088dd27837092ad8322d9271e8ad06f33c27cb4bffac870a7929df50a 1640678292853 1640678296564 3711
23feb401c26f4813e695cc925904af49acf7e89c6de1208b1d7b5cc7a5a7f53d 1640678353729 1640678357183 3454
2e279389f5cb71fe14f337184fdf7d962e48e5a141e1061d661aff9d8c426fdb 1640678416126 1640678418190 2064
1372d0c5dda242712f74fd2f7dc9f2f9fadbdd889b5a8e5a9c3377f009181085 1640678477438 1640678481277 3839
69c6b2724114c3df634139a53a5556182e173005625b33df8a5956990bbf4d90 1640678539182 1640678541504 2322
55da683bb6ed8adba3ac6e662ecac7c4adb66d2bda6f302ccfde437acff0c864 1640678600736 1640678603966 3230
1abac906484544a7a37b5c98b39ad42b4efefe4c01eccbaf4d3ebd2439ce45a4 1640678662296 1640678664260 1964
abe53c3dd5d81fc530aa30ec2d358e84e167ea4cee5ee4a57c5e102c92355508 1640678724468 1640678726678 2210
42f3e45e00a0cb0711261a20fdfc34a8799f3d18e14518774087ccf3d3f39467 1640678785660 1640678789286 3626
1d6ca8888ae8b30e1f04ab885d8ee34a9102f915c789bad3343b3964819c2014 1640678847462 1640678850452 2990
6cb7a2a3836537ed4f12fb3a5db2dd268cd9dd36bb129f079f949bb1c47610e2 1640678909688 1640678912385 2697
daa8546ba6e5e48bb3085d100143e2a08f51c7b54e6a26a6aed67be196b3906f 1640678970965 1640678973768 2803
abdc4690f808fe830afa7865cec0bae1ab6678dc6a4833c00c47d518645df333 1640679032270 1640679035101 2831
7c2ff02c041db0b1ad65f123f361912f082a5f0ff63ad3f15d8fb778103d0dd2 1640679095240 1640679098734 3494
80645e6b30ec4f0e8868cdf25a6cacbed092088ea917d45713e818d58b130067 1640679156672 1640679158773 2101
ee33f72dbcfe4614e1abfbf79464c9e44e5a45010866aaa06a37d2397b8924df 1640679218230 1640679220428 2198
305395d66a8cbb3a58ad48d96cf5ea1750bca8e361454ee2e5b4597cb629b94a 1640679279073 1640679281789 2716
e8c6fe6015f81118eb9e0a3f71c3043c343c46220dd6554973c1707ac35ee88d 1640679341255 1640679343402 2147
b538e095a3b8c39437eb816d8d42d75e6f37fd01d7b71e3638abea49c682c96c 1640679402335 1640679405000 2665
2c313fb04c68d791ef125b4c207ae8afe5205fe8e480ae632111acadf05c75ee 1640679464288 1640679466923 2635
859c8ccf6728f507c432a144ee62f9742d2383a40ef8078bcfd60aa086c1c3f7 1640679525860 1640679529519 3659
214e89ea94d80bb70f4e175fd7c8e8a9e68ecfb0151addf439b421d7cf1fb2e4 1640679587754 1640679590423 2669
f72152db404d250d35fc33060725ddfd3d3546c88838b5ea82e0a665cff0d9f1 1640679648958 1640679652176 3218
a4bc6610bd71189df6cc8a99a66ff87b5b5e01e095b04047179547bdb1445480 1640679710532 1640679712715 2183
f9e81aaa253029d59872b3d19894e8adba2a4e35e8fce0128295f7654b0ad3b1 1640679771665 1640679774289 2624
ad5f4c3789a21063d6cb0f78466a1ee1aa341c23ef2bf75c80ed17d716ae6a35 1640679833110 1640679835441 2331
7bc360331bd199e7a5c11146a371880db94df77781f5e603813ef3203eb314fa 1640679894464 1640679896814 2350
9fa7b5f9b2f7d0eed742e8b19259d83b7a71fae2a531b65548b31b463a117428 1640679956330 1640679959486 3156
b84186a7e48ef8df7869decd31fe6c91f148b569a484d806d71d81b9070ebe25 1640680018285 1640680021456 3171
11fb0bc127dd8dbc73702284199118c565e5dccfb46066a52436c49663e7a01d 1640680079742 1640680082347 2605
50fa8c909bb10458d3becd98865f3b39efb573858cbb2ea4e6ab407d986a2de1 1640680140983 1640680144576 3593
5897645101997c73416ac3f9413f925727ad68d7a14f0348406ca0c82f180192 1640680203289 1640680207436 4147
26328136441d295418d812d52bd4afd4ea0ac66cd1a2aabfd31da5add16237f2 1640680265799 1640680268438 2639
902aff05b83144376b0f0e8b6172d51777da5f8ed8df3c3ad762314fc42a33fe 1640680327655 1640680329839 2184
d0dea42bbec750c7d6ec755294683b935088a7344b617c7c215472bb27a66661 1640680389015 1640680391696 2681
1fbf96d49ce72e5b72a735029a9e5f46421d5e495d7aadc786b825d3b4db17e4 1640680450589 1640680452477 1888
0c5c918a986e91dcef5d29cab9fa57ab30ab51a023a2c0b36dd45a5bcbff1701 1640680512237 1640680514404 2167
942fb88c4ad32e628520f8a8f0c694b30f71f6c7f94aae17e4053fbb8b11f03b 1640680572961 1640680575549 2588
d23067ac7b0b84452a3d1f6d6b9be9bc9e78362ccbf631e652b8ca63d36427b0 1640680634751 1640680637531 2780
11e20f534d426c52f49b0b2b9fae8e83292501b7f547d4853c224fe0f359fd40 1640680696500 1640680699175 2675
172de67c4fd3ce8b3a8da77e358c5846aed083c424a1ca40d0f8bd7712a412e4 1640680757770 1640680760778 3008
7cd601511247f4afd0faa3d918396dfe9bbe3875acb4acd4ea5c8bb9cbe2edba 1640680820356 1640680823298 2942
a676e61503e136f81b2ca44be0e409df5a93ba655bd07732ddbc38250a425f28 1640680881343 1640680884036 2693
53299a773f2da935347ebe603b3bc6f83a80133207d8c2fb64ccc9c2d7efbe83 1640680943239 1640680945278 2039
623b7f56cb3df1a755b47289d6ebc3f72c10fb3cc1826c8ed16588812b152684 1640681004668 1640681007828 3160
3e24a7cd23c5f881559a00bbcf7568760ab76ba3539b0355464d3ef4f4cc0664 1640681066496 1640681068336 1840
23722bc100347e5576fd32efa14fa0ee25af098280a3f4396cd368d30bdf72ea 1640681127885 1640681131117 3232
