78ec5cdbdf831df982f9cf802fb0ef6f8da2527b2a6166b6a67985b06b46b3be 1640678107653 1640678108824 1171
68b0e68e8cf90bf500a9167636558d028665742de6a0e5c4b563a541b2c98796 1640678169520 1640678172932 3412
df1f68159c6da2ad14068e2a89ba037773d0de0e1e90edfd295ce1bf59d63246 1640678230984 1640678234789 3805
29a7efcbfa9abe3a35457639960463e4b2897a6b4ecb895bc827baafb6b9cd90 1640678292866 1640678296584 3718
465f551bed593d24c1d32a8897e3c7023fd9b87bdbe1015f4d7029977224528c 1640678353742 1640678357167 3425
17a054d5c26b2315f15fe99191648ac92a8a5fdc54b09051677aa0aaba990ed8 1640678416139 1640678418456 2317
c0ec7006c880661e20a76ffd3f1dc93b8ffd1e6c84d4f148be65f97a04a56e8b 1640678477452 1640678481787 4335
fb2625aa342b69e82edad8862c86bacbf46b89a17fd47daff861e55b22297e54 1640678539198 1640678542943 3745
d9d120ce68354cfb090dc797bf1bcd9d69418f7a8a5c9cb4f44f2e7224ba09d9 1640678600755 1640678604341 3586
d95c22d6ad7812317708864924f77e2d8eada07ef9dd536ab29b611b9d4faedf 1640678662311 1640678664912 2601
04640e3b79fca3ed7659e9c9b9857e2b574dd74103107a50b2cc7c781d675925 1640678724490 1640678727886 3396
b9306ddcc3925b364a190838828b8429d12c2d97ed19b2a05a5eb8a6fd937a9c 1640678785675 1640678788507 2832
cb045d81f3643634589c51b2114b6c00d7561a1c41d2144f037d8c550027e0bb 1640678847483 1640678851527 4044
5df7ffbc4d6d194968bbeaa332483ff41876376b7c9fb84d255693f376daa5d3 1640678909705 1640678912619 2914
33040497277da66383991e8b85af96b6d665de63c3c42ecfce0ceca841494082 1640678970984 1640678973899 2915
6ee8d04de7031357eb01f4766e48222c5a638f915bbd29668cc96663a9a02fb3 1640679032291 1640679035114 2823
8adb64c996c275f6da4d569c4919f9582327028720500cfd437dc843f2196131 1640679095258 1640679097790 2532
3d01c1d4575b1c80af3b712e3b21a45059cfb65e1f9ec371d366dfd66592fd8e 1640679156698 1640679160605 3907
5d762c5e8c227266701475e603f39e826e66b1a64640da486c0234097dd4a63b 1640679218253 1640679221140 2887
72553b6de3872318ec19ed04584001cf7db02b8414a23da13fcdd7e839a26608 1640679279090 1640679282469 3379
e878d5ec19b271c55a1e3f20285c72246f9c0c6068c0e40caacd949831185198 1640679341275 1640679344025 2750
b33c79444d8e08804b9ef128de75b541f033f4b9ba304bdad9aca6488fbd84ee 1640679402359 1640679404873 2514
f79d7c967652c39312575833ad86d03441dcc23649cc268dc16a6ee0ef884a55 1640679464307 1640679467067 2760
3d7a76c23cdc88d1b7e752c0df226ef5291d2812437d6ce198dae702df2a6581 1640679525886 1640679529976 4090
86277e6fa598d3690008047e8b1dd68fb94d2ac8e2c6f604478694f8859859de 1640679587782 1640679591301 3519
44015d90dd273b47542c95479211443d3337df6f74edc3fdf497909a6f0cfcf1 1640679648985 1640679651894 2909
8401ce847df85f8c5ae31f1c8554c049fa851d8fa98ffd65873368ccf950c713 1640679710565 1640679713260 2695
1e4bdd440422d905a2eeeea71ecdc14e7abb73fa29174e1e58865e92ddfbee9b 1640679771686 1640679774503 2817
acdfc243f615cf9ef3e3a588cf8c6aa12e207d27e2c809de51a2ed79b6dfa1bd 1640679833134 1640679837025 3891
6e0d7d84198ca3df7965187d9643399abc6cc2ebac824b2f1d3fb3a9d0f10953 1640679894491 1640679897610 3119
8ff1e61264742a8a6cceaa2c33b919180518176f94b689a7bf82daf91954eb5c 1640679956358 1640679959560 3202
5debf3599c4ded7188c0843a131ba06811b21cb82ddb3d54ba4f64373b690dd1 1640680018316 1640680022072 3756
bcccd5de270ca9b077495b2f91fe443c2f6f3f483f71b6a3a625cfc26d875c5f 1640680079776 1640680081574 1798
9077299ba9185f42dcb179aa94361c53c2e266110e22d787a376985ad9f694c6 1640680141018 1640680144569 3551
dde8cefe8639e81af45e725f7a4ea5278ddebf9e28a84297cae8fff46d7e1e03 1640680203312 1640680206991 3679
649ddade2f44e2c0e272ba009bee16a61ad288b43bea766da5350b2529ae339c 1640680265826 1640680269068 3242
d029ab8616171daf006c9541c6fd98ac86d5f67e91310d71491c6beb0950d073 1640680327685 1640680329025 1340
4ccf5005fb655a92c7d25246bef6c64423b0981b1866f9a5e4f2c2b80e29278a 1640680389044 1640680392071 3027
9c6ce2df8dcff19732ed63c0e96b624a7730e8f39012749c07791fa2bc3dacbc 1640680450613 1640680453496 2883
bd9bd0cde60cf542cb5e9f5b30c6021ab91782720e494ec70ae9604fb9b82abb 1640680512272 1640680514624 2352
2361f6dd7907b4099680e696fcc29d9e29be20dbc725263375eddeb6c24a0604 1640680572990 1640680576798 3808
ce9b158f7c71003c9a9ff32c64088727e4bd106819098b843677014e077895c4 1640680634774 1640680637953 3179
b8847f8f8d00d05b0a36e003aef6193d7d5a0fa19f9614651341c52febd46ab3 1640680696533 1640680699345 2812
0bf29f49346ab14da628072ec21156b4dc828256e0987c9cedfffdf7a70603c7 1640680757799 1640680761287 3488
a65e56bd8eabcf97377d494fe31848f82ebd308a55b431df445e6dd3dc712f55 1640680820384 1640680823267 2883
ee5046b2f847602120a0f7fb948094bb530660c6c59603a804d7d68e88ee2ebd 1640680881370 1640680885052 3682
3ee5579a8dcc38ef0c6fc868f1fa0e732655cec338d550ba6a830866b2a5bb3d 1640680943271 1640680945971 2700
f8972ecbb77a475d0188130ff7849c0a1eb48440beede17601b9b1659e78bb66 1640681004700 1640681008508 3808
298265611beade85e4900de518f810e71bbaadbb830f42027f188800a80b8396 1640681066534 1640681069125 2591
2344504dcbe1717c19eb25fd9179b3ccf9e16ebd13cfc5df596b6ba29bb3524d 1640681127919 1640681131375 3456
