d7ec983aaa5cfecef8d78168ce8d9c9b11b89ce8b9adf627c52836f0b9c1a01a 1640678107596 1640678107992 396
d717732d12d60e91b4200ff6121d6c1869f47a38b50e10618b8c2a3a8b11f320 1640678169451 1640678170883 1432
de1bfc2b43efb366eb1f9bbf6b932a93eb364f27b8b7f5eedf597a91bfd30d0c 1640678230915 1640678231320 405
20676b4505b757eb868a1f1507fdd2101d32960708d68debff1ef4dcc253c133 1640678292796 1640678293250 454
d38297aecbab113f30cba3a6f93849f828f8e75c4211d9a2fc71d5c5d17d2f3f 1640678353671 1640678354299 628
32e8db3c1ad68d11531efa6eb54144010f4370cd0d8ffb1a292d12e54a580c32 1640678416066 1640678416463 397
be79b51f888a2e9e70f9c9576b0bc3bad03df4fa5a9e55b0162e7770008fc7bb 1640678477371 1640678477897 526
561b6a2513026e353ad4f92b98f1a4d5fc4505a67df97fd10b9a1dd4000f0275 1640678539120 1640678539541 421
20c920f4122383f0de8cbd4cca78b1694262d23735283d41a2d73cd6164313c4 1640678600667 1640678601124 457
64832d3e12f38cc232f7a0067006c57c4510887eb9171b3fc7edfc50be28d9a4 1640678662239 1640678662673 434
86efc659762947dbab8f5644daa36c255c3b84d5409096d2bc4fa6e01367fc04 1640678724397 1640678724946 549
90a11f51c885e628dd29a05b81a9e21e5df54c7b2d729a0b3965aeafe68e390b 1640678785594 1640678785994 400
ef14ff5ddfd25e3fa25736ae91ef54feae4fea3cf4fe593d8e15a315d0b5b6c6 1640678847391 1640678847772 381
dfb1c58aa448dbc689595bfb302d2d3a8001c32cefd62650de8264a2d4551dca 1640678909619 1640678910013 394
b691963b34c690d664452a30272c8eaadb3728cc2961122d110d041dab31f0cc 1640678970888 1640678971280 392
de6be48dc911db095d4e135ac9f3323e2e3eda88d2cea02009c866c5a80a51c8 1640679032200 1640679032572 372
d370bad695f248fa420d20d46b5d19830421465ed478bfdb1a2d17cf434001f0 1640679095168 1640679095573 405
e218b4033e17f697c8148bd14c08fa78260eeb82eb70a1c678b3954f11fac010 1640679156599 1640679157032 433
59291db7be087bc434b48b3d8cae2a694a0af9798907fdd82fca4a6e02827c94 1640679218147 1640679218600 453
ce23cf1e87b7b4fc01028d69ad0654ee694a3bac0f1f7abb6804c0f7138691f8 1640679279005 1640679279449 444
616606b2fb937e7d1215afc7e4643c7af5ea287e7aa17cc04155fb20966462bb 1640679341173 1640679341606 433
d7f57d87d1e7304c7aeb363e1242c1420e2dbd7950bb13b74489da740ac7c51c 1640679402257 1640679402638 381
abf2d4fbe450781e30a474fe75d40d51ef207b4f873c142a3b0a554fa5585fba 1640679464213 1640679464620 407
33e9b366ab9107d5b6f82c46492ad357646127ace5a1b5258e9e26ca38e3bee2 1640679525782 1640679526239 457
ca465f47a22c7525962354634d5dc8191654a407254efad321ea7779ab9b8144 1640679587675 1640679588064 389
e1cde3a52ae458ed5daddee368759e6c342eec951143b7ef5742a3dfc6154591 1640679648880 1640679649281 401
fc17dfad4d5df211987f44909315c73d4d6da385eebeaea5b2bbf798bbf92294 1640679710449 1640679710866 417
4a6dd30712c0b6921c7f4ce9262e8ce84b1151bb6d9eb9635ef2d88d077214dc 1640679771590 1640679772053 463
eca3034c6e04701e8a91110e1b653aca55bd2e3888c897ce7c678ccc46de048c 1640679833017 1640679833405 388
634a50c27bbcfb716dd911c3a49f6e4adfecc257c4349be7a4b9edbb87cbb869 1640679894379 1640679894788 409
427bb2709264a89850e3dac76baa9b4248e8595b6947d99136f6bd4548225f1e 1640679956228 1640679956678 450
40067f986dd8c1a6e705966ec494bc020318af9acb1df0eb20d882c0a3657fa9 1640680018194 1640680018598 404
de3160b7a4defbec59abec7a03785ac70e21bac4ec0b12e75eb4e92f8696c25e 1640680079652 1640680080085 433
d31758bc7ef158626162fa53ae4464f599966c381f32e783c6e22c1f1a6a6e05 1640680140883 1640680141285 402
ca5003785cc86c8763a5001c267aada949dc4b1759ea2dda1cb96cca9b0d3eb0 1640680203206 1640680203613 407
068d0aa98cac611b8aae5c331660ec0089e66e8f7d0cf9ce30439dc4054dcc81 1640680265699 1640680266111 412
113b2dad6fd56de36b2dc685e5589e2f3b93591738f5009590b230ed94066299 1640680327563 1640680327964 401
8a691fcd8c751d9c45420c28ebc6e7d71b1a0690c3211e26ff08bda57895f638 1640680388928 1640680389336 408
340b410aa4b2ead59e1cc0636d21784f7e40dc57c94a15813f60a33fb030dfe8 1640680450499 1640680450976 477
359ee2beb17861f289c2a5227e567710354a4cc744a684b4cd9cc8775c76b42f 1640680512138 1640680512560 422
137799280b716cf049a5e7d0e4ce59bf7aa4cb3dcfb2d22e937e1d87e042e6e1 1640680572870 1640680573249 379
72a6328fe43f548195f09cf1176fc52d346fd536ab8b27188360d69be19bfe42 1640680634649 1640680635041 392
596831f93e60d92824ed8ea1fa6417071923308851de1693dac8e2ba25fd22e9 1640680696402 1640680696800 398
e56da90490823d8d6a006883226cb616355ba768c800b4b7751c41b543aceb4a 1640680757671 1640680758050 379
01c4056e53a58c90f67a93e84fc95eeb1b67e2ced41b3440738750dcbd0a5597 1640680820255 1640680820684 429
f83774231ea5213921a545a3a58d58a2d232f92ce59b04c7c5842b9466d9a125 1640680881244 1640680881639 395
f45ab01accfc12374649b125e4e1c8853a7b06fa570a209a44d2bf51ba68ef53 1640680943130 1640680943508 378
a129e36051eb9fd9757c8f4c82d003a8259b5ed25af998237d5faadba18b53ab 1640681004559 1640681004970 411
9ebcb733d237155bae6623392a5187293f6cda8960eb3c755e111715016f8969 1640681066386 1640681066776 390
e0140a17f68823d675d6855a47378469c25cc32713436ef3027eef45cd519995 1640681127769 1640681128200 431
