efda1987e50b435180069aace041dc3c49b70e9c1c85c77686be029fbef1d124 1640678107628 1640678111531 3903
bc7bb110d1ca49c9360ed742d889db74c699dd9071587a824e4691960b29d5a4 1640678169485 1640678171881 2396
fb875bd5c8516610d971b7287f32cfa0f99e20d19d4a0a02be13d6ec0656c39c 1640678230951 1640678233181 2230
307a9fab184b365d90d9ead649f48dd1547cc3eb4db9a7c426c056b7f0ae9db6 1640678292837 1640678295461 2624
5eeb175715852e78930041993284d7fc201ef2ee3564eb9fb331a037a1a7e690 1640678353710 1640678355957 2247
5bb5a1500dc6f2c4b61e0ba194d3734be7518356a2372ad350778d6d841a568e 1640678416110 1640678417982 1872
f0a9424b07891fe78faeb8d23e2e1537bc98c0317a31369bf8859ca0e4cbae62 1640678477414 1640678479473 2059
ca5e3dc6fc34f7406dccf8df8569dedeb0c07a39d0c432c16885afcd2b97296d 1640678539163 1640678541395 2232
a3a1aefd84516915456f16d0292ad8092586681d8eb59576573385dd243d01a4 1640678600714 1640678603590 2876
4634b56fe38290f07807d6f1b350442b1097b56ae629cca684aeab792d837ead 1640678662278 1640678664330 2052
bd5a113669ba702611cd9f4bc7227724935fa4eadcb43b986f9149d8e18e3741 1640678724445 1640678726310 1865
ddbe70a37f5f546cf4acc6f4e05fff495828993370a81b19bcf83138c31f0b4b 1640678785639 1640678787511 1872
86c9aa85156d4f0af79bd4ecb7b4e65cb7b2e67f919ecddc352e2bf7877892f2 1640678847443 1640678849441 1998
a39d0fb8939ca3f46b47f9619874cc38f41b5498440c623c558815f82b11bfd5 1640678909667 1640678911896 2229
6efb9b27ea2a6d74ac9af966ed1afddb39075e24ae41d6073cb777df80d8205b 1640678970939 1640678973012 2073
ccb4e951c5329fbd6d926099371b017c0e037a1e2c739b56715a0e31d9179dc3 1640679032248 1640679033965 1717
a9f6a0841e8e7e8150712db614072b02744c40a5381d64cbca2e6f27cff4eede 1640679095219 1640679097664 2445
a6ccdb31a4d2f8b5a29c7ff9b7a68be742a89c06bde6d664b7ab1c1824531050 1640679156649 1640679158002 1353
549e2f54640c77c93bee9f1c4fbde716d59a6c633b94b47e2e768755ad4e401b 1640679218202 1640679220217 2015
ca641a8bab5d1bb9f4be77b1a15d95eb4fd56e8251189fb0e1d8edcd2e7eaf37 1640679279054 1640679281283 2229
33afb899139f029c4bd96221ad26d99e156276328c3c95a9fd49c6144b5a04d3 1640679341233 1640679342975 1742
f4a40dd07af43b1fcfc5f838e0fa373891772e160b01ba204fce9cc952812d92 1640679402311 1640679405653 3342
51536a7cb193bb865f109234aa7e8704ab96828517ec3815f46b06c3fff389cc 1640679464264 1640679466264 2000
6e22502c7f97022c03d0449070a4f9d9c4dd06c1323a8d12fae49a1bf09add3c 1640679525836 1640679528013 2177
9efb6ae98760de37129e94e3706bb2240626726d27b6460f83e4e8327772a61b 1640679587731 1640679591364 3633
6e7d086a53c543d31a6278d75bfc8b7afab0db7b50958b931f91bf2650305ce7 1640679648935 1640679651338 2403
f669eafc76bfa54ead70ec4ff2d7fedf31c492124e8a17a99eb41d53b6e0fdcf 1640679710506 1640679712556 2050
fd3774a2208b57954f7ec00e2eb778c4931944874e0fcc42ece49a95100889c6 1640679771641 1640679773948 2307
86b88a9ddb815a35d701995014e5154d45b165953285ea4691253f410f26f9d7 1640679833080 1640679834625 1545
3678d06e3b38a46970283734f757af3a1a312a37bc96e3477ae4701bf0f5f336 1640679894440 1640679896052 1612
be1d699d164cb087369ecf6a800622672bff7e926542c1b51370f9fb7057a245 1640679956294 1640679958710 2416
be1740bf609583191f795cc7fbb078a919b89b47bef988929f7b6ae81de39d43 1640680018254 1640680019827 1573
e3152c57a3f242a2aa56f0e0c40eea18b72b3ca8f80570bf4d593ab894a89cb1 1640680079713 1640680081171 1458
65963313bc4fd48ecdc04212d363942a2dc87d32d04f0b13003a0e7339d7f37a 1640680140949 1640680143718 2769
c2be148ecdf5a7f2ffc8cd2c290505094cd5eab44c352a2876edf5ba6c3fbb6b 1640680203263 1640680205629 2366
7ac3ea65d387f6dc6b8633ff52302f75edbcc37e9b4beb4bdd303a5cf7a5217b 1640680265763 1640680268296 2533
c6228eef0e0363e88d6e2e6d4470043aeb2f64edb5bcd0611846c1258d298fe8 1640680327628 1640680329829 2201
bb7e4d0be36c6d337eb143754dc007e00383af9b7326fce3c3928ebbe3531b90 1640680388990 1640680391403 2413
b4842ee1d7bffe6ed3609ad5a22095b2187c1e76ffc854c43eeacefacb991d14 1640680450560 1640680452835 2275
8077a982d1f3931d7a77212e0438890b55cac500519fa05f00d4d3591fb9753a 1640680512203 1640680514225 2022
0c25e9d82db245e0f31eb10b07b94997ff2dddd0f2fe43420728255ac36d0ecc 1640680572930 1640680575142 2212
55496fc1b4fbbc4363279ee63e946ac10d2b8373f3808586ccd1ceb7216fe4e5 1640680634717 1640680636767 2050
5cf7011953593e79879b43b3566ff62e46779a16d92bbaacff455078cb172809 1640680696465 1640680698744 2279
717e6bc28a81199d9c91cb98339051bd305a74e24fc6ece58d1d14a78c941efb 1640680757736 1640680759850 2114
ef39f0cf70881d767a0edb34b663834a50e36b318a9bf517b108f5dfaa9cd445 1640680820322 1640680822443 2121
6a6c5dead27e788aca3b908dd4d29c8690aa6352e6755b4cfe82331080ef9e42 1640680881309 1640680884029 2720
6178b3b2c153a82efa60eb6f2a5a8a0a8bfe718fe227ebb6e00a06141ac9c22b 1640680943199 1640680944990 1791
e95137a197f289e8e19fd03278580c822479342e384fec2339bf6305c35058ed 1640681004629 1640681006792 2163
5ec0c7e5e633b51b1b19b3f9cd047ed0b464604694b3a05a959baf9509346ca3 1640681066455 1640681067872 1417
70f17cf4e2a16b36c42198923a58842359003bc0f22b46ccf09f39e90a03bddf 1640681127843 1640681129894 2051
