a8e64a87b8345508df9bdb9f7ea0e238be85989f118a8f30e1a7b3ef61e63cce 1640678107671 1640678111623 3952
e712402f0e02ea38a1a278731e3697874617dbe8867887f71797d78d38a6aa7d 1640678169538 1640678173318 3780
8d3a03fa03ebfbe61d0b05e09232dedd07221d346334699a82f255c7e2a24694 1640678231007 1640678235085 4078
ce56817f08a9d8c4358123ef5e36818416a24113fa9222515f8af5ea7ea42135 1640678292893 1640678295206 2313
cdd8a8017d0df0bbc992e9d8881724dd37aa1d083a75fc3ea7be9f2c9a32d6e6 1640678353770 1640678357952 4182
0a448104248a66e1c966a1355d859b4db336d30af3f0298fc0b7decd225d92de 1640678416177 1640678419419 3242
1e20640f2a7e3f1840d6746f6f19b44d0726011e94c96cc097ba2906331ed74b 1640678477480 1640678479275 1795
255c84164bc873aa0c2f37f6158a1155d05747b21c8f976b8ada65cdf9c0fd3d 1640678539224 1640678542571 3347
6d51bd0e274264a154f6c7469767c55e6d219229ce400bc11e57cf1e1eb52f2b 1640678600783 1640678604589 3806
58642183468815d3a93035f4322a5165bb609e712490e7aed308762ae558c7e0 1640678662342 1640678666476 4134
52d753a9213d0955d35286fca1e93fe4efc39c8342dbc120092b2029219d412c 1640678724514 1640678728127 3613
85097851f5344fade878cc81ecee68f6993d03891ee88d8bbe6918c257e41ae0 1640678785704 1640678789134 3430
5285c8e853d06c084055b594ba92eefc239edde76470d2f0a5e55e86f14be4ed 1640678847518 1640678851505 3987
11b4da80cb34c19e14b08e418e445227635e7f1f91cfc99cd969d6763c22382c 1640678909739 1640678913167 3428
9735417f0ee4d2b191f6b9f8f20d5b4b227e1482b18a6e37e293200cc65a7c9b 1640678971027 1640678974640 3613
7269ce7e2c49a167f77a183987b10bf433f6ce25ebd274f062a3201fb7763a8b 1640679032324 1640679036461 4137
f12cab31511f6f7f10faa591bffa8ea4e5b48fc5a48f91423595e64358d8a688 1640679095295 1640679099027 3732
9a56cba444233bd5dca39d9ff989918df3af0df531909f6b09ffa031313313c1 1640679156739 1640679160697 3958
76c76e3d050677bd2c3ffc737ec1ebc1d1cc8fa3d33f15005cf81b2923971bc3 1640679218297 1640679221779 3482
f8395e00e21eaa8b96bcf5fd549b171d5b0a4d52030827b1acf9d77cf2c7ab78 1640679279126 1640679283346 4220
7070c3e1e9d22db69381c7dbd7273d57b2e7d98fd5c9fd151a663fdab604b5a0 1640679341338 1640679344871 3533
d43988b8c1bcf085967bb35614516ece6e095b7e56031e2f034ddf33cbb47c2a 1640679402395 1640679406531 4136
f9a5d4e4b49391589c64bfb3e88267739a924e440db5cabdaccd11fffdf713d3 1640679464351 1640679467440 3089
5dce57a180457982f9b3bf67cf5891765bd79862e68e36e80de33cb2cbea26cb 1640679525930 1640679530076 4146
44fe56e46de11469692ce6a29ee14183c762f686ee89b985c10ff35a8805b6c0 1640679587816 1640679591344 3528
487b6e22f11f56d7d432132a6b23174180941a174f18e00cd65e6d11d77db84c 1640679649032 1640679653026 3994
382003917a61f35e1d78e80a15c3f50d3391eee4b1d430c30f8c71b3dad5588b 1640679710621 1640679714121 3500
65b9b036318a71dcf80dc6624cd990d290ce8a25af32f0cb7c250c9044fe889a 1640679771732 1640679775351 3619
4ea74084949376956c51a715ba1d08bb1963c702194abffcf0894762c605556e 1640679833180 1640679837243 4063
ce1a96b802e29fa517936c0122fd41a64155a97481a9501ac4301486cf4fa4b5 1640679894550 1640679898271 3721
de6a16df093fdbbc82be3f6751a28aae3bf687138a8515c56c848708ea8580d0 1640679956425 1640679960162 3737
b43e5787069e8e59a02144ce971ba394d0260b46e77cbcc819f84e148fa974e3 1640680018357 1640680022488 4131
35ff8cfda3c1d7d6a07c684ad80cf9c771314bd071a8a477ff5b6ba54dea33fc 1640680079839 1640680083514 3675
a54f3f7e02e08e7461441dd1f6617f6ff505c07ce8f1714c31e2957bc98aa4a1 1640680141086 1640680144709 3623
5f4ab0c0d5499930eb353eb85740a21283fce80012aa2620974a721e6193e6f3 1640680203367 1640680207411 4044
6f1b946b1306c39ebc4ce1ee0302c1b68e06882f8fe1f6decc4e52028f23d238 1640680265876 1640680269884 4008
899625c3746879a0ad4d457dae57a3676651f61d7db2675455ab0692e183cc9f 1640680327753 1640680331199 3446
981414cc6207a25a7562176a9b41ab1e399a5980f43f8384eafee16ecb11abb5 1640680389092 1640680392909 3817
e4044f0de19e6da4f51ab9a343264f6852df08162c2602f59b5448eced66feed 1640680450658 1640680454641 3983
978add6e381a2c92917850272e8a0fbf5c8f71d0b285faab911bcf49845b3a12 1640680512335 1640680515719 3384
c69b2a42507289f737b898326c70e5d52c4dc325de29836412e23acb1e2cbe3e 1640680573029 1640680576981 3952
0489f7bd5e750524899304f272fe667116565c62cb6a4e18a0130cf3f9b5e086 1640680634821 1640680637952 3131
449a9823023fa39c7f9991146e3b78ad305b7c88d28347a6b62992e8f8fe26e0 1640680696596 1640680700096 3500
3638f3dd253000f8f724775d3cea8573eda569e26c98e28e275aa535f066842a 1640680757856 1640680761850 3994
29659fe95846f556baa0bd945ea50963cd6fa8c3e07b1baea31715b528e20d3a 1640680820447 1640680823738 3291
ed97e520f8c03aa8bf9aac43908cc3bc96d3d606b5a43703ed69622f52f43ebd 1640680881417 1640680885677 4260
47d0f6140c045aa5afd0ac6284f179932f8c792f45838ef681d0943549fc43db 1640680943356 1640680946629 3273
5fc0f83d2cea7066479d8298cabab088c1ab717853f167d5a58f138bc588023d 1640681004763 1640681007547 2784
5a1884d5cfbf82fdc40bbd5ec3e9613ed4d57b7db1948b1047f930dad9fbd0f9 1640681066604 1640681070093 3489
1af547aef4559ac546955df36795b4fe64e84e74dc9bfc68688ea5d7684ede4d 1640681127971 1640681129243 1272
