1fc18f1fdff1627230882d5bfe573898306ef613e40735b814ec916239debcb5 1640678107665 1640678111825 4160
81e7ed22b22cb34239b396ccf0c112b952d2ff8d1a12ad9e58e2968164e8e524 1640678169532 1640678172698 3166
793ce75c5837b83a6d38cf4d6112cbc9c7488dec93be87ef6098bf7de18bd714 1640678231000 1640678235135 4135
dc306f84a8ec3505cb56081f55011d2897c13f068a3f003aa7aa02789c2d047e 1640678292884 1640678296098 3214
d4864b96a018b9ad9c548c5eadfecb3aab15c1dfa7ed20f16937de7f21049a8d 1640678353758 1640678357904 4146
23b03584d887393dbe61b2f2b268bb93529a74331f1a09766d88e56d8fd98200 1640678416157 1640678419521 3364
f792d0c57c631a9a09c9f1fdbc139bbca9afabd82e3ba15e1dee176ae59e5526 1640678477470 1640678481767 4297
e1786fc257827ba97f0bc73f018931dd0bfb0d273b3e6ac0175dab7b3a011897 1640678539217 1640678542943 3726
2405893b5e574e6d2da0910bf36952514625717ce74291dad44f0fe7e469e885 1640678600774 1640678604277 3503
568d1146ebc0467fa57faf36b438b2a6b1d59becaa534e07fd17432b73b24328 1640678662326 1640678665204 2878
10acc1af6013394a4843ffdad98fd0413d297b57a883eec812f2d4a7d562f797 1640678724507 1640678728099 3592
a80c89111c3dad5f1c68e27ddf1556369c35dcd55e16a3667bfcdb5c021788d5 1640678785697 1640678789469 3772
eab9450375c58ab93a427d9140e06efe29473e74b51650f97228cd84680fe4a4 1640678847503 1640678851642 4139
271e0d4005489e0d47d8d97796505a7158b5b335d38eb91a29b1c99b1b30d1fe 1640678909725 1640678912971 3246
abb8cb418fc8f2fd2c622af4c617bee75059c89bc7e42f5cd10e3bf3d827bc20 1640678971012 1640678974647 3635
f11cb4fbd10e6779f1070caa994060ace608d9453cf3051a0b70a0c4a09abb60 1640679032314 1640679036190 3876
8211d6524d9d80ce67e75705d8be7e81f9b824930360cf1ac6df90e4a1fc1d67 1640679095281 1640679098555 3274
d151cc4225dcd17924707ae567ce537ca4fc6b5aace54537427c94ee7649013e 1640679156724 1640679160677 3953
4354a9ca107a53c4a21208e1c86007805a9fda73f0b9ad3e43935c312b709e22 1640679218278 1640679221590 3312
3847af773576a3da2fbf98153950dc012b3ae21dba785a8523389678b7db8773 1640679279113 1640679283217 4104
cf795f7ccce5f79c75a23b5831dcb71791bdc26d55d6849d9d06329d4e81d034 1640679341317 1640679344614 3297
b8ca2db47a22653cf1982501bfcc246f942f3faeafd772309f393a1127de9596 1640679402385 1640679406548 4163
a1c16b180df4ec092949fe0316bafd55e81a7314b835c9f4aaafbf70d21b149b 1640679464336 1640679467106 2770
89a787c72ccc1fd32d1983bf2980e13a8e7e5c2cc11f0126a0f80992c217cce9 1640679525916 1640679527373 1457
6b41164d60067d74c0c22f0e7d974e61f216f99d5a4321a968ed82e222ff687a 1640679587803 1640679591578 3775
93974fd26a37f85a767b4ba48df9f2ea672b9c63a919c71727e9386d09d00628 1640679649017 1640679652798 3781
a307b2a0ff22052422a170d0e5c1e0b9282b7505f8712451f3ce6745820ff8a6 1640679710599 1640679714038 3439
6fcebc956672612a82f41786956eb1d35aee5ced6ec10966804c241a4a8f2aec 1640679771713 1640679775238 3525
18db36c80403ae952c709d706b30a6c150f9509c909e0c6b9ed4477485088b90 1640679833166 1640679837244 4078
a99babc6222056f35bb0fc7e14d5d18ad79b636620b71431a70a2d36b44a70e3 1640679894534 1640679897883 3349
f76d6a7ad068fcf46644885ed600a4d7b6112122b9443cee71199fb99014e45a 1640679956404 1640679959865 3461
2bda2d6b05a7cc017d4846de3cd72854cd330a3b4d4bab7d9403538b5103db2e 1640680018343 1640680022993 4650
dfc9f635582b46f696eb8ffd001b7188abc976f0974fdf67c63dc445048f4b6c 1640680079812 1640680083436 3624
efb541e6a153fd171d10bc9e35e4a45d229ad3078c0e050e6bb630821243c69b 1640680141058 1640680144446 3388
7fe631d0641e3da2121fd469f38aa93985d0a7f44c78762aa89f22d00c5f43f7 1640680203352 1640680207453 4101
22ee0557e90f9cb9bada74c01a49866f52b8f35fcb5ce1737eee54fc81d7c709 1640680265860 1640680269909 4049
d90b14c6297def4c8bc38bac18568cc4c2e6c2f42e87f3c881881c86726d0c91 1640680327729 1640680331192 3463
9aa5bacc144d1a821bf348e3814dfac5b1dbc7c4cd086db40759970f4a273a03 1640680389074 1640680391348 2274
ee996ed2ef0ce02858e9c52a7d17e28a2bfc41e8911de8fcd600f0b154202626 1640680450647 1640680454789 4142
f32971adf8f396d242787b377ce7a7428be556bed7b1d3b852d9e2897648be38 1640680512316 1640680515001 2685
3465295866a4d5b382fe1400bddeda3524dd8e20dfec634edaee3b704f2da212 1640680573013 1640680577078 4065
551c6b020b405a78d9a0411cc7c253585663bce10bafdad4de539f04ec89718b 1640680634805 1640680637244 2439
f48e23b551d0d55fb878a99e4cc8824777decee91eb031c679a1bab2795460b5 1640680696570 1640680699101 2531
5c1b38f4f1b37eafa44f7040ce2250f212ca75810722cd3051e8e36d7a7a9acc 1640680757839 1640680761898 4059
9d48f0916bf61e18e9a93c7e631aa7ce1a85dd67bfc55215f1b52940ad23867a 1640680820425 1640680823300 2875
e96f6e308cc618edd0071cf7a9642e1b7698f08d75ef06884da7ff22d0c97e62 1640680881402 1640680885708 4306
894d35fc4d061a6206b165316fcafbcc6bf9c6e992bb7af31838532b9ea17466 1640680943324 1640680946317 2993
d924cb8e5c52de4dc760a727c1433d1602000b5adfeb3536da0d8808ef59a354 1640681004743 1640681008758 4015
20115b0d843cc4d6b2148cdf4ffbea649fc0af02dace2e4a6305b58fc6f5c7e2 1640681066584 1640681069833 3249
c81ffc6ee4221c94651f968fa00b1d962a3f647a79e6338ecc3a62bec8053344 1640681127955 1640681131875 3920
