2d7302de680fd86299b0abf7691edfce2962ddd274e09b898295d58d137dd18a 1640678107612 1640678111126 3514
42aad142c76ac37fc4a5699614b49b13ee9b8760043b869c6de44af8e622be68 1640678169473 1640678171012 1539
f6a4719ad45ef22e879cf1514e8317853db1f096a192a432335f9c23e276601a 1640678230936 1640678232692 1756
a132667bb59e1d69ae709306c3a201355b780131a142ad3311a69d43f4d6bd4d 1640678292821 1640678294353 1532
e00079c3456d20547f5f3b8ce24875dd5075df25125cebb3573b70fc89471968 1640678353693 1640678355424 1731
8b46850b84d4896af66d39ea095e4c421ef7609a9d8fdf41f89339a181007ad7 1640678416090 1640678417663 1573
5b94386eb737040f707596da92a550fdc1dc382aa582728f9e43b427bff9934f 1640678477396 1640678478921 1525
40241a13cde0127a7c36632281197af7c4554dc6f7c9a7f45d3b50d820f08902 1640678539145 1640678540695 1550
19b3c97205eb335a06c04935536765fb7111f8e2e9f688317e221f546a508241 1640678600693 1640678602137 1444
c4511a1cf691a78edd93645a53815a910885980ccd3185bef789742933b0bc3c 1640678662261 1640678663699 1438
1319b71a97d601d11c96759484cb0a7021df3320cc104c835ca5585e3b989424 1640678724422 1640678726015 1593
2a2eedc58ad5b626a1afc359d68192b43d722780063e4b5ce4319d7ddbe06626 1640678785622 1640678788079 2457
ad1addfccf5f9455bea8d837c8ba25e08a41cddf29f2d67574370952ad8afc5a 1640678847421 1640678848890 1469
4c45b14fe6625928d80c20a22cdc11aaec0a3622e0ec2ef61654a9122ec8a816 1640678909647 1640678911033 1386
682e8c5656fa3211ffdd48dd8a466d6f90b5299ca20689b316a334fdb400ce10 1640678970917 1640678972668 1751
df50bb136a856828aa8b6eb285a627cd2e3c77800bc125b41ac10221f86c0c1a 1640679032227 1640679033589 1362
75d60aaf016810eb8be93154cd8f3767910bcc6741224037b7c7e6bbacd67c5f 1640679095197 1640679096733 1536
128f1db5d49da320650224280957620b459d8e17da61d2ee816f4da60ee8464a 1640679156629 1640679158451 1822
5d6f23a4ce6c058716906c1517467c953bfac3d3bf65de19d197b63c4bdfa6c2 1640679218177 1640679219798 1621
0a69c4abc563125d7a8774f42cc1f728c74af972cd23192a693f94e56c696353 1640679279034 1640679280232 1198
0cf18a890f978a743c3848d7f28eddfcf54a93f6ed3a8773719a53172188ed36 1640679341206 1640679342699 1493
6d2bf8bc67485cb3c4ac4d7c59c65b513e1f5e3d1d1fe6e8b93ddeb9ee015458 1640679402289 1640679403916 1627
c1156fbedebf76ed290bd2bc8db8d2f6041285df2d640a32a5a11993aeaf8284 1640679464243 1640679465579 1336
39b5f5ad3ecccdcac4b1ce3aa7c317785dbdbf6424728007a6f475f44004fc39 1640679525815 1640679527434 1619
14c63a53cf410eeed3fdf6d2da53cd568fa8b6d69952e35284bf2f3df39780ab 1640679587707 1640679589248 1541
874ab1e1025921f5833c7827a58d009f4c36cb9eb6f0602ca00fa23970a9b8a4 1640679648913 1640679650453 1540
f8b8f458efd41545889f686d587ce54da555c0d93d5c30de63a8e133c5e11c6c 1640679710481 1640679712101 1620
ba837e87a87f8a4d42e6547411ca0477ab4906ddbcf80f3ca1a0f8b77eb7540f 1640679771622 1640679773123 1501
445391d3e6198ff6cc333388f7ad1799e17d2a26abde1fa7852482dd1f0aa871 1640679833052 1640679834415 1363
726565a34ee2932631dd8f0f3e0621f8296d2be949e3c0c4dba6a286ed7bfd12 1640679894417 1640679895675 1258
fada2c24c5b2ee772c7cb9fcb01625800eec3c70468e4ce4b27fd189ab640151 1640679956266 1640679957650 1384
e70b00b6b3764fd1c1cf8615bf50747a6ef30377dbfe187878a7c66026645e8f 1640680018230 1640680019439 1209
93f2316e884612647674f5ad8536a9b26b7b0b7af3fde9f57a7332bce8252983 1640680079686 1640680080896 1210
9077bba86104354090e3dddc3ace384b122371311400cc6903cad8966e9393e7 1640680140923 1640680142702 1779
7e60b45f57e90e2ffde01353a6fb67108087ef2e80b23574c6993e1dd37cce08 1640680203241 1640680204660 1419
a6c90f33eb37c79d685fbc619f37677084b952c0c6e20d9a77f368f85a3c7393 1640680265737 1640680267031 1294
1a7853defa8e59fbdc06684177ef2e86a8df5ff1e4eeab20d71ffe4c8ab51ccb 1640680327601 1640680329483 1882
b7b5fda9b2ce9d03ab4acbb0543cf96530d046b2c35369d2cc43a8a47abafe4a 1640680388964 1640680391531 2567
fc046cf2d93a6df5c0e0cc9e4fc4732333325cecab46affe9b78ed5c1b7ced36 1640680450535 1640680451741 1206
3464ff2fa5b3e47f4e802e72f6a64c52b48b0228f18754b7bf384c99c5bbfc00 1640680512176 1640680513988 1812
d6f31442acaa1f9a62925b6f3e447867f12febd2b6161916187bd3b1ebe37695 1640680572904 1640680574624 1720
1d46332f2d63ef98fca73a776018e0582d52d94b5969bdd0b518ca47128e83f6 1640680634688 1640680636300 1612
3feaf2ee6b48942040dbe80ebeb7e13ad93a350f902f699d9f18f4906ce24b1c 1640680696437 1640680698270 1833
961bc7b85a912247ba84750967d3786d495b5662a91171651ea315ffb93c60cb 1640680757709 1640680759564 1855
f4498fd07b45157f9e602f7ba154d241b52972df5f136ea5c5000e874170c209 1640680820293 1640680821364 1071
42566a07eeee1a9189b77d5045fb7703702f7f9c776cf64102d489e3041dd274 1640680881283 1640680882581 1298
56376d90099d4871788e9af1a15fda699101371a033c3bde8a55296599fff14b 1640680943165 1640680944715 1550
1b9a90dc3759efb625220e0502b8bc9a73736af723486a16d202331750df9093 1640681004599 1640681005765 1166
b254ad39ff00bbc1e2ae27f5b691964f912e66b1f9c8a1b214446633a5068aee 1640681066426 1640681067580 1154
33804774bd6eedaf7ce9e604098384098b0ee1bb0a03c5a444d8bd59a0e755bc 1640681127811 1640681128882 1071
