7be493724042023eff1e1f8327db42f8e30c84eb5c3b403a7561d4e92c97bc18 1640678107675 1640678111679 4004
06e0253054e626012501af01812f6d6b0cf9cfc7c7c4e985335ff20f8b538ee9 1640678169540 1640678172494 2954
b822086a6bb1d7fefa9ef753262f2d3b59a7b34235899199020375547f7234ae 1640678231011 1640678235268 4257
f2a7586ea45cbbcf711dee5fd845fe731dfdf1776b07b53b713d08d287704e0f 1640678292897 1640678296013 3116
5eede7043d6b7251a489f9f72f25073f73c7e9ef8c708e94f9e47b551fc9ed26 1640678353772 1640678357973 4201
d7c5104bce7badd772bc4a68d52b5e29c1a48f29ac9e734a256a7aaf9162f341 1640678416177 1640678419502 3325
f4eaee91176c1275c89a995467c5ea6dffbcc179316ddceff68bb4a2ab01cf9e 1640678477481 1640678481880 4399
1a7cfe208a4e776cf708f3d53650d2baf4fa7a46b3852610ce52b3e70ed8f2ed 1640678539229 1640678542827 3598
ba8d094f65defddf43233c3bd4377073d60898c2839bca87ca9fd5d816e1aff4 1640678600789 1640678604608 3819
4671c3787cc511e609ed3ea102407360303bba42adbc4401a7c74f372265b2d6 1640678662342 1640678666236 3894
9cd229f682de6959629d921567b634411bf4dc029a766717f82a482b47d342b9 1640678724517 1640678728141 3624
685ada4895d20d9df784a142a728b13fa7554e9efcd6812bfeca2cf42793a5ef 1640678785710 1640678789157 3447
6e3f51dbf6c380698b4e0222451967178d5cf6a69f4fcf0e15e9c169dad1280e 1640678847521 1640678851547 4026
434ad60974379f299f4659bb82b061d1ac2e2227ae108c86f21b4c4c54dca2f5 1640678909743 1640678913131 3388
232779ff0d74625eb998fbaf638b75205dafa7d0adcb3a5a7495af513b1f7ee1 1640678971032 1640678974579 3547
830e305f8bf7751715ecade17ea40165bbabc3e1a3400bb2d8f85ddc985c572a 1640679032330 1640679036529 4199
9b1a881a6afaf578897e6b66647b5d720bbcca13a7bdc83c369b1a4a0f7c52fb 1640679095297 1640679098973 3676
3f1d4e8566310ef3785bd39652eb765c58df597c4a6fdc21e21c39081be1164f 1640679156743 1640679160801 4058
dd55d50cfff8f639784af98d6394d0a67e76afdced5ea45bd0891858c1017062 1640679218303 1640679221614 3311
7928339f87782d76079339573e68ae39b8c80cce4a4641f78f27bb2deb0df034 1640679279130 1640679283354 4224
fe5b8a95fab68884476a569bacb1373216880be1c49cbd7c9cd1f57376dda8e0 1640679341341 1640679344907 3566
931e814e2d8980d3957f2c37036a9cf295755ebe9b1f78e07a988516024a4423 1640679402398 1640679406562 4164
8e71cbc635189f275a2d8491bd530ab9bd352d2bb915112866f31f66f98cf8df 1640679464357 1640679467554 3197
285eaf9ab5bcc376693cfd0320a6bb339805d04d6dc4307254f5bea287d480fe 1640679525936 1640679530034 4098
50fe732d9b8fda6928535daf8bcad43dddea43863fba6c7f1b341a8f2788cb56 1640679587822 1640679591591 3769
34ea410c6b4e3e57939b822c7dd7a96fb2549fc19a6fada5c84d3e4ccd5b3f2f 1640679649038 1640679653026 3988
3493c0eca14b70a1b6516fda0af35b66adc2af807620b81641af697bc2b9774b 1640679710624 1640679714157 3533
b7cc4b0c5b64f66068a76d009823233d8e9bd3d7f8b2dba186955ec674dc3723 1640679771738 1640679775086 3348
832e1495af9bef0fc3349d873f6c1416b6f2b5e2e9efecf638d080cf93a82ada 1640679833184 1640679837200 4016
67cf4bd4a37945beca287595e78ac343a68d3d8c9f2dca54b5e1dbe5b20424d3 1640679894557 1640679898276 3719
330f62e24d681c410a7351d837789732b6cac6b6e84ec487da5990c9c813b277 1640679956434 1640679960032 3598
69e6fdc38ef2aa9f9a65a5ecac302794450aa800f825c1ced7796badea0c7c08 1640680018363 1640680022389 4026
9b16fa602bcddac07641b0e25155f7fb4426db9a595d96fcc2177de3a4e94606 1640680079847 1640680083483 3636
9dd3098568242a663b9a3eb613a0145516081880afa6a2e54a15ece2e1bcba6f 1640680141091 1640680144695 3604
f67232d6aee397d6b0121cf4c7c73eca31478e84409ed3be614fb29fc608f7eb 1640680203371 1640680207292 3921
188a59b9dce9af3719a88fa230f8617918816de1ede84df3a097206bc6af3ed5 1640680265880 1640680269852 3972
ead08f2f9ee19d0f6cfc07b41ff44bce04e744aa8964dfc61b73b43fac1f8f57 1640680327759 1640680331178 3419
ad7a7c8484de21f51a10a32a68cc80d844d7976c4efc43e7a5ad6aaaf30063f5 1640680389099 1640680392898 3799
74bab67cfb065f0130b1b7ffed0f559b022d8cf3a0251d84a6e15059fd8818b1 1640680450661 1640680454517 3856
1949d2363d69eaffb544aeca35ba08a5d13a0c4d328fd9ec87dfa38503e05f07 1640680512342 1640680515662 3320
8e610395107c6cade4ec6fe929f0d44b68c19eeb97661a87371182c8bff7dc16 1640680573034 1640680577058 4024
810a734cdb546934b6feb455ba3e13276d3365f48c7125a8ecb0484f11565ead 1640680634827 1640680637942 3115
0b9f7cc9374fa3505cb75b235e3119ec2b84832cc8b87cea11216b7856010f98 1640680696605 1640680700060 3455
3e18a9c7fe4bac5ad2997a06f15ab852ba85d113cc7a724cfe8d5c88030d2b45 1640680757867 1640680761941 4074
fb000ee1cb191961eca33f12fbf0ba067478e092d97315fb2201338d98ad6031 1640680820453 1640680823745 3292
5abfa6fda749bd640d50850b2318f29f494fc97f06dc5c5c2efccd1867acedc2 1640680881423 1640680885695 4272
11f7de3ce84ee61c55d4cddff9b77dd4779efbea56e94f6920da573380512598 1640680943363 1640680946775 3412
5e75f1c41ef454c660829eea47eb2e8996e3531d863895e3c167171f57c3b7a4 1640681004766 1640681008832 4066
784d42ff4c1379e3366b866ca79be14adb280985246dc8285ac7a8bdb8ce2eca 1640681066614 1640681070087 3473
458be53467fae2eeb96d19f267b0aefa66512ee03bff4b569862ec307984f0f8 1640681127978 1640681131904 3926
