23c730548c33f00368daae1f0cade762550dc20f1307988b02ce28b8ef0d6da4 1640627506838 1640627510112 3274
1719f0d247255038bb03444c424a51a40a5e0634d7e261fd6d5e1e0d99953d5c 1640627515266 1640627518657 3391
7b8e6a0d37e190f5fff0c0250dc732aa060b741d14e78c6b8e97af704e5de960 1640627523943 1640627527160 3217
0d63431f8b82150a4ecfdd7a4e1425e3b16610117bbd1a6328b3ae7de8756e16 1640627532310 1640627535260 2950
a1a7ec56f91a37326c22f72112897461d16c896a9fa1445b753b1a0590138268 1640627540492 1640627542742 2250
3723e771aedee1aaad784aa7374d8e0dbe6c17e6ddffd61fd29f2cb220d53fcb 1640627548672 1640627551863 3191
f53ff6f83ff34ab7d63c051a92abea5a139f973cc9449c5216d7a8a72cfb3ce7 1640627557095 1640627560426 3331
e870add1d83071f2110e04a90a7d6c2cdbc04946e35ba3bfdc497537f9d20f6d 1640627565885 1640627568855 2970
4abbad551ce03e88d025ea6bd4ada9ba36be299457840e5bec7991647bb9d195 1640627574533 1640627577606 3073
a2835cd4f16116a17c6953d9cc5dcc1505e5d668b9c7039274f58325689362b8 1640627582847 1640627586652 3805
dcec69bc11d23fa7b53f17c16b81bb6da84dac60576649c3d0b0b113a6173a6c 1640627591797 1640627594799 3002
d81e0bdc167e6c43f7f83cae45d71f2946d707525f881370bd92401cfcefdc4e 1640627599962 1640627602550 2588
e5cc7daefadb2d16a7dd0bb1ff1898712c0374b6d25bbc7b7339afc8ba839c83 1640627608036 1640627611508 3472
174011e16aab4100423a60fcc5d1baeacf4b25b17c62019e113e13938aa7ef50 1640627616650 1640627619600 2950
4bf55a3abcae8b02577734a78f17027a30b9ba47e7e9e040e506514f722379bb 1640627624713 1640627626964 2251
fd66ca7bc3e81541a285b33ff2487bf5a85a49da1d808e3ef5603946faa335df 1640627632281 1640627635245 2964
c536c5b3f4b8679256a23fc9044b63801028643ebcb3eb5c6cf756b19e10eed6 1640627640478 1640627643373 2895
7ca70f6930d70dd3bc748ab3f47a1175cc6d84692b7072b1677a3dd3016e9fe9 1640627648671 1640627651201 2530
18f29162faac49c1ed6b6e5ba983a55cbc624205002f1832de03362af38fcf8a 1640627656755 1640627659775 3020
74973f15752250fe61359e88e313e4a487717c122a98d00d93c932e2557d1ba1 1640627665015 1640627667953 2938
