a66abb617777485a35c91abcb887c7bc73da7ab6ae54556235f6c111e513f60c 1640714453903 1640714454360 457
a3bdf32de881ee726260595825c025fdfe7a480d5c4a53de69b219119e3737c4 1640714458822 1640714459277 455
991829c34dd09a90729d7a644aa2c54e45094207c3ca1d673ae24c7c6ce5286b 1640714463617 1640714464086 469
fa68420969a321887b2768d29fb494d62d1942e8147dac44a6d860685ee8ea9e 1640714468481 1640714469022 541
b1ea927fe4317b1a4306b55b2f29f23614d08eb03a0b7f65c7bea876a997dc59 1640714473543 1640714473979 436
e40dd0db75dcc047967e26cdd86314a64ca9e79ba112eedc71a27ba3fff89f59 1640714478344 1640714478825 481
8b49aeee09f73a2e167d7a2bd5c276e6c1fb9e1e4cd6b78c2f0b0026d8c86822 1640714483166 1640714483753 587
c8d13b09c29faf674ee80d77215ce345b6a51f87c7496cab6ad5c13ac849fd29 1640714488164 1640714488765 601
4984e3cde710e5d20a7b4e71f0fc439a89de1afe14f280b8867547bc828b959b 1640714493230 1640714493688 458
9eb4e6fdda8a32f75dfb58cfa71ffbaa219a8929f84992a1ed94f2da76d9a020 1640714498035 1640714498479 444
37e5ccfa87a97caa967d9d9ef9e10628874823cecca54e5cc9a1702c84ad6daf 1640714502811 1640714503336 525
2f8653d14240dab584102a39c472f661496de6c406fad0dcfe87e4bab64e8493 1640714507802 1640714508425 623
479710646f306e28ce573e16881718a762476e69e3df28e03c10126e63650490 1640714512850 1640714513297 447
9a52b082178671d7dcf278b61c667128f89dbc9288cf254bd8cad67d7b136ee1 1640714517725 1640714518174 449
0d36b85c2f83bab352feaa2496ec744e6b15d4ba25d18a5560bf31144e680261 1640714522545 1640714523009 464
e6405117246688ae99836aa2ed07dcb65372b897d01a16ab011985c8b40e5d72 1640714527330 1640714527793 463
78a50c63864ec6dd47ea1ce3478798e927a7de286c948a78802fdc970b0684cb 1640714532132 1640714532678 546
e7c0f7faa7c10ee5bfc9067261bfd64bc740681010a1f122a5d69564392ae53e 1640714537107 1640714537646 539
ddb7e94cae6061d524ac9989bb7ea3e6b0e9ef860682c1a8855e50a3bf080436 1640714542083 1640714542529 446
e2609b407cf0c0a3646c2ca188f7ba5df84de6a75a5ee4e3136c2e53837ce70b 1640714546879 1640714547320 441
