13b7df4d39d30756be483ae04b468b43f68cc5d137ddbbdaac050f49ec2966d6 1640714453902 1640714454372 470
49414a1b80fda08d795954e614a6a1a5fc4e706d287c407e6a9fb55d74c80d56 1640714458821 1640714459277 456
a03138791ce3055797f308bc683ef26147bf54fa209aa715f2e18802ae720f0f 1640714463616 1640714464087 471
2b5de8e0139bfab7830da353e6837a5ba793e9450e06a17e931c090b7120952e 1640714468480 1640714469040 560
b07fe6d59c6b7ee1c9b47fa9a819616ac1a15f3b4a81933e2a79f22dd47bcda2 1640714473542 1640714474007 465
686cfd95010cfd83ce331643a2cfd0dbdf0ff4b5124fe9dc6304c89388e0f6ea 1640714478342 1640714478794 452
edb4778e8fd29db6ee859991ba8342870ad6cdbedca3bb0fa87c763eca8760c2 1640714483165 1640714483753 588
527e5139e11221a2d470647715708e383bef7ce4206ce68f2543a9eec046467b 1640714488163 1640714488764 601
ed9c5921b25a995e901e8427fe101a8cdc502bb65055256b175373cb10df770a 1640714493229 1640714493688 459
0ee8a13006db3caf72edb46d97d744dc7bf07eb0ee613e41ad21323d3833b253 1640714498034 1640714498479 445
7c1d9b58e3a65c38eba5312766ea34f74649e31fc999271cf4120e65fa7427bd 1640714502810 1640714503361 551
c6cad016bb77ad522a55c5dd96cb6fc5bfa0812429f4c463058e302f55973846 1640714507801 1640714508322 521
24a560a0d47314f5bf3a444309904090a9d0541f214106ac2ec0854b795a1556 1640714512849 1640714513277 428
b257e83c3fee3c2d647912179dbfd216d370617b2a0658ae599525a9caa82e28 1640714517724 1640714518136 412
5d5e29bd92de35f051e1fdf370f89afcc41579f4fba778a1958e602e5433717f 1640714522544 1640714523009 465
6fa9e11ba6fd64b2df019d9bac5028fca3337088c41c4379802b28087e895a0f 1640714527329 1640714527793 464
01d123691dac595d2d0ba510afd827b0f73c1e95e134d18658b39cd87a1d70d6 1640714532131 1640714532678 547
9c7f4ac65b63693b3d96c4105d6f83f89ecb3a9c4da30ba2805d45c12b068f74 1640714537105 1640714537646 541
083522bf193610e15ad123a2ee9ef537deb398988ed6b8d197ea9c8f8e8feece 1640714542082 1640714542529 447
0ab08eca491747a09730b392c541c06de91445378c9e3d6c2e868a5e5add25cf 1640714546878 1640714547320 442
