38a5d15d910ef2d83c8cc03dde79f8bd785a0459c3a54f17234ef2e08811df6e 1640623000400 1640623002112 1712
d039ce584c40b2e29337cce129b74fb21694b31df5b7c84a80eaccdec6d9d825 1640623016985 1640623019251 2266
0be2ff0426d53a54d3e9e40fed5984500fd57650cc3067f6b049c6c814f48c49 1640623033162 1640623034414 1252
26f573020a440703a153b17f1c52e30b9bed3076bd18bb9b8a2061d851551368 1640623049140 1640623050958 1818
d13f596079b54c8be0a956216ad75feddce3040e9420b1dc571af24eab02ee1d 1640623065621 1640623067741 2120
f49f361cf66d853b4ad06ff1e00fcf8ce4cd8ceaa460735bafeecd2b63f14ecd 1640623081701 1640623083235 1534
2e00d119be3204776855a691de7f3eaefdbad960e904cfa38be234f428929e44 1640623098012 1640623099295 1283
57c8c7a79019fd03a644b3c78ab04d79178ca22d76e02768841fedebdbb4c16a 1640623113972 1640623116264 2292
5ea4a799933ead0f19a858bc3e8212b7eb10922834ca1c61f6e5c46c9c0ae712 1640623129982 1640623132236 2254
975b0c473a5e1d47c711faf415b02c5c34c1cdecc5fc0e662f3a74efc92f4ab1 1640623146317 1640623148294 1977
9f1cd630194a4edcb424cefa1bd9cf2a8785f54170d1f0807f8d10aefeacf7c0 1640623162583 1640623164413 1830
42516991aac41606b30e5306022f3d45f6026ba309e30c8ca58db168e777a063 1640623179313 1640623181223 1910
bd7618031bce0e1b47277f217758f88616930818b8a4d93f1c651b3b9bb8966b 1640623195416 1640623197131 1715
ebdeb77d1ae7861dedad8c9f111bfb1bdfc67fcd0a13b162d7073d30ff328b2a 1640623211794 1640623213431 1637
7e02d64d4f770bf9f6b5550fa61bca8091c41ec066c9b6da4ed26e225f41521a 1640623228080 1640623229702 1622
3662f06fcba3688e55737866e1341e4474170403c30cb8985d2c66e209630326 1640623243919 1640623245959 2040
38144b68aae533781a33c9c24d5f3445ee2b1db901e0226a82a6c23d141cfcd8 1640623260171 1640623261685 1514
d01d779aca05247efa9d55a67d1759532fb2f328401caef10a74e0e685d6714b 1640623276526 1640623278057 1531
92a30edc235b0cd2487e0029d9d5443e08211b46c9614dabb9c57346747e0039 1640623292517 1640623294333 1816
e0a137d9a43870dd1c932af1635fb4733da20dbfa24e73c2149594a8dab92fc3 1640623308457 1640623310707 2250
