0dfbd283da75dca7a7487661737687c973e21da9cf3d72971691149faa0d32fa 1640623000400 1640623002125 1725
799406d7c2129a96f60f5e6fd1e2116b36257670d69c99b20873e1b1c8087862 1640623016985 1640623019049 2064
30fe649bd6fcbab336b707ca0f34486aa6f640f05f001877ee2fb8a1753aeb1f 1640623033162 1640623035320 2158
e5e4f0a685b229151179c071cac4c4bf97f3cfa57476442c05c7c0f9bd4553bd 1640623049140 1640623051516 2376
230b24d50a4446be96f23ed0ef54f0fd2d42a471866ce7f208df020b00d476a3 1640623065621 1640623067814 2193
ef068151b7c0f72e645078572789a3213125141964af5a6b4d3ce7c387c45bed 1640623081702 1640623083875 2173
c9a0270d6103d73b98b64f70cc32c02031f643354a4ddccce80b7b0d0bd48f79 1640623098013 1640623100093 2080
fa298ece9046708712907d2486fbba44b974b84ba10f36be9ac5ba279c32e561 1640623113972 1640623115724 1752
bfc566e965298a6317ef015d62926c384afc8730c807fd1ab33b203b66a16426 1640623129983 1640623131952 1969
546ffa53e3cb3fef5b44852bca7677e889514632b48c80abbe14248ff24586a7 1640623146317 1640623148705 2388
5c4ba6e5d258e5fcf8ddfd7cbe5dc4760d0acc5f1198dea7cd37a2040791c23b 1640623162584 1640623165034 2450
287f1c55af8ea0bcc931be4e8df9bf380e7727aead6cee71f6f615c52d2f9819 1640623179314 1640623181121 1807
a09f6bb80d54bd901cd4139d5e0b6fbf02f3299a7ae7a95f1baa4bb34d59b79b 1640623195417 1640623197067 1650
fefba28d682e49a771aea20fbe24e3a1b1638e3f4c1177bfc9ed8392dc4820cf 1640623211795 1640623213652 1857
91453435cb405fccb5ee72102655a6ba23da506c7a2948ce8e2d368a7a63111b 1640623228080 1640623230341 2261
31ec051a772ecf640e879baa8c57494ebedf2d5786e832f800fd109a3fc87d9a 1640623243920 1640623246231 2311
13567e0dc219725a1083157489587f5388c8be83da39ee37b0b9c61319ee81e6 1640623260171 1640623261268 1097
e024dc0b92339a426edaa94e499bfa4c5bd3ebab6ff663dac5fe35c4fa03879a 1640623276527 1640623278052 1525
d9bbcbfae6ce6c9eb22d39df83f105fa3007f3916673cea222dded12bd98a97f 1640623292518 1640623294678 2160
f523be37efa58914904188ffe3ecc7a2b00203c6cc266f61d518a0b90a69ebb6 1640623308458 1640623310330 1872
