6a236c602f2a04037ac868b856134ccf2b6b8ebb01e6c19cf2b42303e038ed61 1640623000396 1640623002642 2246
6224783dce77fa63bdb6b939fb8e68241d5db814b76d68917f7244418c16e1f4 1640623016982 1640623019259 2277
bbc4690c811d4219a7224d883ea4190053224c03bf1f6f50e31c9a54d71bc834 1640623033159 1640623035423 2264
b4704432112dc73a4bfb4f95abf5a603bb35d39a432798f2d78e026154ef51cf 1640623049137 1640623051528 2391
7af6155d35a0d74d832a18a92003c7947508c2dd995b8a6e2fb1e7c990d60ee4 1640623065619 1640623067602 1983
ef8bc6d366c3e4f343d225ee238a2588d78cf531fee144e98c2095d70e21473b 1640623081699 1640623082993 1294
daec35bf797167f18a4d8656ad5bb0c1f430bdfac27ca487c98d3c7579b2766f 1640623098010 1640623099300 1290
0d2eafb815a1df7ca7622e91dc2f4b965324e555794b5a5e13491436af237965 1640623113969 1640623115601 1632
76df2274a944bffc9d8254334d302247daeed68c6b1b35bd85d91ac75330dc05 1640623129980 1640623132059 2079
6df1254f614676d79cc4a6a6819e1fc8fbc129bf11906fbfb496c65b62ee9655 1640623146315 1640623148105 1790
85799365f3ce9475fcf95f01d3b00faa996c8744cd315e123b9edbb12937a2a9 1640623162580 1640623163877 1297
dcb85bf7557e5d2273b391ab134fed63e56b1a9f7be4ef5c757cbecaacafd657 1640623179310 1640623181689 2379
6ace63b27f8871a13c9c65d409ebff9243b3d22ac498e11cf44413d7bd743900 1640623195414 1640623197149 1735
1dc8429dc2278f60ef33c024b5d04c8cac32849c18c1755c277a545ef1d82a41 1640623211791 1640623213317 1526
f48a070e4fcf783cab73eac145e6fb19f618ef8c37493f77ff87c4687a34aa9d 1640623228077 1640623229855 1778
7be9c7946389fc0a863ac818d2924e72a29e5a1722c4f1d9426131d6e122ba43 1640623243916 1640623246131 2215
5a1b1942bc8c64fcc631d831821ee2b77eb9341aa432b1ad27becb0b0b7294c9 1640623260168 1640623261850 1682
440b9324a4a2f253e4e586b8abca751dfd13c9d0aa213f334306efa568fbffeb 1640623276523 1640623278063 1540
c5d5b989626c000770a86d7a2bda407be4d62f2f13bb888ffd162e8a5d80abf7 1640623292515 1640623293958 1443
a9bf5d1ac297d091df0062d938990f68c0db0226d6947788895bbdb4ebfc2b08 1640623308454 1640623310178 1724
