9b33f8bd42e6028a86c55528fcb2e5bcde15589b35f9711d4be61ec01c951587 1640695462579 1640695462949 370
521185382e4255759ff211a27670d62545fbdfd61065e055361f7dfe0e18b743 1640695464832 1640695465204 372
2e0478a06e652b1d3b121a5348473f4657f33d4a0349396c1e593e9767aeea16 1640695467147 1640695467523 376
0bc0f45130053a82a03767b4ccac0906411587d0b9c6094783b3d36059d5c006 1640695469481 1640695469844 363
c99bd97f24d3472c104ee2e00ffcb75c959c4ff905fac17d5631f7c37686570a 1640695471724 1640695472102 378
e75e78fe3e4c4c009f01f2e53667848657e1cf9785333e4de2b9640ca493292e 1640695474004 1640695474421 417
d0614977b1ce049731fc2827eaf7185d0a82701c690bcd661c4ff5473580bb3c 1640695476344 1640695476726 382
a15ad1710c785c60fca01a08d485c156cf00daf6429d5553f1c404cfc00de984 1640695478590 1640695478965 375
375716f4718c67ac635aaf7a2122d2d581a8a14c4189b4d359340687a9cf3586 1640695480828 1640695481203 375
b6ca7556bf48dc01aee458a5d304f4c5c8f78e4e3838945289c6a4306adb7ac1 1640695483212 1640695483593 381
fb26ccd0d8f3b67df2b6de8efd1f9ace615de983fdef42a514eee33be38ecd79 1640695485549 1640695485908 359
1215ea6d015dafa8d6d8bde353a55017dc9687e776b889159f1e04712378675e 1640695487807 1640695488170 363
f518474d1eec2170b3fc746665b2f85a5ad0adac8178f829bea83c0720cca0e2 1640695490149 1640695490525 376
68861f74a373718335a19e3f73e6ff7d24727bcc417612cf8f726d05ab0827a9 1640695492433 1640695492802 369
1ad44814effe23182dc3ee78f4a22df56a4b4b21a3a5d6b4ec564ccb08df3d11 1640695494808 1640695495164 356
9c02001b627dc65517f36d2a6e93442a48184dce4f76d460fd9966b142458d9f 1640695497194 1640695497562 368
d6eb3c07400cd0048efea191c22e565f7d6b2b65a3eadb33a7058f1484ad6471 1640695499524 1640695499898 374
ba7f0e63ff444c570a55da9f7dc6ef386119af392cced1b7b6cf8116b6622815 1640695502172 1640695502546 374
5e9e1fb0a140100e8f1c73d61b3e75ed509c98117f1a4e08afc9734fe4ab9519 1640695504527 1640695504891 364
0b2c228dbc7a9d0695bcfbcd5e9e4e87cfcc598f9e67bf3c2c5c770227f41fa3 1640695506790 1640695507167 377
