ba8cf16038d989c18df88af767e41e3d8012e58fc04750bcbfb862ef86ffe822 1640675914177 1640675915241 1064
3b94329552f7e410ffe5adc80473faa550dd5c47437da2361843f2797a7535d5 1640675957491 1640675958488 997
3936df7281c0e7c15d2346047df4ebb1189c2164f956fb6e982c4e108ef15836 1640676001220 1640676001885 665
5ba4e82335bbb22e7ced35b73281a451d71325152f25be2b3b9af23d595cd13c 1640676044837 1640676045906 1069
dae3325f8991d57bc2c0d9afd88a89044ca69885e5957df78df47d7e506de964 1640676088399 1640676089757 1358
5ffc7874cf8c3dedf3a3c9c618d8ac73242808aa0c91ad093e182f8c72caaaf5 1640676131930 1640676133267 1337
eb146b5b09b45fa2dccf72143799b8facc69f1d7f3974894e32a1504265966e3 1640676175902 1640676176828 926
f6a145fe3b44dbc3e5ba1ba0ff6302b58a57d0578267720c07568a4b914116a8 1640676219786 1640676220572 786
2a8887fab1a750093b2c697e1c0b72d5520c29dfa9f140315ccaebaadf1a0459 1640676263146 1640676264216 1070
15ba8f8f66adf208dd90de1bc2ab8f135305fd74b95816b13f511c77119205d8 1640676307627 1640676308550 923
b7b717d5ba9c3b35f42fa290f8f78c3fae69fc34909beffe385dda7b4322b596 1640676351976 1640676352855 879
76896770244135a4d401ff66f0f845f140cb29d0257469ed1f426b9bfdb04a75 1640676395057 1640676396603 1546
25b9a73cfa67bcbde2460f7e79076133f5bfbf75fed5983b10cbf748f6dc4b38 1640676438232 1640676439147 915
0aa4e494fd90c7854545b0380c70955ca777f5fc608e8c593aaca05f4ea7c64f 1640676481676 1640676482537 861
c74fe6465986febe1e674e0ee51cf354029084a279955befc1e08419a8e7adea 1640676525331 1640676526002 671
8769ac427176c7b5a12dabd31f38e5e6c092882ca95e22cab75ba9c98dd3c706 1640676569318 1640676569884 566
69e16ae196e965b04163736c93c4fabc4bb0921f1c6628193060c0b65c528ba1 1640676613593 1640676614584 991
bd4effcfd7efb313e78edf185c58a14062c8265f35f03aedf58d74a160c0cb50 1640676657361 1640676658094 733
0545e87e319b60fc7a4dab16b6c366913f6a001e306932ca9b6543614678a9f0 1640676701466 1640676702161 695
5c6514ec989e23d5e6935155413f0e90f7a37569776aedfb68b4354876d8bc07 1640676744928 1640676745871 943
10ff429e179d18086985e379a8cb6b0d44a8804081c1d3440d9f4d40408263c3 1640676788013 1640676788820 807
d23fb31578d9d2ceab705a30ef7b7cc1b5036ece6263342b74fbf266f85fcfb9 1640676831287 1640676832196 909
f359950e76837cd6dff96efe10fa7781d377055b1a4e89a207080f550b12ac42 1640676875624 1640676876292 668
766494c38d10a667b33b25bef577dbdbd77303f12be1557bb59157d4cec8590c 1640676920239 1640676921450 1211
3967ad71b54dec12537b5c52d408cb6174c7c5108a227c682caeb5686f850720 1640676963787 1640676964747 960
52963e660962d1b3b0302497d30af9cc37c75c5edb6a73e5c85ba83f9e2a8441 1640677007471 1640677008792 1321
3e3c74536e3fb1f34bd86fedce08fcdc43dd2d7ee33180d1494c22c92802c6e3 1640677050849 1640677051918 1069
e8427214a40c0917a63eb745f5332db9823330da6c82e29f6230205c42b7709d 1640677095550 1640677096399 849
29ac6f5be93a65608ef5f97cca436f1cf0bff2ef01909e3a23799cb262ec6c49 1640677139380 1640677140483 1103
37f792ac92d4467692d0e431e3a1b03509bc9d65405d2cce645956d3db9251a1 1640677182519 1640677184102 1583
481c5e2c1e95befc4fd9e82a58c85723e57b902267cbc9a887fdafa0ec173c0b 1640677226359 1640677227114 755
17bb39c7f7373f68d0adcde3fa2107d43f63d885a5a48164aaa9e9f40dfeb238 1640677270116 1640677271106 990
5a385db5cf49e69a795450ae2996c490dd28bced80d78554b591c0fcdc6a3038 1640677313747 1640677314515 768
329775a21d21957783c6fa8a96ca6e7ff6448527c4e0f9c10cbe3606a5ff4954 1640677357747 1640677358347 600
29b402d8f27cc68aee958472d8c9d9d6289e1de163d608dda346495525e8ac36 1640677401215 1640677402710 1495
dae9684beec145a380d805c1a904c9d024bb5c78209afd81dfc380ab7af63494 1640677444795 1640677445680 885
35b203c54b63ef75d7441b68a95a8d5a8c84842377c0fd65fb951d4756be3262 1640677489858 1640677490778 920
3538374d1f8cae4e5ff66e7c0017f5f3846b335405f66b3cb01bd9c451f95ab0 1640677534424 1640677535393 969
33bf0caefbe44c1321ca1ec6b803832fefe9c0b601ad51fd2ce8fff5f09f628a 1640677579436 1640677580209 773
399f465bad6b5bcf3d8b044b08a8531dcb8c1845492be7bad2340bbf0f5045aa 1640677623086 1640677623675 589
178dc24b56f406adae2f7cb74985a3854aae054d0aa4159bbab4ce3ee4c4ba29 1640677667011 1640677667806 795
7b930bdad72b25f3d61096a1477f11c0d5f8e7d3aa92014d666c833e6ceff0e7 1640677710396 1640677711084 688
2d124e0f6a27ba1f3e5318eaaf07e492263430a54b372d2ac18689499e097bde 1640677754000 1640677754849 849
3dcebc4befda94574db808297a2df6a9945c6de18100464fb84057ec588e8f9a 1640677798759 1640677799643 884
7256229b7b8b251eca3f57e43459267808e9f863e2aafacf020eaf501fcb75c3 1640677843057 1640677843994 937
6f4eb7c25826d753328931358671f7c0b453551e8bc8bbb82304f5ca58caebb4 1640677886643 1640677887686 1043
6101f978cd6883000a4db7372916042f1de270b0d17142c6f3650149ce7cad66 1640677929565 1640677930524 959
af092bc3c25310476cf9118310587fec325a5081f96e133711932ac54bbe3459 1640677974179 1640677974914 735
d666f21964ca56f8ce97a5489a3add09c5df795003ea988a65c2679214b82a4a 1640678018225 1640678019024 799
348c8bd226c728665d8a465d3a0f19a0d3c578069d67053d8687fe3906a56a3a 1640678062151 1640678063071 920
