f9c247644e17ab160e529cd4588d325f6ac145bc0b29def1618865a83676fb92 1640675914198 1640675916257 2059
82c35fba59a7e2ac44f8b60598d71d16a2fae4e03bb8f7bf565d0801799d1c2f 1640675957510 1640675958976 1466
ab34beca682451920d4b55a55074dbce25debbda0d160189a26f714a06201785 1640676001239 1640676003746 2507
b33d026160dbf25c301fc3074d85b85db9170680ec6ab13428052cb9c00c845f 1640676044856 1640676046130 1274
bf3d90be212732810c116dd8e2ed3e9757164ba8ec5940188651e1657f2f88a0 1640676088418 1640676090488 2070
0a9e9f6fb663bce03f1b6097c877a619757790cf915c032034f2c817f35e530b 1640676131948 1640676133584 1636
b1f93aa7701151823dd4c31f0e3344fe8190bb96ea28dd9e1ab53c0f9e116ee0 1640676175922 1640676177299 1377
a0e016c1ab0378a835335ef66a42bb529d57b8b9f5a6ba4cd292ac3b33471b87 1640676219808 1640676221281 1473
9f8499269d518ac5e3debcfeea656489b0ac7af5c304f814fbb7700ca882a358 1640676263167 1640676264909 1742
e2ffb1c6718608c844f58ab91974c32e546983dff7f060a68a7c7d87bf7f5d35 1640676307650 1640676308791 1141
eb168db57a4808eabf4258247df66bb11ac363339a7abd4c833a1ae36e152331 1640676351997 1640676353714 1717
5531d0d5f912d4319960e4521d31555f6924042170d96cbb44896542a8704aae 1640676395083 1640676396718 1635
96d8c70cba9104faf509276ac93453adedcf6375e038a8469546a3410fb51b8d 1640676438260 1640676439717 1457
bfafee35d4aad2dbf9a5bc25f413bb2fca7c5114118e34127b4ca3e3d2daac31 1640676481703 1640676483314 1611
0da465bf29e5b90133dfd5c0871a4c5238df9b2f3e893db6556a279d5f88ce4b 1640676525357 1640676526698 1341
31c035e6a21da878ebbd256f44d569f24b7634becb3797578587a09a82d6ec37 1640676569346 1640676570560 1214
0a9b9f641529037fb352fe8727fe5898c0eb8887661c1e1fa47bc445ef7c0bf0 1640676613614 1640676615548 1934
452a474d32c78e0f103629fb336867b448e02ae2e30fbcaa13236a15cff1a149 1640676657389 1640676658497 1108
46d660528aa0123c786d62b5e2dfe83a3dfad1c5e23399cc1054d84472ce340f 1640676701492 1640676702820 1328
bc09fb9bd84b1f2a87145d8bf4707025300333580eb3fbebbc2eec7df1427b11 1640676744958 1640676746431 1473
c7438b9292484a51a548ff2ddc890d52d6b764602d36146d3fd285c42335f206 1640676788044 1640676789548 1504
f9e5e539cf638581adb7976b3d553be12599b522f34cf6fc0b7cc1c2c5fa51a1 1640676831320 1640676833518 2198
b3c1d40f260257722950a543614a36ba6b365eac4ab2aa73663fa1f68a66001d 1640676875651 1640676877898 2247
c68f83efecb5198ae02c1b625f5f1fec17d9e8150b9702e421ecc592d3c8cfaf 1640676920267 1640676921927 1660
9d31f35c545d4c2b29280fc6c1561f38befc87b5ed3939f9cafc839f42375a87 1640676963815 1640676965636 1821
119146512b0626695549e563dc2cf2fa2f616acd3d44e951366af3af7e6a2f41 1640677007501 1640677009304 1803
a7d8666eb56e67c395f794ccc08bdca3f86e087fcbfa036fd7038b214c2ef87e 1640677050876 1640677052218 1342
4313bf70703d96c4d8d8d2dcfde78271f553c571cfe4a4f7c835424190d8cf41 1640677095578 1640677096884 1306
b8a265602d9be931c100c7b34de44d79b2b0dea7f5facf6eee378a1d41c47ecf 1640677139410 1640677141033 1623
ea6fdac38bf70cdb851ec1e3d6d8f27c6cc832a624ba91e778259d96f37ee700 1640677182544 1640677184354 1810
a11d9c2e8a469da203850b9085b7c65351d0211defd537b8d1beba979e0a6750 1640677226389 1640677228632 2243
4315459a68d82c25e9a42a93dec9048aafa57b7c79d9a1a209120308b52be7ec 1640677270145 1640677271772 1627
b5bb0cfb410e74c9b9a73e5366035f6e67741c67ab0296fd0d43e35a8f770280 1640677313779 1640677315776 1997
c3c890f9222f233669df7a6e07c1617b79e1ce3c11874aa84d9192e1ef839f2e 1640677357780 1640677360019 2239
cd18a8183821d3015d140ce16b6e2798abb69e27d4c299bbfe0c241891f3079d 1640677401244 1640677403624 2380
a38e24922ee12f1966adcda91dcdaa08f3e9a69ebd874ebc75f949aab37aa953 1640677444826 1640677447053 2227
16e93f205f2a5b966387e9ed2ad7f54e45a6251a383b304363b2fd54e842f7ee 1640677489889 1640677491217 1328
0d734e206f8d203738256b399ce024facbead45b637d7dd67124af9ba27800cd 1640677534453 1640677535556 1103
6b1ee9806682c00f537789211f5f6ee6cf3e0b58553d18e3cb1147fab32ed8a3 1640677579467 1640677580917 1450
b94b6e7c789402e88867e93eb8d51898c4b6b7e8e2fc3359c65b0da62d4e471c 1640677623114 1640677624334 1220
1e12b68435ede6b164fd8caad5c14c41a5a528ef0fa74f9d72cf57ee4e76ac54 1640677667044 1640677669340 2296
4b95772918607e630e2ee7ddf067f62195d3e5ee856e40231a637f8213934f3b 1640677710423 1640677712620 2197
f099d988b424da794c935105ec3a821f7ae54cd1dece9a55f9c307bcca9299c0 1640677754029 1640677756224 2195
d161a5c364fe53b89f9179b8143a0f6e91c0f02bc2a28e861e9b400cd0af04c9 1640677798789 1640677800085 1296
14edcd6c9b814d2105d1d550ae7fef8584df667d5365ef61c4d5257a2b7fd157 1640677843088 1640677844664 1576
d84e8b3c450c1efd8ff09a36a644fea6dcee19924d505c39880a83f4096f67a1 1640677886677 1640677887998 1321
630cbd512e9767fe749ffcd4379fa36234fd5c30ac8a620b26ad09296d71d904 1640677929598 1640677931041 1443
fc6cd36048fe5f7657e287e3e5022afaa621c9e461be2a97773637b34d2e7def 1640677974209 1640677975320 1111
e1cf935c9fbdaebf638f1584777121d99ad89d6c871c1245e481b2ac9fff3175 1640678018260 1640678019937 1677
247d1e8a74e18ce4e67e9fdb4a64866a2ed15a700a40858b631b1f595dc5d80c 1640678062185 1640678063654 1469
