fc1fc1961c010447f4467317e66fa7aee42c9f19101ec54c7928c877f75c47d1 1640675914223 1640675917201 2978
7301e6ed56622ff80cd1063ff75c44de89e5b3bc6e1d3928717c9bedb6a07674 1640675957538 1640675960632 3094
2f19e11a7f356183e098c329b858fd5a8953a44cc9b249823758ee318bb62f57 1640676001272 1640676004320 3048
1994af0214c285aa08930e39b4fea59d9b7808bfa20c98038feb234d64c36c13 1640676044889 1640676046900 2011
7a73ac8a3e01a4d3d3b9e883191a6a3cddbc8403ac9c358d32290028681b4f39 1640676088454 1640676090052 1598
5f20340b6e1c1fa66921b6b8d3db5411666097e795e85400ac6bbac226f565fd 1640676131982 1640676134844 2862
8260d439abe745d5566bfd993dff48b99373fcce7d32fa351e1cb113f31dcdd6 1640676175956 1640676178410 2454
a9d030e51b894f1bcb16f2befb83d57b991f4012bae5038788754c2bcb9c48f6 1640676219842 1640676221865 2023
a5d6bdc84e5e1d567222a569db3fdf163c5dc9cd19635ba6cadda4871c15629d 1640676263204 1640676266125 2921
10bfef5bb21050c1b32d275ba1dd27db30c15a6134c1e2ec4d433bf3a4f79780 1640676307689 1640676310639 2950
80fe5472d2a6816eb4247296edfcda4e2e0e588795ccd87cb7eef40e066ed121 1640676352037 1640676353190 1153
ca031ed4cfd0cb8dc75d3d0cf2f227d07cb349b5d8a3ca1a7404f6320781d972 1640676395118 1640676397464 2346
cc1d7e979d5ab36bba96f0d37682af0fe1ee5c3d5e9b82c11ed7627df086054b 1640676438305 1640676440785 2480
41ff82899120cad0a76a803ad9669287afc94ce2ec1be36b25ac69de4b841c9f 1640676481742 1640676484722 2980
2620d2808305e1e180af2d8749ffdd60f4dca4f28c5cc8062341db1d843a65d6 1640676525396 1640676527946 2550
c74c27b65303e1838ca9b4478f7d190e766e8dfaeb93a33ef2b1a606107769be 1640676569386 1640676572034 2648
d6dd77d2eb8265943bdf823afd95df27e46b126e9df53287adde6cde729c3d12 1640676613655 1640676615897 2242
17cf7752f8367136a7de77cee3ab1913f553b6fa2ff7303fd2011a11dd119338 1640676657437 1640676660177 2740
d0abc95a57079330fc9a14c9ad75db0ce0d9be969fca40d56beba0f5bc2f6868 1640676701535 1640676703331 1796
61febd5cffd0a5cb5fcf8bf1b1e512e3ebba21d9fdf3a2edf45546305fa17db9 1640676745000 1640676747664 2664
36517dfc404ca7038158ce40e609a1eb217fff1529788f915bcbab7b5f37b344 1640676788098 1640676790468 2370
0307e0d27ede9ce91364fbec91c585efb0431cc6c5395a4bebd5887d907fce75 1640676831364 1640676834261 2897
83e95ade479851ce33a5edb77acb4e8f0b1f26260356db4a6db8e84969360a65 1640676875694 1640676878447 2753
1ae3ee68aba9b01b11426da29b2832ad5fa413542bd786415681f63a25d4c350 1640676920311 1640676923149 2838
30149282f47c3450c472527daf8f03b8247f0f5652250a409f15a6f9cdb9b91e 1640676963859 1640676966010 2151
f37c10aaa3489c5b30711a560ce1f698f8e1a0fac800b67a4587d32cfe120e72 1640677007549 1640677010158 2609
7cdab8acac5d6764d0d312e5e725d8804fed460f25c1fa0f260356df48ef1478 1640677050928 1640677053899 2971
d55379b932423fbac47ee8a33767331b628aba47802759ea83b153848164b77b 1640677095626 1640677098416 2790
7740024a922858fbddb81fb3566ab7ea85d5035a4158beb21b3e55eb5dbb8334 1640677139450 1640677142234 2784
d55cdbefaf3e171f1dc511ef5e2bf33ffbc1cbdb47f1f595d8feac8aef179b80 1640677182589 1640677185195 2606
55b2a68462927e1b4c27a1daab6520e9d4e30847ffce72a4312f6dc1ba7db931 1640677226439 1640677228959 2520
e5c2eb02e3011cf097bd52ce1e1cb3d62275ad077c9bcb34ef8e13986d023fd3 1640677270188 1640677273092 2904
c4131e679a1e12e40e8e4d31114c760a9b83cfd8a81aedccad703fc49a07fff9 1640677313824 1640677316600 2776
b7b01ccbe43b496cddd7afd5ecfb76c73fd598516e9710d136e29c58b47c7e79 1640677357825 1640677360180 2355
f7ae1e8f29c58e58440f0e9dc45095aaa249758f15a9f86c3b067a89a5b50973 1640677401307 1640677403998 2691
5afb176bc8f35819496a725590d14a70d84d6a08ece1500354ffc747a011858e 1640677444870 1640677447706 2836
632087dedb3e00c25b6a6a0d1a23fda1235a47ca99e700301567593da7d868c0 1640677489936 1640677492787 2851
2140158d0ad99507fffe635153dc9d95600bd4d7e835209f71c58d58f9db4097 1640677534506 1640677537492 2986
ac23135d313dc443fb7051fbe528e05ce2ace2ee5fb8c005c936a0f9e4e779c3 1640677579517 1640677582361 2844
9dc99c983d8764a599a141cdda8fb6df1049e85c244258c48be95cac4a6a5cd4 1640677623162 1640677624704 1542
034255a2299ccb82d33cad51369f4f22e99165491a29579dbe6eb6ae3f85361e 1640677667101 1640677669453 2352
3ce90124a915fc4fa7085bd86fceb56b09888ccf34f157c5b05ec6987e0e0ca1 1640677710470 1640677713212 2742
0e6c3b7e1811315de9cf9369cfe9ee34e2f11d16a7970cfbbb93b450bad043f9 1640677754079 1640677756477 2398
0d80d6a907f1d46efbc144445ea6a1137161af72b573cc77f5fa231caaf3fd4a 1640677798836 1640677801829 2993
c4dba6e9a82f8da3a6ce2bd08aaf8e32e3bd81ac7d0a2a49f7b0d0e63372f8bd 1640677843139 1640677845849 2710
648ee04ad0551f256785fcaaf9b342c1787f72b88c11183aa2cd345e7c0bfb3e 1640677886728 1640677889189 2461
f4efd0107140727928c0c398dd0945ad3c1004d2ee8b0a4424cbf102efa4b414 1640677929652 1640677932020 2368
2cae352a654ef6c3f9490345eef2e61e6d027086e03015d9cb5291681367f2f0 1640677974267 1640677976982 2715
a9442b16dd788b04d309212e5d91e2a6dfa6f6cc1cc4a40860c3864c6e18ec58 1640678018311 1640678021310 2999
6125c3d526058b00be13108fa6d70b4903b81fab519acb636d0727227e223e80 1640678062243 1640678064891 2648
