a5005a9e37ec4524181a8316de0bf9f971260dc4519067d59ebdbaa52094f0a7 1640675914180 1640675915422 1242
5eeac0e5c01a3eedf98b04920e9713a51aa32933b2385c07519a49564912bea0 1640675957495 1640675958618 1123
9cb8c12de2f69267c319e0125b2a40cf9af87142fecc9758c90e5b42a32de02c 1640676001223 1640676002212 989
caf78e12f28d72e02f6c23a56527f967f282346ed2884f3b69e3e42d992762e3 1640676044841 1640676045906 1065
b8e96bfbbf196a47a603ff890de719decf27f9eff2bbfcff9e26bfd353a7ebc4 1640676088401 1640676089855 1454
a2f2c737464885e13481ca422b9e7c3b38b8c4d1902f1334c99095e4d4c54677 1640676131930 1640676133172 1242
f24e02e75d3d6f6ce40ab24a035e227f51e6d7df14e6c4f988dc1471ed1eb002 1640676175906 1640676177934 2028
fdae058bb9407900426de45396fdfe99247bb5c5029566d7ae44845fc5df4f99 1640676219790 1640676220584 794
598e58db4327f48b929ad001022cf235527b022c7f65e6f4aafeda0f6ef6fcf2 1640676263150 1640676264302 1152
ea814e3f6d006257c7faa251649b9bcf0dc8b20e3533282368e1debfba68c585 1640676307632 1640676308648 1016
6ac5dcc12994d6ee99f5b38b56158dcb4cfa09911e7b47f0b17482930a339704 1640676351979 1640676353073 1094
0faad524c7bbccc58f4ad14b592e979d5a4d4f4ffd127ebd2870f25772a6ecd7 1640676395061 1640676396440 1379
3206e88caf7a3b57d568efea8147dcc9096eec595a11876f48910ab23ba54418 1640676438236 1640676439332 1096
04ae38df318a023a050475c29904a80480727cfea77fda3c8ffb30890bd1dbc5 1640676481679 1640676482725 1046
be71576d6af50a0515ed4549ae8bd28cfe4cadfd0edb4024c45e05463b094556 1640676525335 1640676526100 765
c464bf6ab5717207cb5cf26e1a69aea8a5fefd3c5d893b6b2cb54b6f94625d8f 1640676569323 1640676570407 1084
83ff664feecab18d55a79952764a72558762e0c40da239af99e1a25e53d686bb 1640676613597 1640676614934 1337
e2a40794850a461cf87a3b1a95fcb7ad73422eb0928fdb4c75292e2f773b857f 1640676657365 1640676658559 1194
744b681100df1526a643263400abd58648fcc82f1a15ca52c3ff18fcda420094 1640676701470 1640676702494 1024
964e5420de14e544b8c2d7fdcfd7acd2a337ec888f5767450a6520d704616c80 1640676744934 1640676746017 1083
70147ef732277ed334cf1a78f3e44054eb63e9d2dec5388a0679c6ef6a3baeaa 1640676788020 1640676789172 1152
ef7fd473c34bf96e09852c046297fec3cee3795da73dbf0b82844cfd8648b4c8 1640676831291 1640676832274 983
c602f2329f74c0ac06715459dd86d4ba22318332d26f7a65830d3e5b4c94b218 1640676875630 1640676876793 1163
254903b1d64b5856c5a60301ab13a1423ac37da594f8744c7778205ec4e543d1 1640676920245 1640676921574 1329
ef815143db583fdd11b33c1ffd6715e888d978346782250cd5762bbf198b284b 1640676963792 1640676964752 960
c53fc6b18db0ad6ad1ce9f46c9ed206197483a9adaabf69a137b5d709a00a947 1640677007475 1640677009026 1551
d77b91e255e4f4854f7d2c51bfdf3be471dc9524fc9043cd8408e60922199ec5 1640677050854 1640677051551 697
d04121383c20c75a0c70804fda3cfdfd53065837ff2c7b988fa2614a1c6f9fcf 1640677095554 1640677096620 1066
284bc83d00afc05dc848ed3ef1ad8029ce5ccffc1d193f19a2117c9b7cfcad91 1640677139385 1640677140524 1139
a24252ce053b5af339628a5fe5e2a26c2b293014da99f80f3b3e0f63dd62774f 1640677182523 1640677184040 1517
d32ff2425f6948b962a02d5fd8c2caa62b6d21e28b8b4e0cc52d5d5c463e98cb 1640677226364 1640677227488 1124
e7ff0c7ea52cc3531bc664b873dbc9cb15f5e61239d8187ac286238108b471ea 1640677270121 1640677271231 1110
84b4d4efcf8f2c0ac840cecff04111311d2f9d6145cc0d18e386f869d7a13bc6 1640677313751 1640677314969 1218
710216e11a1b1ac089260712a2eac2d8463a8efc515f688d8399113f9e6cf215 1640677357755 1640677359116 1361
31e9ccaad91dd45c3fa90ab78597345a110542e34d6b628b2a7517c32cfcf69b 1640677401219 1640677402266 1047
62cdc185ac2daa7fd450199506c3c376cfd0e716ec079aa7d9932d575d95b247 1640677444800 1640677445850 1050
a35ead3793f63f5610f950f64b4ab31007a2658991fbf5a9ba466c6acbb339eb 1640677489863 1640677491007 1144
e44bbe79f953afdb8bb966728b4378e1a85b48d8390824fe35a7d5b615e42789 1640677534428 1640677535831 1403
625724cd8cb024f0ccf084d8137c875a0e8e9f7e8d9900a938bc230ffaa5c9fc 1640677579442 1640677580613 1171
c70635879e94fe238562a5f51792c0d0bd3a42db29f0ecc8ce2a9d209e028c3b 1640677623091 1640677624226 1135
06df02f10c533cd02cf992ee46cea93ac11a7b3da7a4744a3e3e61c62e85f261 1640677667016 1640677668133 1117
9c52d4cd5bd2bfc2525fe7c3bdfe5319ac1f6b8c8f380b8d207cc2895666b7ee 1640677710401 1640677711377 976
76b4f47e4e2df3e84a25750efee2aa435bc3c9618757e4b95f622becbf54b826 1640677754005 1640677755016 1011
d1433987aff895832547a38b36c10c046c607f5bd6d2c242a2cc8b29b2c5ed92 1640677798765 1640677799961 1196
f4b390b6919f9bb04c8cc45ccc423a7246d114ff751ca9dfa3107c1c6eb4b646 1640677843063 1640677843964 901
a14c3a4153497585dd18214a2aca2b35665cea44d4032108fe6e5a5321ee17fc 1640677886651 1640677887986 1335
fe8be8d911f44661df2fa67292c64534b3d5a9dfa2357c4c0f672c5605ab5965 1640677929570 1640677930567 997
05e10268a6b51678208de10e0e95ce7bc154e1164cb11f77fef44fe44c1b4b77 1640677974183 1640677975264 1081
6ddb818c50c712099f609d8fe6fa4deca2e6595b2a41e3bce21650be6f514cbb 1640678018231 1640678019222 991
d7a9c8d5fb597bf1f18b411725edadc1a2aeb21d862e692c71a1d6acc9519ca1 1640678062157 1640678063458 1301
