3693de22de82765dfb1f6bc8493c1b054dfc573b32c9a3fbd9d38aae4555aa69 1640675914200 1640675916684 2484
fe1a31ffb47f3bc7c5c86d8da0cc952eb67253cb0f90f42ff2de49a2f19cd3dc 1640675957516 1640675959757 2241
7e2fcba4e372f13316508964629be6a95b3d1998ab6aa69603ef171aa0d2c75e 1640676001244 1640676002970 1726
cb48da75ea6bef1fc5299b82d18332c6e9b89e979ddbf94a159b12db8a859aa1 1640676044860 1640676046917 2057
55b9337f5292335f96c1c2309b6c5c8133c44f137abe0d7a0ddf8fedd842fb81 1640676088425 1640676090531 2106
fdad20a7d07b6e9efd81a8ed29497a7333d1fae4fe0c91f794e0d6449148187a 1640676131954 1640676133949 1995
e5154671e9d08fd1e5e8a11718b46258e98b258dd0b98b98041163ba156d6efa 1640676175928 1640676177684 1756
4d62a3b2ab613608fff070362eaa7cc1a63e59962f6d3cea800a60eda0526027 1640676219814 1640676221462 1648
621d26b0f1bc5346e464275e02aaeb8b95423a54036fedf4f3330a462824f5a7 1640676263176 1640676265357 2181
1677293de54668052e2b47e6056bb76b2f008640c54d2434636ebfdc27a6b572 1640676307656 1640676310119 2463
ef6d2691a388c71e6d3737487e35d4e2f07374ed63006c92b874f3dc4758fa48 1640676352004 1640676354263 2259
6c8c66802fb6b1dff7bc581e855229c4c6a55ee04eb21cc42157eb9f27b87c90 1640676395088 1640676396668 1580
0c0a7fed36caa5600a5507ac6d7ea535050c7e5d56c5256b39552b284367de94 1640676438268 1640676439917 1649
dab24fd63f486384a5264e4417f81fefbf6a8e49e09cbb1e209bf36042eb8c2c 1640676481711 1640676484581 2870
85340da35f87552da0d85d093f71541b93f501f8232afcb4b6e67ef15a877424 1640676525363 1640676527315 1952
1a3ad48a17927d8b21086d5547d3499f6cb68604f91f700158a5bf7c697a5c2a 1640676569353 1640676572025 2672
4e7ae883e2470f54187e27083ab61f4f2e73b5d2680a3da124f60b5c4c9d62c7 1640676613622 1640676615237 1615
efce94364f94ebc4a7074306ae2600ccea3cc71008484c585cd6ae9f74c45867 1640676657398 1640676659264 1866
b63c98a697ca1e37b31ca8386c39d080993de6b175df20ea5878887a7283b2d1 1640676701499 1640676703887 2388
365fe951555e57e0a1f4477a0a18decb1ecf0a5c0c493de3b05014b0d95e8838 1640676744964 1640676746429 1465
102b3a6e791d39ad3536f6380fea1018fdf44072a9b1cae038c305b78f89b28f 1640676788052 1640676789748 1696
875e84ff44a9d4e7e6626a1d049f3c1e141c69d27277413ff96e2b95b02ef489 1640676831323 1640676833854 2531
e87138962793bb33d9d978edf747ef04befbc6fb128d138676abd6e9cf4c2255 1640676875658 1640676877344 1686
d0971b253e9e0b71f048f8081cf3fcacc54d8edcf119da13e8bae3486645fbbf 1640676920276 1640676921916 1640
b50deb4806f3b2637a89cdd4c51a243f47feca534cb55821c0da3b4443028d93 1640676963823 1640676964994 1171
893b85b68cf336f7ce3236ae3c26b0be38053d3f31acd62ef5e68f45bd9b5330 1640677007508 1640677009462 1954
05ee84b5f63cb7411414f3d5b037b533c81b6a44223d17e21605bc274ecc8d9e 1640677050886 1640677052845 1959
f87d3402b45fb32c461213de4638dd056e10194e6ed193ba01f32a6359ce7c52 1640677095586 1640677096908 1322
d72dbb6a5a8659ec88d2116a63561dc58f1fc2f6c8f802bba3b18926d5edffad 1640677139418 1640677141573 2155
7b4f67d271ac7d7b3b6a50fc4d8873bee53c7a37ffba34281120b538f48851fa 1640677182553 1640677184462 1909
46d53537cb6a1c27d1340e3abbf3c47cff8f659ee095d9b96cba1573804dc1af 1640677226395 1640677228680 2285
c124ab634d8ec88eff916f47feb2cc50504e4f43a18f7a001f855193cc9f906c 1640677270153 1640677271910 1757
7d490f9a7c98879814e5231c7fe87b6572ad1732990d262fec04dd325f9cd2d0 1640677313786 1640677316118 2332
1548bbc8b142497a9bf820b95e4e005ef7693cbd8494d32807ab385562edb1a7 1640677357788 1640677359438 1650
4c811d1058b45b30acc73916b50e1c326253bf29e4908748d3c9cccdfc669235 1640677401254 1640677403133 1879
451a47258afa08e22f863d7c14aaf56f973ed7c3919f27bb6209da94b5bd7f7f 1640677444833 1640677447583 2750
e4334621e2dff54cf8c3a7a8deee2211c0ae7d72f9c08076bcc0fa08c60752b8 1640677489897 1640677491367 1470
7f2a79734090acad16893f26c6e0bb43cfe728dc6582c6731e30babdcd71eec1 1640677534461 1640677537426 2965
7c5a73895a97794add7c802ef5bd9be98e30118ddf68e9a0f293eb4b159a7230 1640677579475 1640677581038 1563
4c5da02ee278ad636f30e219a13bd11f173c511af5fa57458aa2ddde9e02b7e8 1640677623123 1640677625567 2444
289d9b9b340dc77fa6c85dc214fa957dac90b8477e2e5ff5e6a580a355d6fb70 1640677667051 1640677668474 1423
19b05a8b2365058da0757198b280c3245bd38bf2e2bee1029f5b578369aa0063 1640677710430 1640677712706 2276
4de319e03f87df7511129a97d1e72fa4d3cb8032104157e0770797c340d32493 1640677754037 1640677756278 2241
231465ebe124039bc79fe516e6fbd96b7e0f7fef21590264bd26c26ac5405127 1640677798797 1640677800612 1815
9d8d592349f84269042b9d30fc48d0582850dc986a7b4fb84a622456ffa2899d 1640677843095 1640677844483 1388
19da725c63760fb45e22a2fb7a857a2ced3f6dfc63cd62a5e13877ae40523668 1640677886687 1640677888322 1635
9f55f0eb3e41ea4744213fc0ed041d8fc2af4c9f11f61650e7753cf086edf2d9 1640677929607 1640677931907 2300
13cc72b26b38e9b4f1ec026a5af699d5fc147607565e545ba3fb8554e3647900 1640677974217 1640677976400 2183
9c88ee84ba652cae784cd92d71ed507bcd5b2a1a2a76c7d1f53d9ea8141f8d06 1640678018268 1640678020744 2476
8390b0d5168051052160f534bc9bd513f9808b481b8cb0ce4915e8e36366ab24 1640678062196 1640678064143 1947
