e67b045019c74b0c2aaa3f5b34b3c6817274fc294323f70caf280a0ac9fc7128 1640675914227 1640675917203 2976
c85fb4c312db962e1c08d556fd011123560f3747d7d4af02448918fa7bbe06d9 1640675957546 1640675960718 3172
ad7c185742beea46acd483529e6f2fc360d3c6b9aaebed5198ae570b0dd1eb5e 1640676001277 1640676004134 2857
53b3cbc3086ee296dbef71bd4a68bddbf41fcf80afb2066bf877ebc40540a035 1640676044892 1640676047177 2285
4aaa3929530fff3d594c219eec6f8f2f7b6e890e4393bab989b4297b57464c90 1640676088460 1640676090550 2090
72629e98187c78177f0a2047fc5d836bda6ff1f35e90a5a74a1ef815646188ed 1640676131987 1640676134957 2970
d1e1509bfaeb1b0bd6c0a78e7481467be29072ec2975198f15c0574fa1c59669 1640676175962 1640676178935 2973
a03f60a19c24e71c7ce7e755b5cfa6eba84c19976b96fe692c1645e2e3cfb35c 1640676219848 1640676222220 2372
81a94c7976050952cbd7e628afa35d2a587c3796213efe962b8b3c12b947c36b 1640676263209 1640676266267 3058
1e0609709b889057d08f9f57f716fb620985bee63007392f5ab719f1eedfbc18 1640676307692 1640676310767 3075
91c241960ba604f6a005435c0dc110b1e8f569587c0bd9f7d4f8c4fe5c6d7578 1640676352042 1640676354716 2674
38502e55d124fd7e070b8e7c0fae7e35af618ccf9d621e94d13f0b5e73067d1e 1640676395123 1640676397610 2487
ea28edd97fdb7ef03ba3e3cebf9743014e5b2e5d20c3811c5ef55def2586e6c3 1640676438309 1640676440791 2482
c219ea8a393e7151a49c63cd94cbf8a1059b73f744b292448707ee0e7c962026 1640676481747 1640676484768 3021
7465fe9260a5101ed45603190b534c77c4ae83ed6af0a352e5b82ab31f8ec5b9 1640676525402 1640676527718 2316
5c1b8a747d97218405f3c4dfab071f62f9b7982975b2a554347b654074cb3f1f 1640676569392 1640676571640 2248
06674045066fafefdc29e404ab035c1f1014a0bf15731c2df6816fc9e98b94a0 1640676613664 1640676616028 2364
526ed23c737eacbc9e736a233e79b725441158414d92e784c82e63f060b70350 1640676657444 1640676660198 2754
f8b98fa8cd5bcd072bb9cba4b362dff305d8d9baa406a537f28a7498584ba609 1640676701539 1640676703566 2027
5a23b320436bf9ca7389ab68f15cdc31fa1def2a399187ff9beef90f289c18f1 1640676745004 1640676747777 2773
106555992fe868e0ceb8b5a07138c85350f07a2b79ff9b4a7a88c812e81ff452 1640676788107 1640676790575 2468
e21c584fede0db1766b89e25a811248c45ef3d7ed9d9c9d59b77ff7708923872 1640676831372 1640676834191 2819
c2418389ab0507b69dc98fc9fe7ce173a0af1f883d628b71ec50383a606e602d 1640676875700 1640676878668 2968
de4faf416b48b99b8db52fa641b7c77b40c291d85d1a84df685b98a809fe19ea 1640676920318 1640676923116 2798
04ad498b230f1ed1a5ffb17b7161ed279502cb941e86519b626919f6229651e6 1640676963872 1640676966507 2635
fcb7fc92af5893e72dfe91756f4621b9d065546c04d84a4aef1296051e0e6e7a 1640677007554 1640677010171 2617
1716e0ed342aa7c2a40802add3f9d3ca23c5328e9e4c1ef16bbab811a43183e4 1640677050938 1640677053769 2831
e139d7cb3763f174759866b6963d990215c9dc94f1218538ecc693cd068f67b2 1640677095634 1640677098514 2880
95b274d629a05ab77bf8ddc603c751d978817b8981425bf987172104b8e9c0a3 1640677139457 1640677142233 2776
7d5e8b8ce2fb2182265d7f3988f2d2cc8fbb7e1092682123be5cc3cb5b9200a2 1640677182594 1640677185034 2440
38bb9a82b820804aeb7e5cca862ba78b4f38495a795a4604268f1ee770e8c5d0 1640677226454 1640677229101 2647
3524db0ff92ad584d6db6cd22b925d578a8e6f8fa08ac7fe3300dd6b917af7cb 1640677270196 1640677273204 3008
d0d6531ba361f53666511cc73a1b8fba10c73cad632ad3149813137525d01e07 1640677313834 1640677315716 1882
1c538be551f208bc1d9865cb47e39503a4b1fdb5a3f208bd8aecb300f63d771d 1640677357831 1640677360336 2505
7ae5bb77d92e788d87a9363542b950cd9bcf3d33e0788feb7b697225961cc5b8 1640677401318 1640677404044 2726
54ca92a63fe77aa3f42f88f6e4bef2c1c54ae7c9a79013b420c09b5bd033e1c3 1640677444878 1640677447871 2993
a9a18d58f5f247f669b4ab94fa045cf69f545a951ec1fb7d3fedb50181249202 1640677489943 1640677492503 2560
163165aaa2ee02945fba7f1300fb0687532b37939f38cf620fed8699f187c14b 1640677534515 1640677537508 2993
bbc04b01ddfa04272c0a2f608de7dedd441e1c3ce36e0b7d896fde6efb72ec7d 1640677579529 1640677580650 1121
ce6f34421accf84675a5212031fb4f872b56553ad080447daae8860a00c20c96 1640677623174 1640677625751 2577
645324ff3f283b031b68aa6dd522143816ab92bc24067157a0b64fbe865473bc 1640677667114 1640677669529 2415
31b4723222b0ec359f7bac268fdf6ba06641eb716b7a3fedf953e121f963e192 1640677710481 1640677713257 2776
a2bc5140358bc679408f39841517bfa3c0d05b237139c876da93750716e6169e 1640677754088 1640677757060 2972
df7f6fbceaa337acee598165b9692568d273a6532ee37477598b56ac0de6f599 1640677798842 1640677801372 2530
d032f867414cee5c03a86c50f3232024ab301f7f36fdcf98d5b34fbba1d0007b 1640677843150 1640677845838 2688
1c93b7de7d099583f89ccd63e6ce0a50be72b738473901784e4f0df4298c3f97 1640677886735 1640677889033 2298
6fb757f1cb3be5bb06a85275d46a8a35ec4f4970c38ab7ca61150cfac4435956 1640677929667 1640677932139 2472
db5db25e1d06bb4400ba449251b25f04a01edf18f93b345802399020a09ca6ed 1640677974277 1640677977082 2805
d0618b4d9228da34b25dd9377ae237f46fe4185fb3cb9c681c55e3bdf3cd5d7e 1640678018320 1640678021279 2959
6a6c7e20b6b5754527a7582948e5c4c93886112c64cc8804a75ef2dceffa1317 1640678062252 1640678064998 2746
