b2779561b4298d325969a53df8f4082b49a7c21fa20a1dd1ce470b2f80aa7971 1640675914214 1640675916135 1921
f424bc24a2e0f9e1e19b0926a41b85a691d85281a3a5e30cd7afa840de908fea 1640675957532 1640675960419 2887
cbbe0300e65711547f8d6915ed21f648821942bb2205ba21ebebe572aea7ef26 1640676001262 1640676002436 1174
2fa0b4e4b825cf98022b56d0c8fdc8ac4d4419a45be1ae18afce217e0eba684f 1640676044878 1640676047195 2317
a3686340cd2be07c098ae3c3f9a04ce21d70b1dd70accbf7aa3f2511b371fba8 1640676088446 1640676091035 2589
e09a7c0dbba6eb0fdc57f059850437a09c7ecaea1910b79ce68a1e5ebe5df862 1640676131973 1640676133000 1027
3d4e9b0a09d8019af558e2e2698c5b14d3c82fae2d2ac63f71295551a65d6362 1640676175946 1640676178444 2498
f83b278f497bb7972991456fbba5ab5db54fbe56339bfa64d57d42389966d383 1640676219835 1640676221902 2067
64bd5eff299ee69cfcf09ce7a822c1f37d6d5f1744a3a96dbf7c1d5bd3449311 1640676263195 1640676265992 2797
3a37e552a6085587efbe9f3e4653e9d6ea64e9a930e7c4edf1747a6f62d33c6b 1640676307678 1640676309052 1374
34d3577ae90ddf8c70de1d15d132db92c98e6e4607b92a9496e19d6ad725f902 1640676352026 1640676353996 1970
02276cbffd44ae5dd9b256217cd4ce47dd575c027fbc7467f981fc848fcccd20 1640676395107 1640676397211 2104
be7b3dc52afea5e4fcdfc9b7ba4635471a1226c7b7e389ecf60081266013ae88 1640676438288 1640676440261 1973
a7fd6b3b32716179dc6a711bd62e5cf31d87049107705b2e7701c65d9cd47644 1640676481731 1640676483364 1633
54817d5f3ecbd38ee6f883b76edb543abf9f1b53929afcd54c188e8462efdd19 1640676525385 1640676528188 2803
166435aa6f80d38fcc1d829b37c40d132a9c42bfcf3e9dc3a20bd3b74a8d5366 1640676569376 1640676571153 1777
f95763d30e6f9a0863ccf4ea6be7ee2ecd47637a19d542861c7284ea4443129e 1640676613643 1640676615982 2339
cb1acfaead3cb39dbd7277486c1762283eeb5f6ec4908b7bb737523fc46b63ee 1640676657424 1640676660085 2661
75d41a210209494b0446fe37cb2c9d6d10e91dcf8923d8455871bc1a6d73963c 1640676701520 1640676703241 1721
35ad85b9f82f3f148b0c4354aed0d13a250cb0443f9aa0599e03c625a16f8b94 1640676744985 1640676747564 2579
8f871f19b3bb92cb7c990e87aeb3b1c877856d0a0be8b86cf48e3d9e5bd9216a 1640676788081 1640676790065 1984
60f75a33db907ba5e629ce72ccf7762d67f224ebd90cc3e4f9c3407487f1456f 1640676831349 1640676832558 1209
15593e9f1db3dce169366fc9a77a9ec6cf49e90a2b568b97db26602fd360cccd 1640676875679 1640676878423 2744
69e1fb853515429e91684d4d3f2484d0d72abe7dfa3afda13794ff4b213c4945 1640676920297 1640676922633 2336
58e41baf859468a4d8c018c4e8e08b7538f7b3cc13da1cc54262f5333d4e1596 1640676963843 1640676966366 2523
778d0df33acf5e4842ba00943cdf85890de8debed38faf78f199d2d1b31c41b5 1640677007532 1640677009778 2246
c3aec1bade446a15ede2e9b53732ddd98e4a4e6904e31de94d230fccc2bd0270 1640677050913 1640677053802 2889
a4c78bdaa243e109a94f09a60ac6af76e0cef39a278a48fc51982ab49409fc30 1640677095611 1640677097881 2270
a5b17229b6f87658f37588d776e77d5f42075832cc67216bfcdaa4c64e50cd15 1640677139440 1640677142080 2640
fc82ab224de28ab0cdb375af7bde5720b40d87ff9eac72d45510692b32a1c4a4 1640677182572 1640677185151 2579
e54bbfcd3a07485504a73e9a407f14f1365452b2c7400e4c332016852e300887 1640677226421 1640677228924 2503
af0632bf404ee3bc4c5c76e78b0553676662a5790ae9c7bc2b1f65c8be4ede2c 1640677270175 1640677272932 2757
b30151751914a7d813b5b833fa1cf952649910286ff809b73de8073f5f5f83c0 1640677313812 1640677316552 2740
17a6ee31f1fc7d5c33c1999bccf531791b8f6e1ff7286fdc99d01d038c0a26af 1640677357810 1640677359086 1276
12aba5b0c7ecbf8ca44441b38c03f9f339af2673b13c4263be98ec5ad69a0730 1640677401285 1640677403977 2692
1f1a7b581e3475aadcc6d66e65ba8dd608ef069182249f470b5250c431377457 1640677444855 1640677446822 1967
09e881eb42ec5b905073f2466e7f14a6393dbb5396adbf6ee0d35e520477e0db 1640677489923 1640677492750 2827
bdd05cb17936f3cad2ec90d0f2707b2d663aada5831df8595edc410145a8e480 1640677534489 1640677536816 2327
2a69e3aefa2295afab6a844ff831f2cf2fd90d82505af4a57dbe699922efb071 1640677579498 1640677582037 2539
639559e49e980f808a9e6e45d0d13e86f7a5146dff3201ad47c4e63f1403394c 1640677623148 1640677625190 2042
7dd2b395c40c7791fd02078420d9e66856caa3a33032246b92ae6a93c7591a13 1640677667080 1640677669100 2020
f88575a4d462dce3132ddcdab3f76e03ecf19616f02d583a60c28de3900f8a17 1640677710456 1640677712730 2274
a229abe07f65bdbd49999840623e1de5e3dce9dfc518b6f3351a014b8ff27f27 1640677754063 1640677755539 1476
13e3969d87d9909dd4002a156062c3fbbb8a19e8a15fd6693b91d2ec6421b04d 1640677798821 1640677800070 1249
9ad552a234dcf3cf1fe92fdb26cdc17544da8b107c258a242e368dded113dbfd 1640677843122 1640677845677 2555
1a86d1ef1367530d9b4df5a1c2fb540ac181651a3672e6be79d9191ec253e77b 1640677886718 1640677888688 1970
aea4453330de2d9b0d9c849a8a907f85822ffdcf4f4b565ea382ab5c90f3934c 1640677929631 1640677931461 1830
c7a895103893764ddcb6d51f177a82d8bd67c66c7e21538efa5965eb39e9127d 1640677974244 1640677976811 2567
ec39733678e5695bb19271300a67fea5f7f6cc5303c21631a8b5c37c84a212fa 1640678018293 1640678021137 2844
014f41be8efd91a0fc1491f8bb618fcf411ac195541110974d2443af71b73fce 1640678062226 1640678064702 2476
