a486cea5607dbb2fa326ee2975cf139a1548e517ab1c0d7c5dfb3b9ec6f9ba18 1640675914172 1640675914862 690
94ad2efa50f7a7d03e334117d68bc218264f761075e417662c11d83ebebf76ad 1640675957486 1640675958090 604
d5a000a3bf90b79dff69233a3d9e9f54a9fcb346838317928333e91335ef1587 1640676001213 1640676001850 637
32a38eee0982ac0ee0f602d456252ded43684d52fb6bda4dc634e7aeda6ec599 1640676044830 1640676045323 493
973ff2f29bb663181b9439b02d9cec34b6610aca8c91bc8b1cad724faf4fa9e4 1640676088392 1640676088937 545
cf0c676b5e1df70b244ab6092b1d5e452bf3eff3d4f88f7e3785becc665ff621 1640676131920 1640676132372 452
ee1f0ae980d3bfd7246503449e93d525170ad038682025cee3f8683e052c1e49 1640676175895 1640676176373 478
42a63b05e792721b6e8b4b50416084ce8e8a53aaea803811da5584ae2424a375 1640676219779 1640676220423 644
cd44a7243562a23eea9350b41a2a9e62ae5d48649f0bd2851b6122fb5bddc312 1640676263137 1640676263603 466
a1d4873703fdb30e0adcde12467abfe5ea79624098d87e18c74e3824993d028b 1640676307618 1640676308177 559
fdc662be2dfc6a62958b7521bf307adc708932273d9175ba513d9b739e8ca0f4 1640676351969 1640676352593 624
965d1a22d5e71aa0ce0352c0a3502ef5d756f5e1d961440ff3a8016f70c882bb 1640676395049 1640676395478 429
5a593f639cfc9b884c606d516e463eef464407dfd75cd602031675a6038f5e41 1640676438225 1640676438774 549
d9b2303a1abc2ffee9961e7782b1b3b0349024e3a8c1455eaa866c8694e9c1f7 1640676481668 1640676482177 509
ba75a3b163deedf9f225d5ce62ad65a9c7622088c785b09ad43c7a24fd116e15 1640676525323 1640676525815 492
cd5b2c52dc5054d516f67b34e8593bf40920c444bd47a7013831db0b9e2ea40e 1640676569309 1640676569724 415
2cb3c6fa878093e283c813cd243c905b36cec0d0cdd067a7aa7c7e22da05aba9 1640676613585 1640676613970 385
dd7fb04f7b74f216b4afa71f4d2ded4b5e7ab70ef2126cf81dd83ba36bd67ac0 1640676657353 1640676657852 499
5925b421a777fb8f22c85240f38170560fde4d56756106151519e3424ebdf2c4 1640676701457 1640676702007 550
f4747987983b0607250c99a8866d892e39be6e3fd82013fbe784ea48323f34bb 1640676744919 1640676745486 567
5963a77c25674ce85bcb7a0bebe0387bc5e17ddf92981f53307eb71bd39a6fc1 1640676788004 1640676788510 506
c776c2bf557a4761b54dc33998da40433985e6ee8dff9cf2208e991a0da10a7b 1640676831276 1640676831789 513
677dfd2f1af5484951b7263941e6b33ed41c9485a5e6d082b425695f27d170fc 1640676875616 1640676876160 544
ee2d4c50a34fc2d91bf3fe6676c8808cff920c2b14a72b3755c34f5836f59277 1640676920228 1640676920956 728
57a2a02b068a4edc56f8e69c12b30fd726f83542cc3c86fc237b831fa0ef212b 1640676963777 1640676964282 505
0c06d9266748731523828864adf53a5aea35b702954e47e130441e9743acfbf1 1640677007460 1640677007904 444
8e065b79570ba5cfa4f9886a26861f13f0961de5a7a05b311d7ed93c3a1abfc3 1640677050839 1640677051392 553
a146e5132b137b295607a5795dd686f6aec211eca661edd30c63e4f3f0dce674 1640677095539 1640677096042 503
83642bd9ae338e5fdd2d427c594d92b709f44869d70d98801768e89b5c099842 1640677139369 1640677139817 448
c52e9dad4457b4417ae8e15ef47c13c90292cdc99638611fa33585cd7598776e 1640677182510 1640677183754 1244
7c06c76b2078b5981ee93b4beacc567cfbd19f05fd0865524f306ae7e501d74a 1640677226349 1640677226816 467
0662143592b4016cc044c4cfec148ed7791f33a016b689b98b536448d4b7b967 1640677270107 1640677270624 517
01c863c2a7af9179bb04f22a181904211a804fc989098a56a6390f84a4b09657 1640677313735 1640677314179 444
8c5cc63816406f3bfe0b9cf737e36b50e7fb4c354dc3642e8e5786fbdc9f0dde 1640677357738 1640677358285 547
95953d24be8de98b790da9f4b55c250e1a235f6984cb28f7351defb67ed9a9d1 1640677401202 1640677401644 442
0acba35582bae1989b0214b1b00202dd32e2c9af08cce46105034052f66867ca 1640677444784 1640677445279 495
75607f8a49b8181b5bb2bed4d2aad263870d2d62cf582a8aa1890f8c5b8b8315 1640677489846 1640677490368 522
875f36e106b267dd9e66dd60b4ef62b637766226f19372f22df3eabb5c50f295 1640677534413 1640677534963 550
00b407b6a382581f6aedb65107c84faaadcc8a44bd00879b32947b76686acea4 1640677579422 1640677579859 437
9385be79b4573e37392d2241f5c4788af56a06e726b7c0befc4c3278f45912dd 1640677623077 1640677623604 527
5ec39c930a483ab7662abd06d39f83bc10f4eff5df06de1da8db4c99bf2d299e 1640677667000 1640677667533 533
60c1498f8c9e5d34698b129c001658ec1d9638251b428f652605e9e8adc5ed28 1640677710387 1640677710783 396
206ed66315027ea7f2958359732f0375438bbe671bc8fe8c6030405f3cc13e1d 1640677753990 1640677754508 518
8bf330b9baa75f3ab2c1813bda3ef82d9259c79746483bd2b39de3cbadf89a42 1640677798749 1640677799226 477
7fc678678d6762517c1422d0f823f88ba1e43986ea88998b9900f5010457f24a 1640677843045 1640677843536 491
7a633067dc951d81950acba18f4ec35173fa47dc99ad45ae9dde0a21b75040e1 1640677886632 1640677887104 472
5149bc2744b71a5dc12bf0b79fcf6eafea5db1755435ceb29769e6c56b740bd1 1640677929552 1640677930003 451
e316315adc59a04da0704c831c5afe9d00d4da2b333b879a669f48873c2ecc34 1640677974167 1640677974551 384
21b1f15b8e0707452a9f80ef64b9a3b6fe597f25d8128ee9d2d30c966616a666 1640678018214 1640678018627 413
c35437ffc4c5932c3618e2bf63dc9075ef3d2e474ac64f545b667fc2660fe57e 1640678062137 1640678062612 475
