73915369e34397d701e7712d301c8b8e43b461e1950b7ad8580dd65b9a9597dc 1640623343017 1640623343654 637
bc2735756d61dc57c45a07ab54d0f7ba82350f6d989079b3c7268d7c26a9ca5b 1640623345225 1640623345852 627
e7760e6893040d261791ce5eb1c2ba027d8bb8eb2c4a4d2cab530ca6da7be81f 1640623347523 1640623348168 645
629253fb13f4804057b20d5fda45971a2a74e0b400ae3fda8ca07ffcdab46b0a 1640623350670 1640623351347 677
0f68662392550589df5f4832e6d1c8e5a58e9c899837454395ea8b3a75c4a755 1640623352882 1640623353552 670
d8af86cec1255f1ae8d0fcf93fe8432b51541f063c7b03e205f16976eb642825 1640623355088 1640623355761 673
e2f71183f66002929f9addd61be12a3d07e4d07b166168345ce75e5d68ac10cc 1640623357328 1640623358032 704
ee6b101ee8377a6ac58c04cd4dfd25e8746c6151acceb6e4037bfd734a218b34 1640623359484 1640623360184 700
5203facfefb35c599e99239f8834553b5c69475808bacdef487f42ac53b1dee7 1640623361700 1640623362293 593
cdc60217bd50b9d2a3dde44c21efcc0f3e134a88db1ac919ef1ce33c7542ea72 1640623363899 1640623364558 659
5004822f2d7c516a4586bc523bdcf2b778380dfb6be119a9c7aba13818256037 1640623366092 1640623366780 688
a72a40055a55d522ae3369ee324989ef1c9d869d53eb5ba3f1ce95dbe206cd1c 1640623368292 1640623368979 687
f1e6675359a7af88e485bd3e93d9070615df0fd7ae71a3b4892af507b122a35a 1640623370513 1640623371200 687
6dae5c39fd4d571842fd661ab59ff1beb041b45dfd119ecea7d8981fba8c5fde 1640623372732 1640623373441 709
5243b896b90dd4d62a6096c8952065543956b97e192c09c36ca2dfdee5f10867 1640623374951 1640623375632 681
34f270e5b1fd2dfa7da7b4883c1f3f71cff3afe8e411376ab5c4899f7c37a21a 1640623377054 1640623377748 694
fab3748a75fc8cee0bdf1b60bb0659509a741347f463db1472adc9618339b351 1640623379212 1640623379875 663
09f805f4b53a88df23e9e06857dde2bdd1d47d37b67a77867550f759609c2b32 1640623381403 1640623382093 690
daa218eeddd829c0b5f955ec4b4d645032cb7cbfb8f0cd9a41b2667beabbc794 1640623383606 1640623384289 683
bed659a720c276ccc4e547c48dbb7af6322d733cb0a9347fd6ed63bb9dd3e884 1640623385770 1640623386392 622
