b9641b38549742058ac44a1aaef8356be96f6a6d9d99b033c4b14116c76eb977 1640786175027 1640786176905 1878
c3d58bfa69a822c223f97a420d2c03cae95af94767f84cd2777c4bac263fbc8b 1640786193457 1640786195426 1969
37b0b3fc2385de8fcb8e961134aa81bb8a0612dc35012be26f83f1c2936eceef 1640786212378 1640786214068 1690
0fa7f55701e6b08d499f365c606fed47fd1b0e914f7f48aa50b0abb72aeb78da 1640786230880 1640786232897 2017
8d61813698df0c9fa10fc2b03f9d0181c1857197e3ab8ac686ca15a9eecb50a9 1640786249711 1640786251436 1725
841a91548cfa0e01472f67300437617a60dc44f42bb71b62ca4ed495a5b5b9fe 1640786268607 1640786270566 1959
42885b8d220b6958399e812c067422aa41d7a23934928fb237265bbca1f8839b 1640786287150 1640786289021 1871
be702d714a1ca6378a1fbd90c0e6980a4944b2bb28423b08cd6248f3e8e42193 1640786305678 1640786307447 1769
6793957696da9f1cf28bdde86df48d04094cb0d4bb0d6aa4b5d993698d56ba1c 1640786324199 1640786325845 1646
0fc8a7c9b69c17603b156c0214a0a00f54a5145b45973660b72afba2a927423a 1640786342655 1640786344437 1782
d94247444c4d36cd6fb49d26effcb4310e18be9f3fa3c54ab940ee89ab26e81c 1640786361080 1640786362898 1818
3186027b803d3cf07149c7c8e5e676c21e9e1c00c6bd3b876466086b35621dc8 1640786379543 1640786381036 1493
1a819bd03a4cf68fa124bc18f3115f3069b846eef361da3e24b8e65ed42bd05f 1640786398374 1640786400266 1892
ebce7cc3ddb58f9b513a318abce4c3397c58916ba99fbf6ee25620a86d3148ef 1640786417320 1640786419228 1908
bd566c4fd18824b7724652623efde20567ba1df9208767e53aea1441ca83c2be 1640786436174 1640786437950 1776
6278a86fe65cc02156bbf8b719b08ae1eba736ce93b6d455b63ab9bdb4dff676 1640786454706 1640786456611 1905
18f0a36db48062a20715ddb9653760d418dce051a96cb7dab21f23d15c5ee672 1640786473206 1640786474558 1352
e5b9e83b21b42f8bab04ab9700cf250ce63cabf9cd25a0cb9164bb8949d13756 1640786491554 1640786493155 1601
b4eb170a9a3fb12fc461e873f63fe96f164fbe32498bed5f3be3c3a2e42e3c1e 1640786510459 1640786512096 1637
4f7b9a9867b0d024d652e9f5a22b1211b5067d8d64d9e10dcfe28e407fccee91 1640786528960 1640786530661 1701
