756d8ba059b616f83c68ca3dfe139d7e7b3f4ed00ff52f964de880788d297627 1640786175023 1640786176199 1176
da4b91ae74e17e79a74d5a521311f8ad364c0cd5e23f82afcb91a4633d9742f7 1640786193452 1640786194673 1221
d14a0fba67e817edafa4ac76b85ca08b663a1efd35cb9ac53c702e2a305a4a8e 1640786212374 1640786214181 1807
09530205d866ebb33e668fd4e1f936ea732c328cb6693b3652b21030ad765d37 1640786230876 1640786232779 1903
02db06dc1d36653c470f4e1e3a255827f014396a858c41ab6113eefe5aa2e24d 1640786249707 1640786250894 1187
261dba22969b37d6e4c7dd813ef0f68db73a2eb2ff453efe63354fd46c2dd962 1640786268604 1640786269793 1189
dabfd41a0c7480ecbf0c920ee317f8537e12798b7c9fc205ed0e22de80f0ada6 1640786287147 1640786288906 1759
fa476becacfd9a79a3e12e9031c7c5a740b67b92a074f1eff742fcc3ba26ce2c 1640786305674 1640786307513 1839
87ccb64c0adccf8f3c4753e85d27d4b9fec7a8449dbb6de2d579b1c65d29f5fd 1640786324195 1640786324496 301
9de281c6d5f123b00b386e78acde74c2ce2697f7a20b915ae158f276ce4d9977 1640786342650 1640786343011 361
9d194c81f0e02d16f04c8af7c01d3af3d0292613dfc2173ffca92c78a9729c33 1640786361076 1640786361437 361
fa8256488685e61c82a61bfa973abbeebd80a1051e0016a6d1fc457946b4de26 1640786379538 1640786379831 293
197231cef818d75d82fd4a3f91aecd21e66bfbf9497f6588460c4883baa70842 1640786398369 1640786399567 1198
2177bb0e92ffe06d3f8bf851a62fabc03294da31e564967fbdc26ba66b308711 1640786417316 1640786419144 1828
90416dea72f040af94e69294741ed9a1ae5eff6ffe608ad77ffab98591e86978 1640786436169 1640786436557 388
e8f37f4bcb320ee8f1dc3e8844de8de10bd06aad1d46e60e8c38e8d9585f755a 1640786454702 1640786455086 384
a08c7ff402a6c2a0c49f32bcf5b8a50e1758d3b50ddb90ca4909bef7a555425f 1640786473201 1640786473509 308
56d711efd2b1cdc38ba578790dcb64c0446e36a1085bddcc890cf2f5b015f8dc 1640786491549 1640786493295 1746
feb773ddb3868f5e88be10c79e0d8b70608d862af5b234352c4c64eb6b1d315d 1640786510455 1640786512258 1803
3375c76f6bc89733595fbd83d4aaaf57ac59bc304111b9b00ec9532fa688c473 1640786528955 1640786530678 1723
