40d9aab794080dbf212f9dc6174a3fc06737b3f827df5f421c2821f3d7713175 1640786175038 1640786176838 1800
6603357eb00e5666fa8b9dae19d12b145cfb8ce7abe875723d4a4622a0d503d7 1640786193468 1640786195297 1829
0ff4902d9d2ccd7d8a1ad1a45862dbfd2eb1647f1e439024e0633560ff707cf3 1640786212389 1640786213975 1586
69b8b0d33e06bb1cb59b8d69c03129b036d35343b744b3077d1865c5c46f66cb 1640786230891 1640786232706 1815
3b3eb4790eee732843da16653ca8ee0b8a044b45478408fa542b0c796ff0be7b 1640786249725 1640786251533 1808
3bfc4f66c500d7bcd6eb74d380bc9b5b05244e3105293d581e1638671d27eb75 1640786268621 1640786270506 1885
a9b8df712c9c9c99080fb28ce045f9460f94f9c125ce9e9da0d00302c79d616d 1640786287163 1640786288740 1577
e89224865d596dca781a283e24122f055877d6d09ca1105c3e19dfb480602628 1640786305691 1640786307635 1944
a800f857bba68284b7a2e084b7a8903d39c9d50793242da3cd68f955d81336c0 1640786324213 1640786325949 1736
50d5cbcb9fb1f21ba2db5b258515da0f6a9b4951f853cd7c9070556e9d2b32f5 1640786342669 1640786344431 1762
07c948f32d648174958a94f2f784fcbf4a3c34c1c23d0879eabc43338f59203d 1640786361093 1640786362738 1645
e2ab53c6368a0026d7433fca3d680f4d7eeff93287dd7e65aa4c436a58670a72 1640786379557 1640786381441 1884
e2aeaae8df89da0d3617a7b61b547e02ae9dc356bee575a50a16cede17f155a0 1640786398390 1640786400260 1870
1c437119f3ab219e286446b10f820c65c9407f2c8b26c3d7dccb3c768e30b38d 1640786417341 1640786419144 1803
cba820e53fc07f0b4100d800dbe16d03d2eb2064d5e54f0c879ccee868a73ca0 1640786436188 1640786437951 1763
ac1931768094273ea476e4024f63d719f1702290cbc5ff482abf21528399a23b 1640786454721 1640786456553 1832
1ca6096ae04565f967b434630a062da86872ab86d14e6641fce894fdb11a1981 1640786473221 1640786474863 1642
8917c4c6b527ea2edb3ed799fdb36c924814e5abe6ac7fa0a220178ac26bc571 1640786491569 1640786493434 1865
a63c5522eeecb92923547ecc7856b7443a713de048e23ba5d6e63db913777e45 1640786510472 1640786512283 1811
e289ca51b490ca211b565d5a945eabdf4a24a01f21e10a86a64409426e160075 1640786528973 1640786530750 1777
