73404a7af1365c4ada2fa3713e20fa3d1e9734d4e955c78bc5eba9f023a4b0dc 1640786175024 1640786176933 1909
d790ec76f1ba03dbff4976254ae9dcef076ecf461999eaaa6806a17ae3572b98 1640786193453 1640786195419 1966
2a2c8809a18b587fff22f369a0800e1d91a23965cb2d2cd2ba9431b4809fe972 1640786212374 1640786214184 1810
bc9039f218352c95031d9d36533ed9bfaf1ffa139469155087a31d8cee19994e 1640786230876 1640786232664 1788
85874ff95d9d126faca8c2f112b408ea97c1c0f0a135c8d508da695d09e027c4 1640786249708 1640786251591 1883
6bb5c5414fcde217d5103699256dc3af95bc07d71fff45c367b2733d6e15d30c 1640786268604 1640786270548 1944
c9db5b9e8757f3733a821d8382bc0aadf8e5fa27b4bb61042858fc19c1e6b373 1640786287148 1640786288527 1379
865596c232a05c97bc98742fe8a65b97b186f4b646c2efe47a70854edfabc099 1640786305675 1640786306905 1230
ed8c1d5ba87d51f0ff844de6e5f8d796a3d677206e3b20076e3879ad47ae40c9 1640786324196 1640786325364 1168
a0532b910a9c78a617550a8d5a4e2eb253f1e37b00670656fc03c9fe4fa2f409 1640786342650 1640786343798 1148
2cb338d7c81bb6ce4dbfd848cea1586013b78a8b8aeddbd54b7940378316685a 1640786361077 1640786361435 358
7f71f9db3e4b6f1e5149b39776844651a41309fb8fe40b277cf460c31a14532b 1640786379539 1640786381324 1785
534c10068f0687012885bbec18fd6ce07f7a4f071479185a216e476800cb3a11 1640786398370 1640786399982 1612
a4e416e03c40c458fc24aa9cf94eacb11043faf50f10b3b17f7bb1dbd4b3d8ba 1640786417317 1640786419233 1916
2694bc2befdc03ff4a7e91bd836dbc8266325d0d6bf6b249d91ba45b2fe0d3ab 1640786436170 1640786436567 397
999887697fd6e770944cc8ce7d36ce23c2ffa4643d972dce3c390f8bc62a0d7a 1640786454702 1640786455909 1207
26a606cb06204c3c9944d74320d85168588cae38b3120108a9052e82b81e86e6 1640786473201 1640786474356 1155
6847d02e6cc8c6f5e7c1d82086878aed5ce811a49eb421c44e0186bc41609253 1640786491550 1640786493389 1839
c3c79c0b4647b9c8e5eba9595aab2dccb6c482995e4c6e70f605a65e81f2e6ad 1640786510455 1640786512289 1834
32b042c1c2af8f6f1c3d93a428b1bdaf9ad05760951f668b416ad5a19e1cfd1a 1640786528956 1640786530721 1765
