cc6e0003b441b1f2ec11066c08e85e3bfb782bb6d30dcc2594f49a9413ff09fb 1640786175054 1640786176928 1874
ec0141e01afd5c84c23c01ca7a5ba4b7c57436bf8a483173fbc7f799fcbed697 1640786193487 1640786195357 1870
5a8dcc8cfc77245e2a370470878c6a354f8f1e7a938d3458377f4b9faf770e2e 1640786212405 1640786214096 1691
3f96135e90fda1df6986507f49c43150aa7bba5bc49c091deaadbdde1b34509d 1640786230908 1640786232897 1989
3354968482f65267c9e38c1b90aed72e4d94cc7fddbb99b53ae711adea42378d 1640786249741 1640786251505 1764
6f50de5a5123df6ddd1de5608eb1c22becd297db152521868005d3744a93c9d7 1640786268636 1640786270552 1916
85eece36a8a1c26995c1608ed37f241c425c863b1b7df2f47cd247099d7e4875 1640786287181 1640786288871 1690
5996a00eba0d514c4c52f71b3235b45b0eb71aef9f464d20289f021d2e83fc4a 1640786305705 1640786307211 1506
8be82718fa86c739e0e1855a6ce29f49924d824b9a1cf28fd405deb1d581d71d 1640786324228 1640786325936 1708
adf5fdf89381e327584842806b2c9dd301d38855d63b272acef526076a3c3fa7 1640786342690 1640786344453 1763
543c50bc08574c160f057bdc269c140a5efa57db02e60372f4f0ac94c9bb35f1 1640786361110 1640786362862 1752
8897f05ffa8fe9a49f8c79ad3c819aba8381190d039f3b5dd3712b8888cc3284 1640786379575 1640786381339 1764
cbaf27863b2af60d2e47782c7a5bdda68f66f93062f8acf6ede05ae9111df761 1640786398413 1640786400160 1747
f36210582b243f646567c7dbabb4a86f9a4781522f2eedfc5ebd836ba474708c 1640786417356 1640786419200 1844
ecbaa48042a56f4f8b0aa3d405b9421e21679e7e7fbf0d94897be789be967715 1640786436208 1640786438026 1818
8132e0098cf4a0a2586618fd5aca866fb85c97e3ee44eee9f5b35c5ce2d1cd52 1640786454740 1640786456540 1800
c72436acdaf73ce009ac52aca752b0237d7b378638c130b9f5378bc2e6dbdb99 1640786473242 1640786474930 1688
e6b00b98c78525cab5982f61c3cfd3a0d328a9a6f0cf78ec6b04cba14fcc7f0f 1640786491585 1640786493462 1877
a16e2052f6882208d643a23e269c9456f5c987c875efd63757492463346af088 1640786510491 1640786511869 1378
c77ea88f1955f5a4fc837c9d97c7ad9396cd7c525dcd937546df366e71bc44d4 1640786528997 1640786530651 1654
