1db87ea9468a658469ae882feba61fca9e86aea643db7e189dffab1f6c19111c 1640786175026 1640786176915 1889
6384a2f9d71a8c1158593e4011b4701a267b007c98e43836d7e3eed7670f9274 1640786193456 1640786195338 1882
456efb355c99d9a46c0628a22f30e000e6ca79548a896620a1fa1c0047e74fb1 1640786212378 1640786214086 1708
680e6e2488d6ecd902ef5c32e16f9446df6ee5288c030a55e8567302f33ae230 1640786230879 1640786232871 1992
e0024558820109f8869cfefebebe2d39f099f118dba61fefd5abf61938e8686f 1640786249710 1640786251387 1677
f1d0a424eaa1acb9eb82841fbbabf05443552bf51d93237538d8ba8a31a0686d 1640786268607 1640786270368 1761
bde448530cad1b71fa4b2e8826af85ebaeb687c6be3811e70f2c5a6d82dfc1da 1640786287151 1640786288931 1780
415d34f37a900ced5ce85463541aea80eb5d1a994c8edb63349e17174ae76946 1640786305678 1640786307570 1892
f1f3b637568ae1c89c3ec3bdaa61983c277d7a012c1c84f3bc603be6f3a89dce 1640786324199 1640786325964 1765
54bf12f43335eb4eae6674314f8e2113bf03f224894f65adbd720633fb15a1e0 1640786342653 1640786344288 1635
62399e5580c5ba2ce6e291c1eeee15cfd9fbb2354c8701f9f62b7e804aec88a1 1640786361080 1640786362944 1864
14c24dbb88e496722880d57b297d767b3f93757f7266f07d6c6144883bd0f617 1640786379542 1640786381286 1744
7e1c5e1eb9892664ba94aa8fedc54b567337ba1627d7a0a1e7f9057be50c9cde 1640786398374 1640786399819 1445
4f0d06460d3482af3bbc97c60ab366f79b02b82875b9b179a77f538bd02148ff 1640786417320 1640786419225 1905
fb189d472303145d4a9c62af1f2225b0b4a20b65da392b362db5c558131138dc 1640786436173 1640786436583 410
05dfe0df3aea2163353efee8eb521c72447c564eee4467f4a757bad0452156c6 1640786454706 1640786456565 1859
b72583d3bf342ac1735731935a9bd9780cf964bb78d8083d32ee48d41bc78f3d 1640786473205 1640786474938 1733
3fb684fa4b4738a24034ab5cf2915e7bb6e0bfa2a52f057761ab37594d2b9d7e 1640786491553 1640786493407 1854
815238b62fee474d30c58c63ccaa6023be9d33ec445ede80bcefb01dfaee668c 1640786510459 1640786511875 1416
1ee5a5c140feded71dbd6b5b204814bab05cc943868012d8a5123fb46df55052 1640786528959 1640786530765 1806
