5ed187e5534352adfc621d4b3f419837b73264b820ebc72cb6d0ff5c9de21ef8 1640786175049 1640786176883 1834
d579690a6fb90df537cf2f4507c30e6a65fabfbac6c80444544ca47e3e967958 1640786193477 1640786195408 1931
5b2f1f4d122ca343c3b40f941efc9953bcf81641bd1cb063ef64c2fe91dbfc3d 1640786212398 1640786214162 1764
e73b668198aa3f16a4cafb97df5bf68c9fb3da82d79a66ca61ffd03660808e9b 1640786230903 1640786232906 2003
dfdc455d8022afa9b996fc43774bf1972edfbf1462e43fbe743488e9048bc63f 1640786249735 1640786251539 1804
db5ab9cc86350f69cb6119d092ee5e08c321636621d8926f9f45cd6d28f616f0 1640786268631 1640786270235 1604
bf08a28ee1ca026ed5ff4c1df86bffbe3d1c0836976c62cf279940039877386b 1640786287175 1640786289021 1846
1dad65490dced8d8ea03166f431604dba5c14095182f629cf8a12f65bfe82eb4 1640786305700 1640786307656 1956
fb0b64c31a6083b1115ca0288f86dd738c6caa2a98d8b24f6f71197a4f7dcf7a 1640786324223 1640786325858 1635
ed2ae6a39d65f6d6519847154d29ef8f45d6b5988b76949647bd01dc357ca0ef 1640786342680 1640786344381 1701
77281d5e4960b9936a18e64d4590e307a50577ee1088a9601cf8167f4f3edcb2 1640786361104 1640786362513 1409
dc45c16abb87629d1d4bf2ee578bc7a80135848073d0d5afcce3f1877dd74531 1640786379568 1640786381451 1883
6d35afa02ad127eba3101cd1fe0c77d6ff0afbc4d9d57d6709234be25cfd28e4 1640786398402 1640786399984 1582
7c7bf84b0b46152781b0eba03c54be625367161513ec4e497cab499a1e66cb5d 1640786417351 1640786419246 1895
e13f88819b8c2321e968439f15c75bc5951a646a3d67bfad565a7830c80082e3 1640786436200 1640786437730 1530
0db59f77e795de7cf0fa75102a668dd37868390dc0693cc0824fa42c3f199646 1640786454733 1640786456538 1805
c36fc97acb4f414321bac28233e3cdc03dfb94047ed590d57735fd1a348c3305 1640786473232 1640786474881 1649
773fe30c61f85cb1f7a40488e6eaa1f8ad4e4bfa3a9cfcaca12071d0aa22e33f 1640786491579 1640786493431 1852
e61a0de3482bf9f69ddd9549f6f4c2020ae7fdb7d1f6819a6ab0288bc628cba8 1640786510484 1640786512272 1788
f5867f31a3db43ad8e8b5eaaa34984ae16fe614458b94309e0db003d913d411b 1640786528984 1640786530737 1753
