a4b9acf4a8d6f16b13e034ba2d3cafab031b19ba67e31f78b2cdb78f82e04e1c 1640786175041 1640786176861 1820
ed9090403df5e992ae5806f16d64649a6cc2d361b7429c4722cc4bdb2565a0be 1640786193470 1640786195363 1893
c33a9371bb882712dac6e8c8ad8e74eceb9c43771aaebbebfa423df466023cc8 1640786212394 1640786214186 1792
f06f1ad1c870b049f07078445fc1a39d0685e78b0aaf41f64c9ab8927cdba35a 1640786230894 1640786232771 1877
ae2f0d96ecaf805e937e63fa519beed6938c3891cf8cd53fa698c4e322361b5e 1640786249728 1640786251216 1488
86e1b51e01f77683ad315a80264e66403596038499719bf395eac295eeb60783 1640786268624 1640786270551 1927
90d270347682a07633e9302fed3a5259c49c7cad405808093d6194d1e9261106 1640786287173 1640786288925 1752
e3233f556e1413b3a4ebea6ad2f87d9c5f766a4df00093d6337865c01329de24 1640786305694 1640786307655 1961
3aaaeab7e181041bc0d2b2f71941bfd324bd44518dc20c3edd1cd262a396b5f4 1640786324217 1640786325962 1745
5ed1969223fea5a89cfadfe60cfed1bfd69d73093b25355f870c1720085dea43 1640786342673 1640786344188 1515
ad7fedeef919e32c64f1eb5da939f05cca36193d876420fd996180f3427ece60 1640786361097 1640786362952 1855
cc91a592527312d28cea041d7d9d89282dd8750ca3fba9b0fbd48f015d5c31f2 1640786379561 1640786381453 1892
e1615371a3d6d4214a0607b6b6980c08bd7cdaa08cab2e6a01cc4aa937b48c3c 1640786398390 1640786400053 1663
7db772bc84c6215d3832d409fe30349ee8c8e5fd417fc473d877aabf6712f0f9 1640786417343 1640786419222 1879
56fc264714ec081faa50f1d72ea07e7954b0bc4e4a614583682858c0d60ddc71 1640786436191 1640786437971 1780
fe549d5aa299db7fed0dbbe6d7d64a93dd80afb96e0b8887a68a7c670aa28afb 1640786454725 1640786456348 1623
ef10029d4901311330cb657686275bbe39977594b78a30e8debe0ddcf1635fb1 1640786473224 1640786474826 1602
2615ae6fbc2d48fbe2f4a15e04bb6bb9372ecdab1eea332dfbf88bea302c181b 1640786491573 1640786493457 1884
989b37acbc674b1063e8632a4df829a19be7af646954cb66439e7c760e9ffbe2 1640786510477 1640786512149 1672
6eb91cd63b6ac17d62d9884b87c2887a27cea71a000408045e27c2c2985e605f 1640786528976 1640786530504 1528
