cf13e5b430375973b9b9815fa4298050f5d0bf0401f16f7b7e99b7f4ab01ca2a 1640786175039 1640786176834 1795
cee2c5dd6d0d4a6fdebe35cee49bd7d19f78d44963a6b7d65d0fa4bd61d23901 1640786193467 1640786195080 1613
b9cf257cc2d504b000881072e01909cf2e9ef61a399ff42f012fbd8673d756e9 1640786212389 1640786214161 1772
8112a122730e753007646c46ebe7626faa92675b67df294bf3a78dfe210ba00c 1640786230890 1640786232818 1928
0296e0ad8111c370b008de680178889ab95c442a8b50a6e4fd7a4a93042fd0ea 1640786249724 1640786251539 1815
2444b9d5d69e114853fa3817659fad0dac5776cd59b59a9fde860d08a4aee14d 1640786268621 1640786270541 1920
be222bf19e8746e7d50d1e1ad0b86ff1afb5e6ea55682727ece2d59dea634529 1640786287162 1640786288778 1616
05285f683e8734eb5e7d4123d83511dd43283b1c85fe07940dfa8d3aa4662de3 1640786305691 1640786307678 1987
626dd2930d9bd1f3031af1c02cc9cec4ee35ff5b9c20d7ef555d45f0ff261f7d 1640786324211 1640786325701 1490
261228900a45857f0affc9a8b0bc2d4884524ce6650ac62a827f8755d6884796 1640786342669 1640786344492 1823
e7517331a9be48744c87e164e92dc8d8c2b1b51a54afc7ad872dccc37f9d3bba 1640786361092 1640786362879 1787
c413989a5e9f66826d116bc5c1392ccb0c34b3a8abf0fda2945f5012913f017b 1640786379557 1640786381091 1534
21b9d24e231b790c008bcefa9f7e440adce542ea061113720dce8e81dfcd441c 1640786398387 1640786400266 1879
b575c44de2d0d27461b9db38aeaccd8f7a60139dd67741b3d19b09b3fa0c8d9c 1640786417341 1640786419211 1870
1a46a9af44ec61b9324adfa9ab5e14d5e78e8cddf536b0beb8bb438e3c49445f 1640786436187 1640786437867 1680
db7fd805d2357802fe6bbd79983dd745a7382adc8ca7855d9fb903cac1e0cc29 1640786454720 1640786456240 1520
5bd1a7125b007bba8ff6df6e3e7c80d8d48ccdbd3bbe870ed30a8e20e1f22bb5 1640786473219 1640786474555 1336
0dfe0f5162b82388f55c731b97719063bbffd4c938cf3af1348a5977ca201f59 1640786491569 1640786493006 1437
4ddeebc8eea0086af1fcd2dfa5d73881416751de33d472c15691dd0ffaed50fa 1640786510472 1640786512190 1718
a3c13b930789057b796a6f695bd64ad84b5371d0c90dbe7d213bcb74d90e2131 1640786528973 1640786530720 1747
