d4e9a466d7cdd2efdb71d28e5236d9044d1103c58c40fd65f482cb3e43d34d92 1640417418824 1640417500531 81707
fe09433ae306eae4abb717ba8188c8f1a586596526de7133bb984fc02d2d655e 1640417649572 1640417718703 69131
ad8da23657aaef3bebf4000b07d794b14f6590f528eaa93c1a7c4ac90bfde22a 1640417890887 1640418015191 124304
5852a578af5e3d6fdc07b0ea367e4144620e3b4313c4cb504c60598e12b0775a 1640418132568 1640418212320 79752
227f4fc7d915c24edc13bb80e94c447bdd43cc143e2b3e1b3d1d1d3be3856b81 1640418373956 1640418440743 66787
7ed3663dedf038b2e5034e18b223a529d73f0220854a439c2df7630bcdf870da 1640418616459 1640418729877 113418
fad85cca6051d258bfd83cbaa91224799a5dd0f42a5e59fff1c3a054eab3a3d4 1640418858657 1640418950190 91533
163abc9ceff03bea41de6764bc61db9a4d999591e5da68729cd3debd129f975f 1640419101045 1640419236808 135763
23d6c2aea511f2ebd701ce66130b6b8ba45731bf0f79183e50d7438de08e07bb 1640419343612 1640419419289 75677
6fb62ceca0439fd4e682d8a07d476c8b2462981be1967210ce4938835a478809 1640419586134 1640419663972 77838
99558c3c312f821b622b9c65c40d5b24dbe913642163827aa0f9f95842c6db60 1640419828353 1640419926262 97909
cae3977bb8a49f8dc614db416c815f65a326229b4685de23805444ce3f33a565 1640420070928 1640420139778 68850
5fb1045f6e80ca2c4450942fcd039a7c970c2a515cbb9d17b4f25e1e91ccaa09 1640420313449 1640420440162 126713
00d86954cbf75e0935a04f048eb5b64b8ac715c555bd180daa1888ec322d52e2 1640420555935 1640420666814 110879
35fae7bad19c50199d7f80640aa4d4650624c0d060a1a00d38d7041c82225556 1640420798137 1640420877827 79690
69b789524bef35a7ad5d3abc0917f72a2b0dde7e2764c1effb053eb345128e8a 1640421039641 1640421128371 88730
2824f280ab11aca1e6651dd69c8973117da6a67a34648f8cd07de3c12d0862bf 1640421281900 1640421340391 58491
b2e8d236aa6b54d5825e1821b5b64e162c45051f19c398ecf37677728f2ae2e2 1640421524377 1640421613399 89022
ebf33962defee991c27c21609b71e13af9a4c44803b493e48b65093b7ac111c6 1640421766562 1640421872973 106411
91dc85e3536a68ec55ad48f8e81412e5ac391d0f0709d6b5649179b5690a0aed 1640422009070 1640422091125 82055
