c3745396d63fb3df2834ec667f17f122602cdd0f9ffa115d07a1e6b357a745a6 1640417418839 1640417614182 195343
82a4c7b5c697d35a9636b07ff0df6acdb4f8db3626e30855fe4ab60a6ce58982 1640417649580 1640417776410 126830
5187f2ba044cabc01bf4e6c91dc2f31690eac3d4938507d69a6ed069f7900a59 1640417890905 1640418088605 197700
eab352eb3782c0dd2e65c6a07d8216b706c2dddbe6b3ebc77aa5beaeb40755b4 1640418132584 1640418334909 202325
5500b48ccfe7e12e2abc19dd8ed2c666bfe050c9f72593260278bf8e54fe850b 1640418373968 1640418574483 200515
5abac86a21fbbcb010053abfb2a9e774782f4872bc583121f3b4a874f07d7bc5 1640418616471 1640418812167 195696
6a969c147fe7ddaa77af8201b14da17bded5695d59df317fb1bc5f41234deab9 1640418858665 1640419040972 182307
5329884c90a194cf73ad628b0d712ac79f33419a32a1e89c7c24d658c42cd2bd 1640419101052 1640419294334 193282
faebf5691ca8866cb0e202083d72af86820d29aac9d8227357bdabeba4b0f97a 1640419343624 1640419527833 184209
92bdbfcc0b0b70dbfaf3bc3627e04a71777467cf0567a2cfdb893dbf26408c75 1640419586143 1640419751838 165695
f3034b601f566a47b48fe471a0740025e466415b6d10c6dbae000cd99aac8207 1640419828361 1640420005994 177633
354206c083204260e21ee2b33fd25218477e6c32d217de9aefc7767da2df7c35 1640420070937 1640420278325 207388
4e1ed90c04e9233ff0f8fbc5506a710657380ba3e0ab275b5f96e0a9599ee433 1640420313458 1640420513990 200532
41b096d0418c17d405c610e92c26d555a02bfd6f3e38e05837444e5e758ca7d6 1640420555947 1640420767772 211825
613191688aea9c0d01933e896e863afe7e28f0dc30b0b347141708163f792ef5 1640420798151 1640421016694 218543
7b197833b5e0743a74f4be681ca55e6f11b7de5219b45e9d11d0764d3759fdad 1640421039651 1640421226042 186391
402d512d3dfb3f377541c22c94744793ed777bac50d1a324cd23e0b9069e80f5 1640421281909 1640421434125 152216
7c5c8d48f0647f0db37c6420ee49e4cbea8e03687c3335c81779745f775a3443 1640421524385 1640421651085 126700
082acbf9452ab1a4c0aafe598907eb17a27dd95021b114d11ab7b7628506ae87 1640421766576 1640421950807 184231
d4f18a27b86f8a49bbec2e11332f69e13c92edbf106e5093e3762a871bf2c7af 1640422009082 1640422211935 202853
