4926e6e4e8441c4428e974737ccbb035c3d52db933e1cca65f60c3c132cf09fd 1640417418831 1640417554256 135425
2018ea8775792fe27c994b05234e378a0f2513771023fdb9c909271a02db9d6d 1640417649579 1640417824441 174862
d9a378fc91839711c5deac59cf3ef4e40210e3cca58a7c729a262ffdd7f72b3c 1640417890899 1640418088909 198010
d0841a7d0352a876511874adcf8d1deaa4c64cae41be18245e01721e1b34a9ae 1640418132576 1640418339685 207109
538e4a678c2fc0769eb430ff087958aed38774bdcc27fc119d05e7b037f7d850 1640418373964 1640418548920 174956
f5922417a5377e1cd8319dbfce4ceaac590ddf7baec68b3b18e1a5b16a6ed45e 1640418616466 1640418759284 142818
a87004e7fdc461df081768d37e8c823d38fd6cd5f7fc599e39090f2be1f208da 1640418858663 1640419008722 150059
eb65fe5259710bff5c25cba5f755f4c913381bfd4febd158cd180ba6944eebc8 1640419101051 1640419232455 131404
1db919ac09a79372b045f8ea33028e6856d253c5ba81ba77f1d7d51be4b83598 1640419343620 1640419491024 147404
328e7c822c82cce7c655ec0315ebbaf5360794fcfd890247343748296da04f84 1640419586143 1640419781966 195823
441818d24d22bd74001fe665fecb755f112d6c255a18cd70cda3ecc1c2ff485c 1640419828363 1640419989890 161527
1b6ed1681367e5bfcf1813bd74a3bdcf706f1064945ffd3a78a907cdf051b42a 1640420070934 1640420238742 167808
9d9b74deb22203169b7dd86209373194d0924d1c502da21769cb4156aee8efd5 1640420313458 1640420456050 142592
49e71ffc536ca16f7b2c87cc3afa0be0d8c073bba45b09007cc0ef47ec335a52 1640420555946 1640420749074 193128
5835defc49a71c4c30105e4cf797e80a6a7bc8dc1217a942f5159a8a94a30ea9 1640420798144 1640420938128 139984
892f20ab181090df83678d265e8ea02dfcb1453bb9fc5a12a0a71bd9be314357 1640421039649 1640421184807 145158
ee4833c6e79923758eeff96d651a8b7496c82facb713a1389817de05f9524801 1640421281909 1640421413694 131785
b8cc1aa9a8673d446d732bdece8e55f4b71d4ed8f1a03b628a9f506033f92ad1 1640421524385 1640421651292 126907
8385c568c5513743c03919237bc88e4fea3425ae11d1a873e2df1eef0de81ca9 1640421766571 1640421941418 174847
db2ad3378eb33795019f2dde335a9a058abd2d99f55784cb849932dadb5dfcee 1640422009078 1640422154245 145167
