1dfac3082b4c314e83db62d054036342903e65ef353ddf6c9db7d4ec47dbc115 1640417418841 1640417642474 223633
131197042b92ac944b50dd2239422200890a0c2a1b9145e24a0be452636a4688 1640417649585 1640417836113 186528
a1ec7e1c0d8fdb1706cb9eecb15278936121afe31c2adb8763b57841eb047561 1640417890901 1640418051568 160667
12987b923004f387b975c101f5ff23dff2ac23a3f24d66bf821175b1e19184bd 1640418132583 1640418286479 153896
7ef1d4165231f52edb5c36f4703b013f04d1622e056c461f4dea9012a5240571 1640418373974 1640418598338 224364
7369c8ea1c3291bd98a5a6440058bbf2bd3a4d059d03fba94c8c2de00656029d 1640418616471 1640418816812 200341
46cfef06d1f6268dab2074438350493a501cce2e789fdee02c7a378709b0306a 1640418858669 1640419033866 175197
eee12774ec388543684f5e455934dc7b1f35a6a1244b1558731e467260c1408a 1640419101060 1640419303621 202561
37a7f7f59e1cbb0482eb5a06498422f03703484696c78bfef18ff3d8fb725e91 1640419343625 1640419504751 161126
1e295deaf0645677e87129da7b4929d5ead440b798da79316dc72ae78eb8608e 1640419586150 1640419800788 214638
8bc3a5fab0dffcb72deee5d66bd2f9b1770d420d3dc103001ea60a8ec576aeaa 1640419828366 1640420043186 214820
e62bcafd39919847a40d8838d5c8928b8ddc83cd81c7dc2191948635b1caa634 1640420070942 1640420255008 184066
a3f334c3a055dd45ee0c82a51e961937e14d595a217a22c67af3e9308ec45cee 1640420313469 1640420537635 224166
295f60aab71a72a4b197485d74ea359fc9f16b1de700ac7a0bb68648c168d0f8 1640420555949 1640420760649 204700
3b3cae930b6db8d54c467feacdd51e1f51fc22431ac0689c054da4aa49513d1a 1640420798148 1640420961058 162910
7b1b3c287288538672f5dea164079836c9bad4e830c5ad6d448129cf7a2b8e86 1640421039654 1640421235353 195699
d142b8a9cad15f7d2e14b982e8460cc1411cd75e9e5b3e2185b1316287478e8a 1640421281918 1640421504161 222243
1b3f9141182ef7986ac8a30195be5d7de14f826cea10c491d5ee508a39cfe67c 1640421524390 1640421698935 174545
89800fe0e09b24bd51419c9b85dc94303716bf72d393ca08266661fe7faca271 1640421766574 1640421925122 158548
63a5d16fbcada7762b9a096b8d3d9d5bedc121e67db6e3543b5e03c2532b3ff5 1640422009091 1640422228481 219390
