46d960f556b0a4421fb6ae15704176ae82d8444d2213ffce9bb006db0e6619e2 1640417418834 1640417609312 190478
7f93f17abd571fed7ae654a13b93ea12c0b573758c13fcd76a538952a3599227 1640417649581 1640417842897 193316
5aed4074e5d80f41ca247e091a0fa37bd342511f0f94863e267a1b83f3d6ef1f 1640417890896 1640418067786 176890
babba0a1871189b72526152e2a24148af65104387a5ddfb13e36e33bd9697d14 1640418132589 1640418353738 221149
31e8236caddd679b9cdaa9714d992df8a5fafae66828eb77711f43c3b2fe8ca5 1640418373970 1640418577031 203061
12ca1ad1016594ea974f8ff6287e3892987f3e53659f75f4321f8ec39b4a017f 1640418616473 1640418840595 224122
406aa05bdc63d26e0b2d74bcf91dabe37fa45359c1c24248aed30975801c9537 1640418858664 1640418985969 127305
067e6e865f80eed555081d46c016958fb9132b1ce80bcd0f7e66f32a6acb5b15 1640419101054 1640419266846 165792
d991b65332542e675d20a0c294af510ffedf5d1779e34bb494102c2b321834fe 1640419343622 1640419525592 181970
3aed2df3b0102ab2a2b586dccd6ed02fbd369649b84974379d61009ba5561f02 1640419586143 1640419749539 163396
4f75bf4011ea9ade00a5a7bac7de20d24f95bf0f941b6cf53d874900b5bbea2a 1640419828361 1640420012751 184390
e96f0f7e392120a9697816cf604d9f26c6e3ef28f20057d5c359f400f0639627 1640420070937 1640420211165 140228
abb25bc26ef0eaa7b467d6c2df7323c9cf5f7f6154a7209c23c22953ebde749a 1640420313459 1640420519000 205541
8b4d99c0e9d1b6fe9b32eeb9c923ee00609239e17d8a357180bbf3de3bf5628c 1640420555943 1640420723698 167755
bd02c12b0c277c8aa08e26c8d88620ae6ff2c72348603cb80af6c320bf35c6bf 1640420798144 1640420984018 185874
58a2c10ff948cde02020b31997f8b3795475afae85b90993f451f3abb63ceac1 1640421039652 1640421212344 172692
5a056b03883f23d044c86f8a4b9814ced7cf989e7d106932c2d5fd52d5d9dd9e 1640421281907 1640421443210 161303
f9d857a231b479e3aef2712c85388b6da2b623c51ca8b43e8ed85bc463211398 1640421524385 1640421657826 133441
4fd16f2513c9be1b689f69908c66909acfb0bfe395f7315563c8b2244b23ec4d 1640421766572 1640421990434 223862
b4bb348966b4b2430e66c41b21ccc749aab84b7d4140ffe64e7324cb7642c3c5 1640422009085 1640422204978 195893
