cdbdf91bb89762c452c55242028b17b30368f491ae877424b97948fd49f48c71 1640417418820 1640417476360 57540
030b7f9aafa7066a018dc6a78680cda0dca9ecb4a9b5937e7fb7f62354b67d7f 1640417649569 1640417656107 6538
c259e41fd67853cd34cb540267daddb52e9efca6e6a0702aa2bb1409ec2d03d2 1640417890882 1640418006192 115310
d6c6fe55b882982d304ee456424d85e760d553c12a9653df9a887eea2f31dcee 1640418132563 1640418177691 45128
7c484e31a51da11cfb7b91e6f9a0698b79e1b555e6520c40ea5b0833b9d29fb3 1640418373952 1640418425487 51535
5d4fd1c10ffa199adfbf842f27790fbfaa41e215121364e49a18df15008eb749 1640418616454 1640418661729 45275
cd0e75d9f891933132b64f9f242cb6fc9af4805d6a05f4e9d674114ce0fac6f5 1640418858653 1640418895143 36490
a38d0b4e46f3589d1515e6d22c87c04141b997e4328c1f7bee2be142dbc99998 1640419101041 1640419128859 27818
44f1f2f47d84da6e434b2b11b673a981d7abd1650afc8559126244d5a5d21c5e 1640419343608 1640419408210 64602
213ec4628020066b9d1d0b784e79e84c4286aff524b04a942b65e2642a545036 1640419586129 1640419675085 88956
44a5a3eb6a7fddee3698db08930264c69234dc5aa34e5c1047937a0902e28307 1640419828348 1640419882256 53908
aa1f6bfb54520567632a4bc9f901187cfa651667705aab56c770b5c32ca7d5b2 1640420070923 1640420109485 38562
5cacf52d302bd849144e5b2d2a8d038e80aa603f9daef5155d46d086f2507bc1 1640420313445 1640420358484 45039
ce48923dcaf6e5b64e4afb9631a4fa24909549787315b2d44eae52b157697d2e 1640420555930 1640420600866 44936
dc885cacff7a3184626a14405ed34696c5443de2c581b79ef9a2f49d3c1ac52c 1640420798132 1640420840754 42622
f007a17acc64ec6a6a53e097251c336529df42be8d80f7113c4411784985bdab 1640421039635 1640421071768 32133
55497435f9377ec213f5fb0ad1f52eb3e708d55ac5a7aa69cb186dd3e5145b26 1640421281895 1640421357898 76003
24c813f2c4c7b8f5b899abeccd3cf7fe0e8858b6abd0db52dc486aaef4a9a8ac 1640421524372 1640421578240 53868
3ef338a778bac5a13fac0953baa5b5ab6c617f54d08308498719e3ed2d64fbf5 1640421766557 1640421809410 42853
f8e21865ab7f3c3cca041391645cd1bde6890285e26747d5c62b53a989c59aeb 1640422009065 1640422056202 47137
