5cdcaf622f51682dc8788080c3a0b672e74fe51265063f121472a7fac565df35 1640417418826 1640417547469 128643
2131cf88bfebcefdd6273f496fe9ac8a37bc875e89f83ae7abf37f5736455af3 1640417649575 1640417767540 117965
d6fd9ebe5196ebda7dfdce7cab7671646eea59a867224c6ac37974723eadebc2 1640417890888 1640417955314 64426
24a886de5a1a1b418de760e05674196b4c0879063891fbb166b936ca6979bf02 1640418132570 1640418223362 90792
79d83b4b02903bffc079b006bee256c99c59dfd8c22be8a3788aade23270334c 1640418373958 1640418484725 110767
3f12b33bbf569fe7d7447dc62b51264978a6196051a40832c6fa0c63076e0345 1640418616461 1640418698680 82219
e67b1422b72ec0ee0f0c48a63bdbaef9e598357a014e691ff0b08dd0becde64d 1640418858659 1640418963451 104792
86f0c12d036d86dfc206b4fc82834bcc024ebe0ea32f91a688cc270fc452a7d5 1640419101047 1640419223237 122190
e45556d2688bb75a0d9659630d49e84ebf4f396a06e48b39a6fff7e5b907e29c 1640419343615 1640419477351 133736
be7e633904a61e54ae5873c5b006ffe61d0358c7b4d1b7dfd36ba0a8113b34e8 1640419586137 1640419701810 115673
6c2d761ec4ca0f258aaa2f4532434dd44c28e34bd021ca346f7feddc9999cde8 1640419828355 1640419935225 106870
4156a51a7d4ddb4cb5ef4c8fdb1afd146bb307fec8c4875b41e14ea16ec72895 1640420070930 1640420184173 113243
f600575d5fa633d614f66da1c40dcc22c18319d6dbd87f3ec5a2c393eee11189 1640420313452 1640420395610 82158
f68547afafc714f39b78d5028755d6635af38c16e074771100f89b80492463ee 1640420555938 1640420662335 106397
b42475f84dcebc30061a5f3684c113032ada2d5299ec4a84fc87888e03ddeb3a 1640420798139 1640420909012 110873
cd8a849b60b82e58bb5171a477e473972a657bdbdda38269bedfdd641a7571e5 1640421039644 1640421159748 120104
4b05b3538d166a54c614e5a05116040ef5149a9c13d48edf252f0297a1729d46 1640421281902 1640421427317 145415
5f1951a37675a15871be8b4b9043eb07737e1ef3d09a2d69c6bc8fbef4771b6c 1640421524382 1640421644501 120119
4f689dbf40b43da3a2eec07a7dc79b49defc431904ebb6e6d3d4c5c43eecd47d 1640421766564 1640421884251 117687
3cd62b336705d15f349f66fed9f478311a7ef7f5d47fcfba3748a136c90016a2 1640422009074 1640422127211 118137
