fb49b13627ef1ef44cb131026b813def19efe9a599ae2a3c232262e2dff45a61 1652086245048 1652086245257 209
78541cf48bc2e14dc9476253cd2220a0c52c806c0e7499ec4574a15a2be2bd50 1652086246204 1652086246401 197
ceaede7bacfe83d5f500902eb4f836debf19af8c5524821d6d13cb11eae50274 1652086247314 1652086247516 202
f55c47e306c06c369c0079bb28c6f9cc88d53006c8ad7dc91786d82283ae73a5 1652086248482 1652086248676 194
8b06d0f79d6f8462ee95911fc3b88ba02de6c775aa3c8ab12a2b1743982c5a0b 1652086249548 1652086249766 218
52c9ed5673d910ee3ad2c06812e98c7bd2236b4e8f1b26e896c1e7b9ef4a59eb 1652086250717 1652086250907 190
6aaffe117cb9d800a6eeb3a85709f263ce1f9d3b977f205600090c0f2e3cfc0d 1652086251843 1652086252037 194
003ad3c84a38423a106d7a9b4dd8aeadae0eb0adb43090a56f1c4b80151f1ad1 1652086252969 1652086253153 184
18d2f486264e5c43a3a1625736f7b6a6d333f70e059ec99abab4841191bb4a8c 1652086254131 1652086254339 208
adad9f4afe84002a1258abf22a812ec9911f1439a0c6d2e427cf81c51faa35a9 1652086255284 1652086255490 206
