65fb25fbc3e52ca585d7aafbf0e9121235f0af35592b03251fcbe28294645217 1640794456399 1640794464496 8097
acaade07f717cb91531edc1303ddb09501213b4e1b5e23861f68d5c396c5b84e 1640794512530 1640794521225 8695
0ad27dbba941c2749eecc29419e82e4b725a5844ca83c5e5adb606da16f3fd18 1640794568277 1640794577594 9317
53e552240d0b9e91d5229f31748d312457e07187428eb4b7d46065dd39c75c26 1640794624153 1640794633287 9134
36c9b618e41d78ba8f70913f8c99913a8c4b17a884a8273361b69b938262ba1f 1640794679465 1640794689073 9608
8971929b667d5e2b4d0bce4fd6918f5b6fbd68cfa898caacddd0330a260b4a8b 1640794735409 1640794744170 8761
f76189088558f21d09a362291a6ea4f7a141d333f9507d3663c1c9a92e1346c4 1640794790944 1640794800412 9468
4882c2e3ffa856c6814bf5449bbb0779b7ba12d18620e9ce37cac4b53f17feec 1640794846983 1640794855800 8817
d96917fe91812f60c0b849dd7b7d493e34cd43cf6d0b5e38c7485cff119bdf84 1640794902677 1640794909780 7103
94e88f70ff3450ea5ea37eedf27c7772b11dc1d8dbf568926d8f0240d39c1a19 1640794958240 1640794967439 9199
ac3d359bc81fbcc9d61ee5c583e02bcc0d73d90e2fc7359e7fb47115b7d3d416 1640795013748 1640795023206 9458
499a32da7f6ad835fc198cd186fb97f83ca3a2e1f2231fae081fdaf98c5c5fc8 1640795069398 1640795079045 9647
3df81c6a0deafbe594ff3dd1040cb762aa3d728f74e7cc2f0abdc88993b58db6 1640795125041 1640795134174 9133
60488d1a8d8401f9f757aa4eec978a6ee08efb8d73647eb5af09f9a88a8d1c16 1640795180373 1640795187772 7399
629bb9e27f1bf2dee048d76272aced7f0b63de4a20c54d18c9611b498b6533dc 1640795236078 1640795245007 8929
91fbf29f0f6297f72779a9a39eb6cc181b877af5da3f34c5de6c0bb53a2b7170 1640795292023 1640795299305 7282
3a1d5b9073494fa317d265e57d92d2a1af7b22cad9bfbee93c94164ab932e00e 1640795347830 1640795357669 9839
e7bf13dea3f377ebfc32d86feedc1716ff1602ada0b382868c73fc8e5a27e877 1640795404159 1640795412357 8198
b4d877dd03daba92187ccb5cd5ba68f5b6a29bb7ec454bb7b9503d04de90670d 1640795460171 1640795467094 6923
145106e159a2564dfbd7bb89ca7b5c208d2292f33aa4b94a86ea10d3e4abbcd4 1640795515170 1640795525432 10262
