ea831deb55d34c843c6efc99cf70d9f2acc9d1fbf05265977ca0481d407ed7fc 1640794456426 1640794465177 8751
79165e20d7330fe58f341c77c4cd11c8d8ae4935c9c1fb027328261a9655b49f 1640794512556 1640794521437 8881
27574683b082eab3956b0a77f10afe86c086341017bfde5023ecc2a19828d7bc 1640794568309 1640794578071 9762
b7ea763e2094ace4085af4be116a7ea7b484d709fbeaa1f908381921991fb528 1640794624184 1640794633457 9273
e0092a00a4a5d2967aa857c31f6d90150511579050893304b29e46ffc32bb0e4 1640794679496 1640794689345 9849
6799e44934a0c885a0789d942020e66b2df479c9499bb1425d5f4c1c47c7fcaf 1640794735446 1640794744778 9332
571009ef8894c319fadb5e86cf712b812b86d34b1ecbd8511fdd351dc7580264 1640794790973 1640794800739 9766
c318eb74ea6b3aa5ef8e368aee1849830220967f268b019a861af8ce6600a2d8 1640794847024 1640794856671 9647
4d775f91a7b6bd4c7d0f2643156058e58d41a2896a93130226f75a7dd9e479e6 1640794902711 1640794912017 9306
f49ecc8172ecaa3dd3a82fe6748d40cad744bcde2153f58b2450e63689425b75 1640794958280 1640794967277 8997
36c02e5c299fa31fbefdbe50200799a871d96208f6ceceb5b84027fcdb89074c 1640795013798 1640795022554 8756
d860e47e9ef48a2662e4b5534d71042b52a6ebc8b630441236135b4fdedd16dd 1640795069437 1640795079073 9636
227f232d36301b5bc5dc36130b2b599878f619368c26ec10af71b4f22a1d390c 1640795125080 1640795134149 9069
88db6396dc61f8a7bbd5bcb521494d4f78fc12339dd343e2710a026eaf514b22 1640795180410 1640795189721 9311
8b3e6f8b6f74d7dfe7dc75b097ac78888a09a8bb6e3f4cb8f252595d18d53920 1640795236111 1640795243858 7747
f55504eb431ac29f8f38ab3fa8ba87db4f726c5cb59c43e9bc5fa46c47906e50 1640795292063 1640795301692 9629
0d904243e2a8cd7978c635ddab28c6d688a85c22478f128d33cfc7c4e353b4d5 1640795347864 1640795357433 9569
c588d2c33c73e66e2aeecdd5fe2e06a860db639c98cd615aaebb62cb5e3c25a7 1640795404199 1640795411761 7562
57fa503f2eddc39bbe1b7bbc2df1af24eabacafb05433795eaf9fd2e384c3b65 1640795460208 1640795468860 8652
bc87b358fa35e0359916eb412ed54add849b1643d5a2364ada0cdfc77af49460 1640795515209 1640795524491 9282
