ed3d2456df6db895c1d770231f389c98223e3b5e2e145c0e9d4b1eeea5d14bc6 1640794456434 1640794465610 9176
c4ca822762acaf15a69f125baf2cdd17790fde1dc51815b795b78ac52c0ad27f 1640794512565 1640794520284 7719
1df7b99e340dab5cfb72424b489991a065508d93b0f830d8865e80bb1097d34f 1640794568324 1640794578321 9997
bbfeb7eac7ca7e0774b665cfb1100c7d4de9d75ea4a41419718bd9cfcf326c6d 1640794624194 1640794633736 9542
ae100a3ca63f5ccac5aeffe22dea3f0db54684ca276c06cfd267e6563d3529ae 1640794679511 1640794687526 8015
0f9f29c32b87d512aea66154abd2bd3bf55e9640778aa8faba0015eceb00e45e 1640794735461 1640794745036 9575
9b82571cc0b1388cc85e9e9e1b6d5faa1343135944760eba973b53f4ce77591f 1640794790986 1640794800908 9922
34b1ade5210cdb187c343f94a9db7e5834e2f510b37d792c1e089c39369962f1 1640794847026 1640794856403 9377
a50e4eeffaa5b09341c3c63b3231229daa53b7e2653bbc6cb6d886dcc4b456c9 1640794902723 1640794910932 8209
fbf5b9b5d32f49c02729c005ba912e68b0230395c883b84430b556a582d69b68 1640794958283 1640794967194 8911
6f86c761ec5ca1078e799e70c94fb92152ab32cae1ecfc09f0cfe37c47e2ce75 1640795013812 1640795023090 9278
a2b5d1a060c3506311fd66d128968f2bf0ea2ca468a77c1fd104b36dd39a52fe 1640795069445 1640795077751 8306
82d23f866691c75ea612c8f0cbdbb9ba2be39969fd68b096635bff0db9a798bd 1640795125092 1640795132446 7354
dd58b0d053d05e6040cb079c810ec1f61d1ca863bcc4e461cdfcdeb2e8623181 1640795180423 1640795188243 7820
9132f490b5e43ccc8b5e7a7012fe0b12eca77129b19ea56e8417bb3be8d5b5bb 1640795236127 1640795244428 8301
81ff5aa9c648db50256aa499d4c24fc77c5e0e1cca5ca7843e86f9112301d3b6 1640795292073 1640795300052 7979
d7714078a7fffa330ea17de5e520df06fc6c812ad713fa33e5aff17a01781039 1640795347874 1640795357300 9426
293c2c871cae8d007e32cdf486bc0f54e344fe9223f433713944335dca0aec7c 1640795404211 1640795411320 7109
3c49c046062541f932902d673153cf92eec735018f9d0744e865de84395bb63d 1640795460222 1640795468573 8351
b7ea2b9fff1c322a28df61e03e895da95aa261b5ba4e6ef85fe0dd676890a50e 1640795515224 1640795524423 9199
