f313e44bd7aa7d3b2996c9fcfabf38b493733e9bab58acebfe6ab7b5d7137a6e 1640794456402 1640794465177 8775
ad9835396bda55972b09b3d7dadc1f9c0a3bfa2f149645083b196939aae89579 1640794512533 1640794520990 8457
9cb17afb7f615cd47d88725cd22437acbba6a87bb30edc63afe5df6fd28fb726 1640794568282 1640794575734 7452
2614812de419ef40cc75e7653cacdcf6525b12c5cdd00e98f8b032253a6ca4ad 1640794624157 1640794633222 9065
c48a75c2b06263671b8e1c44df79bf9780521c1ff467b4b2dd30a9da164ec6a7 1640794679470 1640794686529 7059
d2507d218430c6de031e554a95e7d1d8976679e00c767e48e00569dc60aa4f57 1640794735413 1640794743744 8331
bd5ed2170883d82f1ce62116526dbcc7c441d50fe478aa66231a77efa67b61b4 1640794790947 1640794800739 9792
07ea8bef32e8cac4bfd31495ffdf4dfee5d7a1f73786119722d305c991450e59 1640794846987 1640794855972 8985
0a5d33445dd34eb9510ac14124c970a5b114e31c8fa1deeec999e3fc164b9c48 1640794902682 1640794910034 7352
54838b75970541a98cba14eda4bd79edd53052297bd1f4241e3878b58593d0f0 1640794958244 1640794966908 8664
138634c41c25126941fcd09dc049fc4603ce75eeaf582b6d5afa730bdcca77c8 1640795013752 1640795021306 7554
422a775dba49076b547360429d418f3e6c6bb713d2e58875751c7fc796cc4f99 1640795069403 1640795077244 7841
25382da1420319af142943ad2fa1c45ae9b4d363b429bb9bcb08e8855f4a3e05 1640795125046 1640795134287 9241
292a5feb3cb4fa8421984d2c852b411d6dc9e0d216b781c24b0cae276bf6bcb4 1640795180378 1640795189949 9571
7880191c1cdc5ec13ff2bb39084a22842a58ce7c3c2aa8a8e221b6998329f0de 1640795236082 1640795244333 8251
ec1fb2afe87858b8470e03ca2cc96544502986f1b84a5ceb3ab00609e0dba3a3 1640795292028 1640795301535 9507
68f2e36f5319020893bf982aee4c9e18ba38fb743ab536b9a7dc4ff4f16a721e 1640795347835 1640795356395 8560
9b02a03676c53f3b3c63c63aa63aadafb27228b4979ae6991b9bb123b9d1c37a 1640795404163 1640795413631 9468
7b75eddfe6119381f9ebb491ecf653874d0b0019c8461390fb6a862516f5a765 1640795460177 1640795469537 9360
d2288149e84f41c83044333cf750db8b488e49755a51c8ff430bce678b5a97f9 1640795515176 1640795524816 9640
