f4ae475f436e5301aaec6eedf093d8f397b808a0e3b585094af7de0999ecb602 1640794456436 1640794466440 10004
9305ab4d881d7b0c78900b78d899ee2f35c531d70ce83d1010b46a2bf2d4e1d4 1640794512566 1640794519594 7028
7cd3af7c001ef0ebfb3ba0eeb561842c483500d48bc4d817607a8e8ffaff387b 1640794568326 1640794578310 9984
3a7730f9c9fb8d1c7ddd86030e1a37a97980689c5cfe8832e5d9eaaff079a9df 1640794624194 1640794632859 8665
a4fcd0eed00bb724039becf81ccfd287e0dacf89ca73c18e73fba4baa39d0f97 1640794679513 1640794689113 9600
5b1f536d1b52b499137779080e80352abd3519344d5acb90a42c2fa408864e50 1640794735458 1640794744812 9354
712e953cee301b53442d0b2c30867291e0cc502b53f15fde3218b985104afd31 1640794790987 1640794800692 9705
a63e0da86f5105cad7c07fb17c17586150744b399e6d9c1276423bf98f26022c 1640794847028 1640794856323 9295
35d066c44ca2e25053a93b925a119356044c856f1ec13b8a40eeb4839e276ac0 1640794902722 1640794912116 9394
1a587f7d22d27d16408155a7c2244246aec5266654235d63f1f7c7181209a4ee 1640794958285 1640794967624 9339
63eea8deb3d8236f8155da03a835eff17d5cdb79461c4fa4cd9a8cf9048f2fe0 1640795013810 1640795021548 7738
de66807a0de2c29649f8c7187bf6e89d01e68735a993b817b2a643858a1ec322 1640795069446 1640795079124 9678
cd20f3c264820549b4ee82956f6096dd0081027ce4baad4607bdd61ebeb87e18 1640795125093 1640795134450 9357
a77bfeed458e87aecc4764d9412b633fdf2e304ee93d4012541e06ecf338f21c 1640795180425 1640795189142 8717
dad59ee65976d9a7aa8bd11db4f87e67b2b23d8793c57f4295352e8b01221b8d 1640795236127 1640795245553 9426
d29b5b4a3740fc7ed8333bad40984b53e4c1231402092f48f9a60e52c8cab18f 1640795292076 1640795301079 9003
192c3cac9446404f14068194707a5f2930710b3419eadddae8744065b4409cd4 1640795347876 1640795356887 9011
f4f1d060eb99b12efbc0f1d02d049ae10175f9a018c9752c134208027cdd566e 1640795404211 1640795413735 9524
9e605fd69cee4b5da13e8c888e754d241b4050b160b5a2e2ee930869aa24b7a5 1640795460222 1640795468444 8222
a2f4737db4e11916d8fa6f19006292b59b39248801e65a07d5da3a225c9f1cc9 1640795515227 1640795523377 8150
