18fc9a5cf9e68d6d2cac75f7e34d313e25ec37af27b9b4848a95e2fa135e8694 1640794456454 1640794464579 8125
c1740eeeb6d2f50e0c034e295b118caa782b6322a57a022a34ef757765a67e77 1640794512581 1640794520376 7795
aff3d8c5c134f201e67e57864fb6dd23c7c14e5345b24cdaae509d0493e11d86 1640794568343 1640794577588 9245
0210b7c9acdd58b3e5920a6803cdede3352e9974c3027ae0ed0bc3f30b4fb5fb 1640794624214 1640794633770 9556
357bea347479451d1292f40b2e7cc9847a9262d056e8a24972b372eb509c6833 1640794679534 1640794687816 8282
99e4a8a252d95fa5187d18181d33a2c091417068608de090f0ea7925d56b4997 1640794735476 1640794744126 8650
ed24434778c4189c69af396e5ac9e855b6888592bffb9f24d1cc68c0c2c0fe07 1640794791006 1640794799877 8871
11cbc91eec6d852f86217fc335649798b2d16ada5874c4c0197c3b03ba653c56 1640794847053 1640794855215 8162
12d567cea2d367138af95e11100d91727fe619fff8b383fb481d4490abdbfdea 1640794902740 1640794912461 9721
05bfb2585a572ae769049b6b89b4f37a7198dd0fcffc205c4cc1dc524d6e2321 1640794958310 1640794967548 9238
b161e189e10d3cea7047f349fef2128bea720c5f192f7af44a941305c0fd907a 1640795013829 1640795022916 9087
693261981870a9ae9635bd17c30b1b9b7a704e81493c90bd39f53f5106792f5e 1640795069465 1640795079036 9571
b16c276d91fd417fafd9d9c22c6080a913dabcca763133ef7a1f5e6941a48f45 1640795125115 1640795132762 7647
758cd664054cf401dab4aabf254b36c1d7c08c1bd3ca2132c953aa4aafc7b65f 1640795180448 1640795189900 9452
382d9d410718acc0c61a3a5f667afabbdd3309a68cca7ecaba5e710927806174 1640795236148 1640795245144 8996
0880934ea7022fbad8d880a79a7ffc77182101afa86ddc25baa496000405dc14 1640795292096 1640795301204 9108
eacc3b575b8a0de4e7f0a045f48ab03f3af6c957896dcd2a1be6a5142f738ed1 1640795347897 1640795355716 7819
f56366524ca4711bec40d887be28edb8b15884747859f972cdb122ef50a63898 1640795404235 1640795414120 9885
e06023f7d06bbeafaeaaa1087a9848631f6a8532cac0db522b79d5e393cfe091 1640795460249 1640795469695 9446
068ccc64de8cd05337c53aaf9bd1ac86d63ca51abc65f657c1010bf8f0f35eb4 1640795515254 1640795523274 8020
