d99d209f201456fa9678ccd78e08f5db1d49a7d4e7c59cc89c6879f655c8327c 1640794456444 1640794465468 9024
3f4c85b5446ac4fb0d730713a156f2e140d4c931992b90896aa1cad9d5ad8334 1640794512579 1640794520384 7805
3630b1a9fc74622c2cb475238fa404854709f9a757bf236797546dd73150cd72 1640794568330 1640794577427 9097
906c051d42ae345819edb2396ee5796b43d2d3ea2fe348dc0bb48e59b6cb244d 1640794624206 1640794632390 8184
1d605489d6d9b339054ed4b9ab555fd41b4529dd31621a4c67fbdf7fef8fb4e8 1640794679528 1640794689074 9546
e0a598e8029676520f18185e6d3ffe4ef2410b59a8cf57eec8df794072d8e923 1640794735469 1640794744888 9419
6f2c504b17031380f1c5da640571e2ef294ff56c1d5db73f85f9eb68666c1151 1640794790997 1640794799846 8849
34ce041e77da76118ed2ec7373fb7838619455616d5a13d4a0bb6480cf4bdf8d 1640794847037 1640794855801 8764
53d085ac4b568329199a768067cc691f2c55d88dfde6773dd96b4320d713f8dd 1640794902733 1640794911720 8987
f96f8ba22d44318a3d573d61bdc653d6aad8bc09a22b7206fff36803edf13185 1640794958303 1640794968006 9703
7461721da91bc3d252a4132a5f7d24b30778c0ced29662fe323abf2471333d49 1640795013825 1640795023336 9511
ae514d76a982730358a8268b49fda603b1a4bf5ed1b10a35cbf2cb906f26e10b 1640795069460 1640795078064 8604
07872118dc46e0a516143dd211a53e85cde84e8fca1bace7838662ae8f318c26 1640795125104 1640795134325 9221
77409e8d89639180a1bb9dd99bf502c207b7b82ffd4f75132050cefb2ebd3291 1640795180436 1640795189778 9342
299671a3c73447543f75542b6eaa888ef7552af0164af06f4c0367b017e86499 1640795236133 1640795246021 9888
04e2e02089c980d0d2c1f82a83ef45f5d0a6d35622701df1cd7cf57293fa1ba5 1640795292086 1640795301079 8993
8b7c68a422b1dfd520232a634dd3b7ce7df6bd925325082312c7dc9abd104d8e 1640795347891 1640795357003 9112
2b32bf1c36b1bfb7c5ad605224989b8b6ed998cc6084cf744be077addf1d8b19 1640795404233 1640795413877 9644
5685faec385cb51b4d48282b7231eb7fcbe05c0dfa902949d7f86b819da17946 1640795460240 1640795467814 7574
a118142a25019addf904046db7d9ed6d37e1d6a33dd4cedf97113b170214a1ab 1640795515242 1640795524716 9474
