3544478e1bd3f608ea700bd1e04729100eb649cf5beabb9b316d545ff816eb65 1640794456403 1640794464834 8431
9b71d3fa65738f09b77a0fa2ce0d0ad8400efb627a87e34fde6cce47f6668e30 1640794512533 1640794521383 8850
6c74098a1335563c3ebdcb75ffa1301b4ee32bab64c72d3c2f3bc37c2c08176a 1640794568285 1640794575711 7426
b91a1a9086ff1d6ad54aacd0e5b6f4cdaf47ef79f0f9da4ca6a73d84ee754ae4 1640794624158 1640794632188 8030
a94fca94065bdeb22e0970c594c9b069f7643822b11cc877cda2186f36e535db 1640794679471 1640794688366 8895
e6308b1d98c80fc580b6e8bda9a09acdeaea47e6a417efff598636915e87acdf 1640794735414 1640794744804 9390
e87a9882adc38d68c8bec539fef91ca14f0c9bf1bdfa45c6db4da26a3f2f57d0 1640794790948 1640794799557 8609
6adedbc937a4d17ef5050ada529c33e24439cb061f9989880a8684f09fd84b4a 1640794846988 1640794856322 9334
5bfa6bf1be7dc77a7ee83493a67780897f31318c09bd4da12781e9790b640057 1640794902683 1640794912057 9374
beebaa34a9a3cbde4e9e15607982e233ad4d6e350352342ed03c1b66416ca656 1640794958245 1640794965897 7652
e9777aa8a987717f72bb064caae4126f8f79f42527afe7d10a09b18e0a9fa379 1640795013754 1640795022137 8383
2c713bceaa7ef7437c45174ea63b7bd4fccac4105af1d46b423355c3e390e8d8 1640795069405 1640795079090 9685
51e6d9b4f7144185056442e2dff2f082aa6eab70f07640d2c4f28cc812a01afe 1640795125047 1640795134840 9793
cfed8a77ae6bf8722671183d7cfeb3056e964eb597856c74ec0b0fea447b4647 1640795180378 1640795189931 9553
f7283e8edf98bacf9335504c8722f57ef192794b9f0c939b904457c428fca122 1640795236083 1640795246028 9945
db0fc06e15eef10accfd0b87065e8ed6d40c49cf85042a1512c55bf28df7cee1 1640795292030 1640795301659 9629
f804151e927ebece782d6018aebc23f4520f9fd1cb430db8ee3c9ad27cf273d9 1640795347836 1640795356831 8995
1e9b9195f8acc7160cdf315635a0913c304a14327120980d2e433fd961b4cdb4 1640795404164 1640795413494 9330
1d2c34fd18b9c32e05016f5baac0386fe2de02f5a40808563a5de98515f1530d 1640795460178 1640795469680 9502
777a8c6ea1df3804b6cad545a2441867b3a7e6152fb53ca12afb6754edbb548e 1640795515177 1640795524662 9485
