ebe8a2e9cbe279470fc596227565f00f9214443419421145623084b3f955e7c7 1640794456430 1640794464147 7717
319c9d29ed96ae5de38284796bfcf39b329a5efd13b15810d29ffef6a5efd941 1640794512566 1640794522313 9747
b6a7f34390b7cdfda10336be4f3bde03ee8ff28cc76286d46bcc19bee45a3d4c 1640794568323 1640794577476 9153
fa1b9196e3dc1ca483a0230c7f54c954a39d0fce4f0bcc3567930b05c0a8eff8 1640794624193 1640794633738 9545
84bad78074ac61babaffe5160fff6513c401b262d799a0aa339f09906367675f 1640794679507 1640794689056 9549
50ebcbbe355e6298bcac7eea30c18e7217220a7fb39670f718b35a2c07a4c760 1640794735458 1640794744237 8779
0b53fe331dccd448337ab919b25dd6e0f71d352ab2301bef1dbfd433ef9eecfb 1640794790979 1640794799973 8994
00b61f6df0e6ed94784fce34ca7bbb535ea046b56499ee192a7a285e0ad3dd1d 1640794847023 1640794856661 9638
dd9945aafa45421433be4faac79d809f11935e50cd54e8cb3e8965a2c651e991 1640794902715 1640794911137 8422
d7136dab96a6c3acb821785fa2efc5a09e6c80569d05414c128252772bb232b9 1640794958282 1640794966496 8214
f70f5017bedfccb7e7d9b0b47b091bffe70864699673969cb5dae59365e5ae9a 1640795013804 1640795023367 9563
373f07ff7bd5d610208e752b9ebcb8d765ed86c96704d51d74af6c484c3a81f4 1640795069441 1640795079042 9601
0a0c27e6e423a737db8d1704f48397a7663aadd05aa2d5b64b0804dff6a493a7 1640795125091 1640795133907 8816
61d65e7f2f9e29b83c6f93de218c0cb09724f3fca928f701831edfd4e5af3bd1 1640795180419 1640795187611 7192
c5d7140ffacd972c737572c3a11acf98bd791174aa3f1cce715b0f474fd9c054 1640795236124 1640795245141 9017
b1af1aac5db2cf614c549d88fd457b7e9d93e4bb9fa423f708de3258db1f7c18 1640795292068 1640795301287 9219
89630a3b9ac4302fc515f5bb8a3f5ea739221827afbc2a1e40b78632d13ada23 1640795347874 1640795357519 9645
a434a8d5f0de497adae6fa618249b7ea7af6ed348233caf41f33382bbe4b899d 1640795404213 1640795414344 10131
6a4ab8980c3e770e236c859f685f2ce3abd4fdbcbb479b8a85f11d397bda9753 1640795460222 1640795469548 9326
a1121fcab1862fce6ae39b8ccd416f9406950b7ec5e5db8b432e43237737edc3 1640795515219 1640795524291 9072
