9ecbec9a6b6c52ef1ccff023dde9a3e0039e01797e3acff2ddc40f84ccad0fed 1640794456414 1640794466348 9934
f98b8224c8e1c71bb7a59615d760fe2e7ad365658134369ab1f4f7894ba32972 1640794512542 1640794521092 8550
8acfbe31d299ebca97e2b85f71cdddc353261df9372665cc41ea510db06235e0 1640794568294 1640794577348 9054
5f9d5eb316451b01e14ca5023570cd8b722dd504894934c2be3ad55af45f310c 1640794624168 1640794633848 9680
bd071e403344081fe1a1b816c256b579a99a9f17f5fe30e36df1e4cf7586a333 1640794679481 1640794689311 9830
7c915c4b4fec04a55acb3cbcc7de4ad3819d17407ba1510b136f3e1b43f2bc2a 1640794735427 1640794744247 8820
bce034adba1b9aa2e74ffe9c27efdc79fb49a77d92b02f6464b770e5206a3b72 1640794790960 1640794799669 8709
4530732af8e1f2f9724e54677471ce8f83e82a24a25a4cc2225e4939d5e57dda 1640794847005 1640794854373 7368
1b67eb2c864f6a34aa4fb064fabe49da3b3809369b045115380653908669467d 1640794902699 1640794912141 9442
8e66a71610a8af39451294b579b4419ba0513ce7dea669f7d7714ec3f0327d66 1640794958261 1640794968012 9751
44bbeb45ccce30e968ec15522dd774e2eae5c75165254b9d33e3ef188c0afaf5 1640795013767 1640795022126 8359
cde9c88732c67968c331c491c4bbcd6280479a3497019e50cd5f70633d6f2d77 1640795069417 1640795079072 9655
3e578280ecc8a1ac1fcd03cc4352c7bad1778514205c70e26c3b2d5fefcb9f17 1640795125059 1640795134371 9312
e4a7ac2961dc673a92a070c161b95285b11634264ec4cf6972eeef8c436a6223 1640795180396 1640795189748 9352
28a1440681da556362c07d34fb29cc5ebeb29b42980be2c328f334dc0f7d1305 1640795236095 1640795245576 9481
04adef1a505a77ca5f8c6dcefdf0ccebc26ba65d48d8ba8cdc758089545a7c6b 1640795292044 1640795301145 9101
c47f179ebd1c5e59f670ef3141461cb9788afb137c07ebe017635e0184557b39 1640795347848 1640795357008 9160
7a716f6ae4f01e338795cc1d36f1544e0278dcee328954f6eb8ab47aaef41a6c 1640795404180 1640795414281 10101
55cab3e6e5cd6c96e92106785c7254dd66e4db8935161d1771bb09c644d56392 1640795460191 1640795467823 7632
ff4b8cabf992afbabeb2d7c7bc3276518090cc978c2eb124f038ac12215586c1 1640795515193 1640795525319 10126
