18e3d66f18e0224d9092fded20cc6c8a2ddcbe765f4c589bf9582d2465068d61 1640794456434 1640794466486 10052
1c0b47bcbb5e74a3b0dd46baebd3ccc9d3e84b3c911d5c47120ada93b89ab0c2 1640794512567 1640794521532 8965
cd29601504d0631471d4750de856fc39933f63230cb5146806e537c6cada6d14 1640794568322 1640794578353 10031
c099705fdedc431dde101e6924715be55b8b5bc52fc12f059a713b2d92ac47f3 1640794624193 1640794633594 9401
cdebc6a4c953773bd5dea1500421c24034e1b22abafc679522eb98c8fcde692f 1640794679510 1640794689136 9626
13d515cea566ed494bc7a46acc0a17dd98ee611747ffb25b74c1295008ff1719 1640794735458 1640794745020 9562
393669514e27bb163b48ddd15774bbb9f1eb370c0153efdc13a1921e744129e6 1640794790983 1640794800665 9682
b3b0c8a87f289308c997e9e87b0e34786bd292aee18d318f24bdf5dfc2ae6c37 1640794847025 1640794854901 7876
48416e649b4e1e9c6228d9075e5538776b38523809798676bdba9981e93a6e83 1640794902722 1640794911676 8954
43580a5f3543eae9501ad4161079f779b8115d750eb5d2d38dc1a6a67dec220b 1640794958284 1640794966888 8604
1223baa299a7c9972cc3c9e4169689aac0295b8faef0bc9e7e98abc617da8572 1640795013810 1640795021434 7624
a925375e7ddf9ec84d7259f7dd2072adcf8218c7363e546a7258bd64e8b48704 1640795069452 1640795078835 9383
0ec0a33a7191d1c5100236ef123db8661f134ce2a93327350d357bdcf9ff1443 1640795125092 1640795134860 9768
6ced91d3f3b781d930550d82c0bca8ae90963466e5942bbe47f93e3ec2db0271 1640795180422 1640795189752 9330
21007b951ab731b667f236dbdd60bd8c9595a38545b45d47858720562bf80c95 1640795236125 1640795246142 10017
faec022ab808363b9b227de0697aaf7c71fbe6dd98b863015e9ae1f56d800d96 1640795292071 1640795301468 9397
d9e1ddad8172dca120623f0c36be62dc803ca1e1fc74157d420f8fefbc0fd78c 1640795347874 1640795356911 9037
eba166151c9a02ca5eefb40603004f2bb536e47e3fad4d69d60f602e6b07cd7e 1640795404211 1640795413559 9348
2137c8e0c353c3937e38b742f30092cefc2374af401d9c170667402eb497edce 1640795460222 1640795468964 8742
43e0d8caa958b76f362be04c97bb8d48466d5e3f1ec114633ee16371efc58be1 1640795515224 1640795525351 10127
