7d596de6c375f4eab4aeb528a6ac78e0a84b21246cee87afa8c826e1a3073476 1640794456415 1640794466082 9667
03144d262b109c7d2551c606aa5478aab021a637886bc7cc936794ae810ae301 1640794512544 1640794522176 9632
ff12aee6c5a6ba6fcae627610c257abe699136d81902295c1f5226905f88524d 1640794568296 1640794577274 8978
1b5f73d05746e7aaa705b53f00dd1a0b65e95e436089358805652fbe64f5eb31 1640794624170 1640794633736 9566
7506fc2c36739a7c8dbbd32a825a194f203526fdc8a3d725882003be637960ac 1640794679484 1640794688505 9021
d66d2fd8ed7c9ac8ce57d5ad9d1892bf8028f19c51f42ed7746ade75fb3a6856 1640794735431 1640794742882 7451
98b9f33085596638dc5993e0650caefa020d56e252d4da652f3041925db37506 1640794790962 1640794799279 8317
826361cb76a0654e96db8df100cd9eb673584deb3a39500c282b2107449670c0 1640794847005 1640794856376 9371
9306d50cf7ee30280c24b4c9b547e226d8cc2ac715e04488ec28228e2ccc3c22 1640794902701 1640794911889 9188
014062b03a9a8380c4743d2a0cbe45e586ab77e852429bb581ff3594dbad7392 1640794958263 1640794968033 9770
7331e48a2427c9c43c4617fa5b30cd6fcb9e505fa31666a5978735a42213ef20 1640795013768 1640795022943 9175
05e9b57390b0c071e5847248ff8a9bc5e3aea6545d0e63906425d89115fc405c 1640795069421 1640795079001 9580
0e6da8265ac7f89ef416fc8d9f4d9ecc26df347c19dc238fe2da4edce396abcf 1640795125061 1640795132778 7717
3cf2a553bed5b9d9b284820cafadad71e9d71d1f689a49d97aa322500eac702e 1640795180398 1640795189980 9582
c14bffe5056c69cd881171997bf7b4b44320849dde8378e3635b8f8ce066aeee 1640795236102 1640795245286 9184
1438c7ae1dc1cc2897c92c0da3421eb4dfe6e0d3e3b5a6ddb8d8a73832687f95 1640795292043 1640795301271 9228
a5b9e78e934dbe78f111c8a9f3376212e46654245a42ce57dea2e53fbee61272 1640795347850 1640795357903 10053
6f4a5c8937ece66e851bdc5102bcbcee1916cfde78e55a9b608ff4c153670dd0 1640795404189 1640795414359 10170
9ffb8d40dbf8585e36ff3160201509c3f2bff34724012cc4c6ddb63740a2a0ab 1640795460194 1640795469548 9354
ace9654d0f86e737ac1a385188bfdca7042ac456b35e0c4a7e58b04f3872250f 1640795515192 1640795524725 9533
