4d87aaf71d0783dccdb958b025a54284b281748ffe679fa2ba26350a3e8b480a 1640794456416 1640794463751 7335
056d4791e9cf5ac986c0ece08fe66312c9af715b85531e8a63672dfe89885726 1640794512544 1640794522314 9770
d8d3326184a02e4c993589bbb6eebc759d8a9078e3b5284bf974e1dde592e938 1640794568296 1640794576591 8295
2a2c6fbf67f44335235f9d8d65dd56315db3377fd63b55ce733b49b26f62fe09 1640794624171 1640794631857 7686
cdfb86af35e75c720d56246ac0d504ff86b525540d8bc725d098e580f2918c81 1640794679484 1640794689146 9662
7433302189456504b49af549a6c3d01acfb33c3ec9bc992c19b6b2c3cff20a33 1640794735438 1640794745066 9628
9fcb0d8a062e84f91b5cae001dd97bb9ead9a0496514ef7af3321fc408d1a7ed 1640794790962 1640794800335 9373
5f2e436807fb09e8d2ed462d82a4369859500fdd9327fdb3a9bb70b8f7d0f90e 1640794847005 1640794854362 7357
42c54f5001285562ff81bc460c424f6c59d88c28cb7a06d18155c93dddf31e53 1640794902701 1640794910565 7864
c01b10d82bbd606c820eb2745d3d402659750326b527b73251bbe7be74623125 1640794958262 1640794967547 9285
8688c84e1cd5a0c599efb20d0fc8bb6c3288b845ad607b0441cc704bb8c8eb13 1640795013769 1640795023170 9401
b7fe3faad805271f6fd95cb491e0967caa6b83d0ceebc9363fe6a0f33095c4fc 1640795069420 1640795078246 8826
67e214a106647ea57b7f99a2a2352aa656dc8c4ab9e1a973b258e454c41825c4 1640795125061 1640795132328 7267
1c373b2bdde942847e61c9e2848c50a9aabed12f2876f29e1e4ecbf640c6684b 1640795180397 1640795188411 8014
9499296d09d43643ef02e82c5ba1f211e2216a0704356989b3a82a42c01531dc 1640795236102 1640795245233 9131
b11b2571e4ca54d79abf16d506744059661bef37422a0cb7ccb5c2394408fa3b 1640795292044 1640795299827 7783
169a06977a008454d66a0384e0451aca24589d149d50fe4bc35170e261b962ac 1640795347851 1640795357891 10040
13b968cb28b7f569b8d5654e94e852a1c3b734eb3edadce64b91107c6ffc7a0f 1640795404189 1640795414353 10164
671e2e42ca6ce848bf4078a9ba9ee60f326e0241a64a4a7e375cb397b355a0c7 1640795460194 1640795469664 9470
7ad6582b5d6d5cfbef0a199a61e0b2ea149a159144afbe904d6963282349ac5e 1640795515195 1640795524863 9668
