147859549af4b4d82130ebc07dc37369122bba03a5ffb1a8c4d59f74f07f03ec 1640794456399 1640794464411 8012
6b64c000c6c89d44ac10f93b8211d8234fbc18b8cb7f4fd40b38e69206ad8500 1640794512529 1640794519614 7085
9a8bcc2e7a7b19f67cad11f39e15a6a105bab63e3bbc8b91ece209c05356d6b6 1640794568277 1640794577587 9310
fd4224b1148c1c22d50a62e1e678a932dcb5126dc03c254ef7d8379800317b5a 1640794624153 1640794631035 6882
1331dfbabe73a103cca300efc0ead2dca7045bd46cfb842f7b73f2131f752c0d 1640794679465 1640794689345 9880
f0982f3984c41c2647846e27cf00d777938b4c68e7fed75d94e6867919166276 1640794735409 1640794742780 7371
abc363bc599367194f1d3db895a54b8a2eb78a2679030f3c67a5bd963c5f4f48 1640794790943 1640794798095 7152
05e73a04b7fee32c4c6e5d43a0d7f20b670617daae19f4675e16b1d4af000736 1640794846983 1640794856646 9663
8d5e97fca5eb3a6847de6a1ea39656d598bc1c9608623b517b6315c17b48572c 1640794902677 1640794909781 7104
30ce5cfdaa648908bd2b6b75fe93c5e125858a88436aa7afc00e6d75c171f12a 1640794958240 1640794966258 8018
a75783afb7421f6a3873796fa083bbe559652fd98f0d6e78033b81ed5c6db876 1640795013748 1640795021320 7572
bffd743d262b4ca824db4248fccfb209842b2905adfa94e24a390c9d7216b5c1 1640795069398 1640795076786 7388
e65088bb4f775ae8e584e55e1100627dc22a7089c19c437c1acc87fa8e055300 1640795125041 1640795132603 7562
ac920ddbffebb4409c4db2d96c1f007ab05e6e20cb04f6fd4945b27e6b8307cc 1640795180373 1640795189758 9385
42672e3ad1c51f69163a6560f16a64322579343c6b012eb053cf36624525ca30 1640795236077 1640795244949 8872
92266559a4e7854689c91824a375304a57eb6955e318b669465afd73653d2d05 1640795292023 1640795301865 9842
720193d7a638db4003b07a54f4f2a9e6a83dd14c91d1c7ec419f9c573d9d261c 1640795347830 1640795355849 8019
e2d5165ea07bcfea9950a305b173640e69654976040111296a74faa71eb04f7b 1640795404158 1640795414344 10186
ca57c0834f37b5688fdd534a77fd0c1421ba3b29917459ff66a2ff04f086b210 1640795460171 1640795467058 6887
3d53c189412734346556d659b254c765f4a5af37d1244947b72ca926648f5826 1640795515170 1640795524945 9775
