3186418155cb4acfa85d1f730e5977917c327d11ebea082d553cf69764784040 1640794456424 1640794466440 10016
2b275fe50a967c01f4c528aa992278c7e9de10527d36cb4e7d4e17a4dcf0e2a4 1640794512552 1640794520813 8261
0e440df78f7a3ff262936b183d795927fbdfe575a7cb09b3de9a5bb7ba1b6504 1640794568305 1640794576210 7905
316b978bf5e3a8b6a0702c276bc6a13ce8919b974b57e822d0a7152a7ed09f8a 1640794624179 1640794633670 9491
1995b24550c81ac6853d2eb9f43a758dba1512034ddd6562d664c413194650e6 1640794679497 1640794688442 8945
86559054fc3f200d99a53e35a69a553c8b94bcce67ed67f711db0f1364c450e1 1640794735442 1640794744539 9097
d226d772bbcf50958eb9c59483de37ed9f47c0d8149ed4db905d112748e5c487 1640794790972 1640794800483 9511
5b63ea45f55d92b30d63d5ab84275f63c0a42574780108ebd637366e9109df1b 1640794847013 1640794856403 9390
8c0a4f75799c4856e2bde67d5217d75917e3d2a543cf22575814e00ee2e23b30 1640794902706 1640794912391 9685
3fede30b8472efb5695e58544e6d35c69531b33c639891ccfbf402ae3506294f 1640794958268 1640794967609 9341
d1780c746c148e9b4844106e0f4657a393ba95a18b417764d165f29730b6e6ea 1640795013796 1640795022153 8357
356d10d795d229d8e33488526017fdfc8fa3f32d21a2e8b3bbe40a3fff086930 1640795069432 1640795078395 8963
31bcb1841a142fe44f9b8edd8d507310ef3614557b8b1d49d1b6ff18aecee922 1640795125080 1640795133090 8010
39efc55de6de501127e6157808fb34fec8672a6467ba69fad9f4674c9d054d92 1640795180405 1640795189973 9568
f9f274456a30ed665d88cbf5681549598dc8557ce55aec41630603a16d44d0a2 1640795236105 1640795245936 9831
776732034459cd5745b47f3b66677b5357f8e1cd054d986a9f1ec784df10aa5a 1640795292062 1640795300186 8124
49bf28198956d17c50acdd61129434c75e94448dcd56429bbdad57362a8b331d 1640795347860 1640795355651 7791
583590d19842ea200ebccdecda7a03c75646c53274cb35acc75609a666b46acd 1640795404193 1640795412737 8544
3b187ebdcc673d8921082951a208886af246edfbfac27f55b38714470d5d5216 1640795460205 1640795469402 9197
2d18b7e431fe4bfa9a7c8861b19a017eb587d278face3b4c92dd39acd86c95bc 1640795515208 1640795524202 8994
