068b44e5faaf7ed92450650cf4f65d04782fd3cb553fdc52e1a291de2f5b3536 1640794456412 1640794466162 9750
ff8d1d4efbe2efac612c03d7b5fce5d0d0ea3a66b10bb77aaa0ca130fe9338c4 1640794512541 1640794522095 9554
ee5f30b601806559c5cf74e5c6f90910c420f95172348e8e8279b9d32c08fd03 1640794568293 1640794578308 10015
171e6ee5bee7fb0da72eaa98ef5ff208a59d33b297ab026ca5d02c5e46ec6ddc 1640794624166 1640794632080 7914
dfe273633ddb0d6f85a007357712c97df00d869faa245fdb5345983ac53d18e7 1640794679480 1640794687894 8414
cfc5d9905fa0d3d528857fc6377b28d4ad9efba5f19a2b4c02de2d225bef7907 1640794735426 1640794742989 7563
18ba6442e7cf90f70fceb15e075492fe2748e6dbc5eb5a491e2358c93467f7ed 1640794790957 1640794800882 9925
ef3dd48d16f506eaa647cb25bb1f1f2089d960e7ad78d07253d4cd83d846e3c6 1640794847005 1640794855166 8161
e88dfb254babfcc01a592f32bfc97421afb99fa6d7f63909d854e4c3460939f5 1640794902693 1640794910995 8302
d88ddda4ad2c8a5b603f951db9e788ed35b4e1c75c830f62500e95c80fc0e341 1640794958260 1640794967768 9508
6afee393bf1525584d52550f5cfd1852cc18be60da23807a5f9ae70979e895c7 1640795013765 1640795023172 9407
a75af6beda9202783d24d1208935ceab5523d75814ed65b3f0d020c34ae60ade 1640795069416 1640795077073 7657
e9b155891babccf50338c9aec9498cf07669f59528434058113470c0ab79ede2 1640795125057 1640795132328 7271
16603fb3f1aaf1a0e053f7985b70e65fdf50fbd43e688acff18a508b4bd4e474 1640795180390 1640795189897 9507
c2a613f18c622e2080762d3a86f74d371b69e4d1d16482b825ca0d4103f72ded 1640795236093 1640795244512 8419
8509243a27d089c5f0758dabfe1881ee36aae925f2504234554aae4a60823d25 1640795292044 1640795301736 9692
bfae1f5647403524a4f7d3b59041897a92aa9a13567d5ed0ebd41c72bcc5b4f0 1640795347846 1640795357304 9458
94bca493408a04bace8475ce46e41a801ea75666067fe40652ef5412f05ea920 1640795404178 1640795412953 8775
e3091a268d22286eb95aee752240ff894279dca1fab1116bec0a994f7cd9d2b7 1640795460190 1640795468905 8715
2e420910b14a6f8807ee25b6f91e61eba6ebd7e76af13b855589b3dfefcb2970 1640795515193 1640795524951 9758
