4a62ce737fd817c6f1b7d68f32f3a766fb0919bde8b9884eab170baa5dc28f5d 1640794456445 1640794465819 9374
279effc2d06481257b9280dcbfd93ef487d80a47045f7239c5d07f5d9a9931b7 1640794512575 1640794520680 8105
f909d201e0d3b0e7b30041ffbdea090738ba0573cc6d0335936d95df1c704a54 1640794568330 1640794577994 9664
e98f4628b02e60007a5c3ad90fc1c813849e9bf1bfebad882c637b503abc100c 1640794624205 1640794633287 9082
08fe24d8a761bc90126e59e45822dd36cc7c8452e56bc4770479a62af9d0f293 1640794679528 1640794688741 9213
ce0d0fc2e7d49b9c34a4897bc10537871983be71f180ea09718c44d791ccdc40 1640794735467 1640794743336 7869
2f69c391822501be73a6cf3e9cc47f87edae807317df516d8c191ae0fbe8cc41 1640794790996 1640794800213 9217
0fc5fc1ed11bbee0a56aa42e301523b945e1cb45d5525efadfc7a20ccfb23853 1640794847036 1640794856460 9424
1e7d5b91bcb77df1f41b454981edb76e237293a40d01afec6fb6ae23f6122f59 1640794902728 1640794912531 9803
d22e8ee7470175fad007e4bf42c927d31aecc08ba8d12a7d11fc1355c1ed4fce 1640794958302 1640794967528 9226
c3a3cd4d94b7e1132842a3332d7f34beeb0783d6ec7239433cab4db6bff66b0c 1640795013818 1640795023335 9517
6abedf80369e19ee718327d1f5b4631b96f8ee4ebd0a3e5bb84f5110e7a4e48b 1640795069459 1640795079001 9542
21fc5797bae0e003bd7527c9b4abf6efd2449ad4b84e2594c670279dfb74da78 1640795125111 1640795133796 8685
9d65ffb045ccb9d147c0d02ae059962e7ef4322122cef8bf22b5773a486b80cb 1640795180435 1640795189950 9515
cf4b620256cb9a60ae7110e5ab93ad73c0208db89ffe332918bffea340440391 1640795236135 1640795246027 9892
589295117d4669d2253d1b886df789391cc45c71b58508a799b6758067f5e4fd 1640795292084 1640795301826 9742
49eed58e55ec42f08479ff329b281d43ee067ee3e8210dca8db2c6be06e3258f 1640795347890 1640795355715 7825
a65015fbf056e7470aeb908d1b4af1a45a3b1b12504c3d3db484cc3cca453d26 1640795404233 1640795413898 9665
570b03b83170532fd2e34f6d3f3ec5054b1ef1168131df6630dab5960e4f0743 1640795460242 1640795468953 8711
137f5201f9c560d4d3d38e84bc02010fbd704d14520464507847e7b77768cd54 1640795515242 1640795524576 9334
