b6813f83f6dd45c25d58d4a3e997556f311d4d362cc4efeb715078a83c38cf19 1640794456445 1640794464975 8530
c5bcafe255106e825d4712b42a90ea2a87335765c6e9572c5cf27618b1e86e9c 1640794512571 1640794522365 9794
9da9b2c478a81d9e6bca218320b5846369fa6400d54ee54e98049e57588ca001 1640794568330 1640794577604 9274
273573b3a4cac9fc8001a575fc21694f965d1475ed8485f1ce810dcc8bd6001d 1640794624200 1640794633257 9057
64537896c6e27ba491bf72cbf6472a77b79616add4e01bc3802d470665216715 1640794679526 1640794686995 7469
75562538fdf189c39f34dd470d0d3dad592d0fea8d8fc50b7fbb6de4e3ef8ccf 1640794735465 1640794743918 8453
26792a09cfc681a3e5fa3e7b7cc1b0631fd32bcfb4bb860dd2475c6b7c9cf792 1640794790993 1640794800261 9268
baccb7d807b1a78585e8f41442f202755feb64555db29cbdc0dce0dec272d0ce 1640794847035 1640794856322 9287
dd7977fcd19d85ccb0d2927846b6ba39ba6ce0724be5d3353e37320e203ac071 1640794902725 1640794911719 8994
b0f011af1d2fef67b55eba906519890740b89685ff0ac9c699ca9785fd46750e 1640794958296 1640794967662 9366
f4524a21f84126cba95729f767621d468f8ac47a1bfff9f5d2ca450f248694a9 1640795013817 1640795021418 7601
60e10472d3edb3d8e9a18b89196e59424fe58d99af8b14b05643a655e8bc6f51 1640795069454 1640795079043 9589
c856eac5ce1531ced3f5a28b8faa3cd825b89f481a0c4a6d1677e59b7c061a44 1640795125100 1640795134512 9412
e57fe36d3ae8a3a3d308593aca4a2cd6d211b89a5883a588aa17b2667c6bb75f 1640795180433 1640795189494 9061
221b3ef8d097841efe3cf41d00941fd906538f613b95dd4196ec6c754a125934 1640795236131 1640795246134 10003
f3576bb7082bf4c60022e40fb478183fc93825f4b4bfdd559bdaf8daeac59c6c 1640795292085 1640795300187 8102
08800a47607c2ee90e79429a5c9e12d176db0263b95a02ae210df12ebb7f57df 1640795347885 1640795355717 7832
a5445af840d58865d203f52c747de2b9b2e13ba6314ccf6cbe16aca6343177b6 1640795404223 1640795413905 9682
5a3238e3122babf6f244b36997f20624276c54e7a1af5b6c0ad48f684da6f555 1640795460233 1640795467948 7715
9010137c93c28f36f2bc596408bb3ab09758c12c4543ba83e77f811117a5679c 1640795515242 1640795525309 10067
