a11696c5e2d874669be57a1b238b810746a63ed7af4422a36d2e4a3a54304dab 1640794456419 1640794463775 7356
edc86054431bcf80f8355bf45c841a88239597e077798796812a187eafbff72a 1640794512549 1640794521994 9445
2da273b6dd61496d35d3ad51642477f53a018b5e1c8241e6f31e3d30bbbd6dc3 1640794568302 1640794578308 10006
aa18ebfe07e4c8de74b5f58caa28a35ab26eedfe2d759027cb71f5f234a46127 1640794624177 1640794632801 8624
310a8666fe139d74650aa085e26588998fea6d5f938e1c63fe14d5ca67046113 1640794679496 1640794688934 9438
80a25a1379d06cc34b54c9c21ad275d6de7d2ad94656bc8cb3b20a8b8c755023 1640794735438 1640794742778 7340
a5b49ecd0df271f36f09f8104ed798e62a8c69d8c8c6780f0a80d7873154871b 1640794790972 1640794800262 9290
8673bd3d88449e787f3d3ae976017de315f4380678f4c376e945c49ebdc3a0d3 1640794847010 1640794854668 7658
5a368cea0c52cf1adab83e0f4e397952c69b1a6d5473f0d4cd3b40ad7a7ceefe 1640794902701 1640794912146 9445
0affeba1b1d4d367fbba39db4fb1bb71a31ce95d61fc4454f539f749fee52b5c 1640794958263 1640794966847 8584
60f2b0d0db26df87e4bfed8c2541f73f7f061dd8e48b7912b86882d9cdd48b9f 1640795013795 1640795022712 8917
1634f493c642eb827450cd6c6c80adc71e03c0dcb69cbfd72ac8ff5871ce4b67 1640795069439 1640795079124 9685
9bf0c48bf23bfb8004a1040ca597b2c0ebf618f4ead502b67ea7d397daf28b82 1640795125069 1640795134880 9811
aadf0341b2fc263c8b05ca246d2e1748e8d223c4c671b96d6d36042fbcee5d8b 1640795180400 1640795189730 9330
c604d89eaf040605f9adbf6288b78d83902013e50cc5c0ad3738f1861da34534 1640795236104 1640795243790 7686
f954f8bd95f11716f7fbf022eb353d2adfed012d4b00783e23f458a538d51dca 1640795292050 1640795301864 9814
04bf139568ad7df1e62ecf3f962eb865601bea3b314a6b2b7e2804bf0af15f7a 1640795347860 1640795355329 7469
471ec00e811678ae36a88676f4b584f6b64f96f086c29f9757c61d16d2077e97 1640795404191 1640795414230 10039
c13ea197a0fe8b6bf6b3fea604c81b093d8bc5575789fedf6f39dd641143b395 1640795460205 1640795469534 9329
e9e2b41e8d7a77b55b789cfe4e57948ee75796199e8bc697ad681036e9a226f6 1640795515206 1640795524731 9525
