39be3165bdaabac69dabd8ff578e0318a8ed95c20e4aeaada69933900ce4563d 1640794456443 1640794466334 9891
114636fae902fd81962173291ba78510083014ae0e9a3759d979eb088aea3dc8 1640794512577 1640794522313 9736
2bb8cdefa2ea2116864801837144ce0e048a85b3c3cd4e5b2620d689ef9703ab 1640794568335 1640794576592 8257
0bd0c29e16c0a605799941b197a743538e5005288c1062afa5b94fd7bd323e91 1640794624209 1640794633843 9634
58d2b56981aa15dad8b28b2f51083c50ecec032ec9d5c04504e741bb20a363fd 1640794679530 1640794689216 9686
8c54ee6954bb6dc92da781f99727697bc9a76d8736bd9ad6ed6661370d46386a 1640794735472 1640794743918 8446
399132b216a24c9c62cecd6abebcb3d206d0cdd749b3685282f6f87ad1269bda 1640794791006 1640794799670 8664
3b041caa44fb578e36a71af183c95db400c12fc2aa225b36d9dce3b0e12d8375 1640794847040 1640794855221 8181
deb322da657dab1776147f75380f481d36e66dbfa89cff7cecdea16ddd77deb0 1640794902737 1640794911859 9122
79a7adc97c6d8e85192aeaa394f73aa24ece2003a7d80d368e5e2c452694185e 1640794958305 1640794967321 9016
c3dcc1ff1b81d105f4f7faf318ab4c421a9b2fe19834268a84b8cf2c0ca6b044 1640795013828 1640795023420 9592
0d85446a3e5786fd4894dd95c24e60f51ad3502f01e24355ea192fb59fd4b202 1640795069462 1640795078788 9326
6972a85a4ea4c2fa487222b14c8cee9890db553a30d8fa4df39ea17adb831324 1640795125112 1640795134057 8945
0a6d1389a776fb61d4f0edc7e9435090165f1cf6ecbf3c2e39f6dc59840655c8 1640795180445 1640795189966 9521
04d102b69e2f0f7c3c0a9c2a61b5dda71790aaf61a9096d2b90c2482b4152bc5 1640795236138 1640795246057 9919
9165e3cead85eca0f9162260063c073b61dc301b338b9cd067d5bc6d9f834b19 1640795292091 1640795301821 9730
69d216450c244a6a45c5c7fb11a8b2beb1047180ea07291405695c99ff17b45a 1640795347893 1640795356994 9101
7d145a2ae61bd9333cd5f5aacd4e965e6b05d5e9388cbc0613101b97afe870ee 1640795404232 1640795414334 10102
4e2ccbcf89622b1696c98fc9ff50bebc4738f78aa11980f0dd3343ba0250ce68 1640795460248 1640795469721 9473
2339d76641d0182c66248c3b412934176a41225d30088885d82dd2c838049804 1640795515246 1640795525351 10105
