66c61b33dc4f2f087d6a93766a525307f2a7b56a9f2ed0aac4c1cd857a86549d 1640788644262 1640788647561 3299
0e1207ddd283aac2265640044c46271f920f631c178b343d46d2e2bad3df39db 1640788680204 1640788684441 4237
b3deaf4d32550b9098a8209443aec3273a7664fa955425959caddfdf65280ba0 1640788716088 1640788720572 4484
a78f79227033a54f04ce5b5cd7cc5f66d0c7746a5a507b88a222b2dfe340ce74 1640788752083 1640788755323 3240
091473fae3b9f6921dbad222e7980e02f7a0efcca42481f740e921913f6c45dd 1640788787933 1640788791946 4013
7bba67a29b3fcab0fbac05e85c3cfb141e8e671352bd9bea88a622c561b8e1bd 1640788824258 1640788828655 4397
a2d916a0f29f0c8cba56a0246407ff4f7fe5b5469622b83c3bdf2aa7c1709f14 1640788860245 1640788864239 3994
aa99b956a7c289e9ed9d0c7b58e947fe5048a220a7fca870c57b6af573ddcb6d 1640788895984 1640788899789 3805
0c651d5c7890690dff057e09ddb1f150568dcdbb1cc612280b19059c3ff28e26 1640788931626 1640788935354 3728
b16a4d42cca20d2f42a6676fd7578540e7c19d483a67898b8d0f0522a63628ac 1640788967282 1640788971939 4657
5d95513ed199d7f92515596fb6753047af5c6423abe31b4c24f5e1b588204810 1640789003067 1640789007609 4542
c002a89152e3c3f0d3f43b4d0831ed14ce7535b285ced4d2478c7710d724d9e8 1640789039133 1640789043457 4324
18fa965a276dcb968d28e2a29eb0207cfc3de58e25303e3c473c5afee0177214 1640789074775 1640789078445 3670
af8cc09e52de4b7c6a5de6a5a03a0e617427614ed7d779ea4c14036c627dd3c2 1640789111104 1640789114701 3597
54670093b9995ac1c64eda1bcef4d856ba691baacacff5dc25940f740ee4faea 1640789147203 1640789150511 3308
aaa0407e9f0698b2bbfef212bb26e71302211cb11a59b77cfb8c62c6cc0cd9a8 1640789183229 1640789187712 4483
7eff02b4a20c11689326381102e10bae15cf802e2b143580108a6ae94e3d4322 1640789219078 1640789222407 3329
6c8856d622aad500fd2e3c05051d076f24542888bd8a112a4635e80e6b210406 1640789254661 1640789258892 4231
b75dc1ea8c5a36f1f6cdb05c695893ed9a62b6cbaf4c27346fd20d9c41dfa9ad 1640789290458 1640789294940 4482
1915feb21d0849692c08f5c1a4dbc9ea6062782840835503bd15929121f6f611 1640789326487 1640789330915 4428
