f7ced46df37c7c3c9fafd81aa94881a922a41230f730db241b1c20bcc09f9e14 1640788644246 1640788647300 3054
c9b54ba25133ac53c0fd381823f0a07de9d6a68f4c1237112e16d3cf48359107 1640788680190 1640788684182 3992
97f9ecd0e05d9acfe91399e48cd586b7acd2361ab0179b2556f157a2f5235e1b 1640788716070 1640788716568 498
ca7356da60b0da72d9a970c71e0db4d3aeeed76fdc5a7cd17bad730f8cb26774 1640788752058 1640788756742 4684
e6994b0f11f869e04afd802282d6e007544916184487057ee50ac38d1daaf66c 1640788787915 1640788790861 2946
b73758da3bc86c16aced95a8d945d3b0c477b047958d9f7e3194865727c9b605 1640788824242 1640788824781 539
61f6d9536ac37cb22af78497e0936f37e97bc7f8f5811b8fc54494b2884ae4e0 1640788860230 1640788863787 3557
0e25f5b2008b0fc5bc5b1c92509ea2106b66792894f12ea6281179e8a238f8c9 1640788895967 1640788898982 3015
253de73afa49473345f90352109f73a55294a534d2480d5724490bd4169133aa 1640788931606 1640788934651 3045
a9a9dba02f9eb2de22ec9e5b20a4419a26fd5d4e137697cf19d9d2aabc9b5875 1640788967265 1640788970349 3084
ad90dfe9e7d4f1f336df9fbb3ce0804b6e066497803be702ab7bde568ebc6c75 1640789003049 1640789006088 3039
74001579e4c3beb72cb2615d0b854f6e9645a2f9cc84a7afd1dec718cc3bf3e7 1640789039116 1640789043708 4592
6ecc25ea35aa9cd12c5c2808f625f20ba052dc34469b73c10c80f79f8dd2aceb 1640789074758 1640789079468 4710
a936d19991408f35ea1962f4e968350b854af17c3f14d5570cbcf5760ddefdcf 1640789111083 1640789114227 3144
0af91c07210dcf2727a441935bf89a7d65a88c0f590749176b7e0fc62fa2cd72 1640789147182 1640789151450 4268
7221adc8503d72409edc1bdfde4fd44031d6c1fceac274a4d7c465828806486c 1640789183210 1640789186221 3011
ce5996545e5ca99d056cb89b1a7620b943d782be8b2d62d47bb5271a020b0d3b 1640789219060 1640789222010 2950
828a532687b5be77c000790ccbd5eda4572d7df9bf927286a13f711463f75af7 1640789254642 1640789259332 4690
6b92ab357ded1312d820610af15f42848b3e6911abb085edaa32836cbc3300bf 1640789290439 1640789293424 2985
09ea8e9523bc5cb24ce77c5319afcd2b4037e2209526a349407556d04aeea8c1 1640789326466 1640789327070 604
