056ccf6fd1308e5d434fd024655b75ffd0b82d40c1c1cecbb23bb9d5e9aed498 1640788644299 1640788648985 4686
84f744d173825ce51949cbb74796186841a469509edb67ca16f08c9af76de6f8 1640788680242 1640788684337 4095
202a18f18c52a4c553ff4d8683795b2129b88938b636c43c067d0d758d07481e 1640788716130 1640788721027 4897
9a9ca607918ddff4af85e25dbbe8cefa3cabc826e5688da25f1ff3f5be89e40f 1640788752124 1640788755851 3727
919c7e61b9a195f252eb6a169b0353afa1e73121b1c83fa6bc60c684bfb55046 1640788787974 1640788791962 3988
340859c890d6f892500116385fe769be52d770d9e372860805539cc21af4df48 1640788824299 1640788828569 4270
a34c93856cc581b4dde2e42c30b0fa5c64b25f52519ecfe3a7c83ef48d36fc78 1640788860287 1640788864693 4406
e686ec64ec61a2bc055b05058064e1bea370f4568064589fe5e503e5e3fcb32c 1640788896030 1640788900416 4386
4997391f53cb14a51612cde33c2953888b893017bee9ca502f20d9eb87b3843c 1640788931678 1640788935768 4090
296f5d469b0c222205a7901c979a486785346919deb1a06d58d95a348b5a9a4e 1640788967326 1640788971545 4219
fd7838b2dbb88545c1be3ec8bc73b02f164a7820a7166542f9c6f055dfdb2d9b 1640789003114 1640789007162 4048
b853d8d24ef0928d58ca96803097cd1e77755935a3e59f2daad51a8ed21d4bef 1640789039188 1640789043844 4656
c177a3cfcd80737832551695c04b785e783e840af9761f9b796b46c43ea6a45c 1640789074823 1640789079428 4605
acbb4cbd641d83e3ca6d4ee5bd3aa8aebc72ef67b272f4aa873a76a8023db491 1640789111148 1640789115385 4237
851c955dfeb26657ff4ff5f57d0f5cf361accb37aefd76b598f8cd436e9abf31 1640789147248 1640789151741 4493
b4526621e566b8f47ac19631dd09a4606150d40682ef8eaa67f1fe99ae795336 1640789183271 1640789187595 4324
0a21b23447a7733d1d139e721894e4e2b4d8625f63e43cccd565dc22b2af029a 1640789219127 1640789223549 4422
d8e104e07904b566f0330f13c33c7405c626ab0ffe19cdb01da80f14837ba706 1640789254720 1640789259215 4495
891e745f2316fa431bd63707d1f204f9dfa4667a239ece3269a44d221c4f6927 1640789290506 1640789294276 3770
e271fcc77703b3173b4f7fc021a5e390c9e49c5f19fb896383e8f13883c86185 1640789326551 1640789331033 4482
