070ce833a5d93cb1d1ed555d655bb2ac3314e326a5bc5b1f5d9f604255775ad9 1640788644290 1640788648739 4449
2feb0551957046483603f94e5ec5471a8bf04b5c7b7f1f78472cd56efb1be0d5 1640788680227 1640788683892 3665
dce06ab0aca7189f3f64238bc6cc4869b9634b29487ed080856be076e8554dc1 1640788716121 1640788721103 4982
20fd4626ef27b5519ae54cae5af21c884789bd7dabb7ae73dbd281264688cf86 1640788752113 1640788756601 4488
1294d0e499fdcb908ba968be743f97cdd5433b7d1cad4da383e3ec604b160ec0 1640788787965 1640788792324 4359
c0294cdc863f7634dbf02d02cb5d22d7d5944d225aef5dff74cad9a2822ae3a9 1640788824293 1640788828870 4577
a4c6c2d2e9b254f9341b7a715aca3e6792a80cc1459089ef8dfc06d4d3000b1d 1640788860275 1640788864718 4443
67706b445a47b4fa69f1d030f5c76083a4426c29c5222d428d5ba6f5944256fa 1640788896014 1640788899948 3934
2d6a344079dfda25fa709573ca2dea1bda89b9259a3209a4da1c3128d362ab25 1640788931664 1640788935466 3802
5d835b6dd69907f61e1e9ba1832237fa439a20ff6c8ba7196f0907e59abf26e8 1640788967315 1640788971734 4419
f483e0e16fd9eeeb0879a2770a93a3f82436fdfaf05533340b49db82a34eb0d0 1640789003106 1640789006876 3770
09fedbd053d7ffc85bf2b528bed22c68d605210f3b3700604eb18654d02a6ad8 1640789039175 1640789043841 4666
2134c6c08cc4a488b98c7333c2d1990f817c4ce9d03273fd1627230650bae697 1640789074808 1640789079227 4419
a86c0af3d72b2f837fb60938185bc58b07210919b438ea76e7afb1306e3eed42 1640789111139 1640789115653 4514
d06bcbd4795a9e7fe5862e7b89bcabe78c2789cb0611e4485a30b80d414c4a16 1640789147238 1640789151698 4460
20b6a3a59828c12c0eeab6a0e9877e4c0c5b4f8b19ec638f2c88db62c1dcc1ac 1640789183264 1640789187057 3793
964ea9d8ed50f752e84d4f97d57029e9a0814a37a5a20ef239a1030ea990406f 1640789219116 1640789223320 4204
ea9e597fbc28174495cefb50eda9d6ed04de2a4245b5d1f91e94a2b1a9939898 1640789254701 1640789259089 4388
009f6f71c91c1afc5d46f74143832cd86f71f51c5eae906ec16380c42afaaea4 1640789290496 1640789294862 4366
dc91c6978be759f21b6e894f231f917327626ee10f20c68b1c7f8cdf3120d901 1640789326532 1640789330913 4381
