76459077345d9804b5c33fcf1be64338ac3280988edc91f057c66b6371123d4b 1640788644294 1640788648297 4003
8afe731486b79d293cdedecf48c072f019193735cef11be968f7a219f9f5b476 1640788680230 1640788684428 4198
6a3c3c886b01a87fc5f91f9d305c60d0a88ee9f99245e1f77ad9cce252ded923 1640788716123 1640788720868 4745
241c656a0e5a85fcdcf5b6abeec99c174d3e6de28752f06adf4d4fefe29c299e 1640788752115 1640788755838 3723
623390da88ab59a2f1b00d879ddc9affafb7ae6a590d885ccaffbbc185838073 1640788787963 1640788792313 4350
0cceba4648966f44b868b04b83949e1102c454b63c6472bdade76d6641c2979e 1640788824296 1640788828533 4237
7cfeebc61895a0a9b923b784d0e8f3b9c5aee6fc3c6e929d59d9228f987e2704 1640788860275 1640788864587 4312
16db4f1b54a8ff8656a90dd5db4729119408839aeec1c2b6174d14521cdb92c9 1640788896019 1640788900401 4382
41ac94e411c24bd35f89c879e450372d467d48c5c07b0e9e2860f927bf3baaf4 1640788931666 1640788935789 4123
4b1278c505d0c0a8841a7e5365c76329b887b1e28373a81fc10c87032c2f5424 1640788967317 1640788971918 4601
95b3c49fc3dcd9be3df4a49e6c26f79fb08b2cfda481fd622442034a20c179e6 1640789003108 1640789007632 4524
ecdd61dd0295aac630e123070477738ff712a1885ff7465ab4bafc5d4518191b 1640789039182 1640789043440 4258
fd8f0b4a6e6741248d3468153aac1b429838e06d67bed4ec76665cd1efa4372b 1640789074813 1640789079253 4440
e71bd7cf874deff6769c060c32211967372ceb64d8f575eba0f0a10c97cf113b 1640789111142 1640789115314 4172
e12976fc2c7be7c419a155e2af0fc546adcf93491999a9b8752bc72c25e1d11d 1640789147241 1640789151821 4580
6d8bd3fa72c63b97ecb20ce89691a7578eafc9a3e174b9a133c01e0b473d9e93 1640789183265 1640789187919 4654
f090e64c230acb6bedd3c271951937ced4bd032608fafcdefaa067f7f33f12e5 1640789219120 1640789222567 3447
99ce55af7a69592a495ff2cd784adc31ad50b296fe5e0ca9a7802e1a2c097f66 1640789254711 1640789259240 4529
3755a6e854b951cd53fd0ac009d8fe1278295bf1a7c3d6f90e843ab3eda5637c 1640789290500 1640789294700 4200
201fb29ae0fff00d1bff780ca0f14534200a8ff4e565f96582e423ff09ae7893 1640789326541 1640789330739 4198
