b5348e129eaed8e5c258247e0248dc32900734e0ffc9ee3e72f483ab3d0a0bff 1640788644258 1640788648618 4360
db91e1cd215f739e1b08c0ddcec61cbca17668f7b47ed480108b2f74df7ae7b7 1640788680200 1640788684371 4171
e9af672cb4751a548d41cdab7f7a39371fbcca9683759d3af93ce45fe2df1354 1640788716082 1640788720796 4714
66e9920c61fb1c692fb4f319685a163d69366ea6786d3f5a1a54eaf5d3ddf332 1640788752078 1640788755866 3788
030e00a46e91725a4ad5a0e3bc71cfd74864e296ae7e21a303e06f185d117042 1640788787929 1640788792075 4146
2b3d03b51477335e0d7a8080484b6aa2a1e45c1acf94602c7cd281b7aa3069bd 1640788824254 1640788827697 3443
df6a8b077fae1070f8536406d68f3e81ee0d33944497b777fa3105a9ddb15df2 1640788860241 1640788864241 4000
69cb727561386b82afa751d67770338b04cb8a68f0a6f5615351b33c606b81c8 1640788895979 1640788900042 4063
c7206b58f0bd499690252039088c33b78ca698464cc63db8b0efe1a3d8b47867 1640788931622 1640788935114 3492
493aded752d4b6941584643912ff1cc0541756623530b15cf922c1626a474bd1 1640788967278 1640788970947 3669
4465ae6740034a72cfc5e668ff19b1057c81569de090c1308b0b14a8011317d2 1640789003062 1640789007314 4252
d1b6f272b181902b872198d1bb99dfa5af20e18853ec5cf541f178a32252abd4 1640789039129 1640789043249 4120
49ae51fffc62e58b74d6dc7de10996dbcbd2a3e9409e262ddba22375957e2ef0 1640789074771 1640789078473 3702
ab5a4837723e47c05789edefb141fa2e9bab328208ad4f9e1180c8814c3f3db8 1640789111098 1640789115185 4087
a156bb6131c00fd6e882b33d6886e50a2a0a37058e3d2fc4f1878882b45f03b8 1640789147196 1640789150603 3407
3fa03c0ebdaea58d2985775784bddfe2279b2214888e261135d6767323c5f7e1 1640789183224 1640789187936 4712
b4578c5919a7a6aaa929b70e0bfbbebc46c629e9ff875ef431aa04798bf10c40 1640789219075 1640789223146 4071
6710e6cd8198edfbb97b7a93290aca97e843ce82e0c5319fd01338effde33918 1640789254657 1640789258058 3401
7686a17e4f384c46dee9fb4fd15345ca7b149f5a9cec7238276d5078b7239d2a 1640789290454 1640789294117 3663
98d9db976234ca6427a62a4499b822ab6cb4db265de92ff69ff16cbb7deb9221 1640789326482 1640789330517 4035
