738fc0bdae51d2f90a600dadeccf1d55190e53ce68dfc263ff04f0f504a1780b 1640788644273 1640788648874 4601
c60e7230b6fea995223c31fb2fd79784112e4b76a4394190c78e24112f29af70 1640788680213 1640788684625 4412
dfd3579dd8f0fcf35fe8438cd1ceeb2891ff1fdf6862233cd4d1f07a52eeaf9b 1640788716104 1640788721063 4959
c13c5fd328a11ebdeae4003b65c17fec56f01757982f2407543edc3d37b7539e 1640788752097 1640788756582 4485
f46bc1c2bd2c9a276762ba698870f1c93c93518f60f476b537d9161354d51b04 1640788787944 1640788792378 4434
4f28e1f246971f4c61780671c8b86c820ee908985466c7e72a66940f3ee8bb13 1640788824273 1640788828550 4277
194d19ca77d707b232fb6439060dc1ec7ef6fdb27aa5df2de4150ca49185cc7a 1640788860256 1640788864030 3774
4d4e1dbad4f19a7d53e34b1d9df308a469a4d895dfc3731375c5124b56d21169 1640788895996 1640788900480 4484
2e6d304928ba339d285e21dee9f65b796892461cfec4a07b9c0fcf3dc2961fb7 1640788931639 1640788935771 4132
d07442d03112750128cfc8d2c73502d424025efb90269fd1638474c594179c3b 1640788967297 1640788971400 4103
a6784017aaf9d4fa08ab82a6189a79134f2ea0d592f47d3126bd6d964e667476 1640789003078 1640789006464 3386
740daf4a7582c2c81cd8d1cc2f53ff7acd6087f070cda2644e31e27d8b7c3e6d 1640789039147 1640789043853 4706
70d7983b59d7805901b22ebcf6cde574b9ca0fda7c62ec4c78b8e5194628b048 1640789074789 1640789079417 4628
93dc7132f3005042f0de6fc09f2770291cf4d922045fe6bfa5570466d93e905c 1640789111117 1640789114805 3688
7a9bf82d8a876a52637e66484bec3492f7a5699f676aae7c6005f7d29cf86ef8 1640789147215 1640789150956 3741
6c8e54f4c19652d0244604b19707fec74da4b8ff9bbbd810bb41b9e3ed7c168a 1640789183243 1640789186664 3421
b83a373b9367525c910677ebfd94ae6a638ae1d220d5b69b28377d57ab46d5ab 1640789219093 1640789223523 4430
abd17e9371497f8bf2c3080809dd9bad8adae63386a7581f6e4420638d5885dd 1640789254678 1640789258521 3843
45390e6c75141334c1317376e2614708109be1c71dd557890c6a59b6039998a2 1640789290475 1640789294375 3900
aad02311c8702db57eea132a190adc60f7386facc7291a4439b831df39bafd70 1640789326504 1640789331203 4699
