3bd5b1d347127d739006c33048a21f2a80ce4d13f3ed009b50f1249b92344192 1640788644274 1640788647636 3362
a37dfdbdc55ace8be22b6204fabbcad003866b06df110cdb8c9c23d313f78a19 1640788680215 1640788684587 4372
e18ff1c36acb7c508d0efc7f40c57c1da63e75b3a156f88e7da370e1ad26d20a 1640788716105 1640788720607 4502
b1ac1bd9667260decce0480027d94c810cb3d66e5126cdd4aaeb475ace1ec9b5 1640788752097 1640788755338 3241
1f1378d076fcc949fad9691a9739889f14045cd1178b1ff5755bbe142c231c24 1640788787943 1640788792344 4401
1d69d15f16a182980a65403101578975553ce3c66631b869ba4e227b7f370142 1640788824273 1640788828841 4568
68e3f3e89d974ae1a6f535434eb6d5bd7d729a6786eda1d68ac2d8552667d3f0 1640788860257 1640788863802 3545
4b660fd94ac6b5dbbbe2581f312451d2ab6765578f54defb2cbde020a8705324 1640788895997 1640788900457 4460
4703befe692f74852fe770b59ff3da175de82df1f9b432f95a09c2b23b1ec132 1640788931641 1640788935317 3676
75e9d4c45142c74072c28397205907aeaf4a301160446119a5515f51796ca5b2 1640788967298 1640788971789 4491
e03d69bf3f194a2ecd0fbde57eb475f7d28827faebf1d5d97be9f4f5db09d42a 1640789003079 1640789007241 4162
29fbce22ff37da04643d2130d003b18b47dafc136f9e751fb068dfce0a012a4c 1640789039148 1640789043840 4692
8009142d6db37c36c0c10e20d8d569b67de78047b78f9da5cf501e7271211e1b 1640789074790 1640789078413 3623
9a969272452a36eb7d37c9225a6385a9f82d81dbe882c5a50c95e21886c5d075 1640789111118 1640789114600 3482
950115baafd87412b913873992d1a4bdb0f05864c6495fe878e3f9677a1d9af6 1640789147218 1640789151632 4414
c4c34b788c0db30f7c66b3910a8661b30303798b0f1ef43b754c6bf1d66054be 1640789183244 1640789186950 3706
6505b5c3bab8010934df854b2f661cf8bf116ac4233f977efae1293dd0f0b0c4 1640789219094 1640789223501 4407
41dcb61ee4ede4ac408a70a064a9d9ef2ceb192bf61367a8e699ebb691e30446 1640789254679 1640789259240 4561
2c1ecea0f40749528c55532fd42a5adc485ea459560febbf16494a15040b57a5 1640789290477 1640789294764 4287
09c06ca5e482f6cc6fe671dd6cfc605062b579b738a97adc4c0ff9af3b1a76ef 1640789326506 1640789330735 4229
