9b8e7f78e6ae2ef8fcc19aaae7f9078d0d0658a62577bf9d1692d8bd9acc737c 1640788644296 1640788648899 4603
6a49b553a2d94188ea6fc6063cbb46812d702cc4d94f9706e11cc7177e0e416f 1640788680239 1640788684005 3766
7e2a0db34bfe120c6e817a1e600e5bcbd4c213bc3b5008d1e0f5ac03f59c93fa 1640788716127 1640788720935 4808
f031e23b899357a3b9b652ebcbd579778e38f5524979d18ad659b5b8f22851c3 1640788752123 1640788756801 4678
c9f150028d1798aa27bb8a487f5f127d680aae89afb9e76d3ef5d40a4a56048e 1640788787966 1640788792202 4236
f068a6d06fc4cba3bf26eb695b7d7e78b5bc2e513efcd0f078e2dd0373861170 1640788824298 1640788828944 4646
af853f12792fbb54b369b534289b53e83d032f1d371bb51d3121f64c7476d67d 1640788860282 1640788864601 4319
e35fa696cdfbfdd2874fb98c5acce85620f8f0f26b6567743770120c899ccd87 1640788896026 1640788900457 4431
e8ebbc1c9b469323582cd7b3f67768f78623acfa87af42994ee0f8ad6ab43eee 1640788931671 1640788935857 4186
bfa70861bad79db737c49e76dd8deb876c9ce0028ba99652fee5da8fcedc8424 1640788967322 1640788971940 4618
2e21f9325668209f679b87e4401710be39213e13ea2fd568518932306066efe2 1640789003113 1640789007556 4443
913908f1afb1caaeb38c0a645730ce26949f47cfb23ff14ebc233ca1c34f7687 1640789039185 1640789043849 4664
c3b3889870b851d54afb1363751a3c53ffe6dc81e94f33760f01e182c57c597c 1640789074814 1640789079291 4477
9676542f1a2bb17e75f0de05dacb9661220f881939809868a0a3947230dda470 1640789111146 1640789115620 4474
2bf1ceeac53abfba98a038d04d151bfa407f21b1b870a8e6d98d34c5a4bcdba7 1640789147246 1640789151820 4574
518c1838062b345cdd5e0cf0d4dd9a18e99c39e1f5c12fac8fe4d95ba94a4cbe 1640789183268 1640789187909 4641
64e14008a709cd9b03ddcdfce440679c91916c8806e4e9ca7439f29addfca577 1640789219129 1640789223374 4245
a6711eb2c7b7215cc97ff63f4a50ec421957c3b042042e2e617dd0d08b586da7 1640789254713 1640789259127 4414
12f845e9f26f5024fd0aaae638a11ba01e4b9e8c32438dadcb4fe458151a12e3 1640789290503 1640789294993 4490
a37cb9332399eed3ea55069755fef389502431924b36758b7db88e3d9a5278b6 1640789326545 1640789330043 3498
