236979faba74c98d73030d1bff8d24f91cc4fa958fa6774b9e684095772f9bb8 1640788644269 1640788648985 4716
dcfeb3280aeed0441fe62a3a942646cd640b6fa4243e793bd4e44829d79900bc 1640788680210 1640788683896 3686
05db0c5bc496af2132865cc8648c8066d444e12d810df3c75b5e301ad32496d9 1640788716099 1640788720953 4854
075f59be733c0a701a7bf38d69cdef1299db0300df04880876d15224ac527543 1640788752091 1640788756777 4686
36e301a33d30ee0253d4bd6628fad13e2413dd787a1efa34cb14dacd9c6a6a66 1640788787940 1640788792553 4613
3fb8f5e0ce903c8e1ab88337958726e86b55700a210433c0db05079cf4cc0b15 1640788824266 1640788828856 4590
7bd5f83dd72653c4c51ab24536fdb8e910a4e9981f739422b2b146b2a3d01036 1640788860252 1640788864752 4500
407422ffa1318028dd88da64a825ebe0764bf2e7a74f54ffff9e0431e51542ed 1640788895990 1640788899469 3479
37b4657b6613b86a31bc24bc886cd9e309ba7e5c2af2da5942d3fe362ad6ba7b 1640788931634 1640788935478 3844
0e347058c46ff6c595b3214ca42ebd9dc4aa7fd42b492e5747f88c10ebaaaf9c 1640788967291 1640788971429 4138
6e432b63346a6cb4175b9e797e505e6ae009e203e05994b9201be87eff7432c9 1640789003075 1640789007226 4151
6e4f3590de7c35fdf2d2612e6255208f17297e9351d365e14ed5da2641f03923 1640789039142 1640789042625 3483
19646765bf06857d2463536b290d4fc77da742821e6f3884054cee9689c9f04a 1640789074784 1640789078634 3850
6240b02a75e5869ee21eaed29f70be9112db56fe1dc8bc9bc30f2d9fa8aa71fe 1640789111110 1640789115375 4265
2167df1ac73f559c1bca2078085b5ff1f14c168154f2afde164f3503ff1ac61e 1640789147210 1640789150645 3435
cd5d0c4aafe42ba49b95f10083a841d6862f3e2e9011afdc1f01e77dcc62f817 1640789183238 1640789187688 4450
b1c971a35d769db2471b64d373114470440f26cd18affb7e33ad2036f6df5a85 1640789219088 1640789223480 4392
b2f99bbc191dc091827fc26bec7258f94b8b55ed7f21670829c073d5e415ac1a 1640789254670 1640789258519 3849
a916dea2e50535602a1cda932c469bc06d2370f812ac44d4a3687593b71d5386 1640789290468 1640789294119 3651
45a59cb79577697fe3cc639ba7c1fbab44bf4198dd7abe81ebad3791a09c1a1f 1640789326497 1640789330911 4414
