3a3e19d76281668fc9df9d4e63fa22ae17761e24fc4bad2f0984c52dde4f9bff 1640772367435 1640772367898 463
b3043de8715820fb0c333bb68c8924fb2b823bafd2ce7c49959b1d41ccb39d5f 1640772373635 1640772374085 450
73341a32ee06c0560120b8eb40bdf0ae7e987dff3cab1863f2f461e9ce5f750a 1640772379575 1640772379934 359
2353628498dee7d0c7ea5a8a5c9b59221e0014598b255a38dcf18017127e954b 1640772385297 1640772385583 286
78962beb6fd39956771317bd8122373d47f4f4f989bfe93e7c6e6b6f2b85d3e2 1640772391849 1640772392193 344
981a340d0c132c1a9bef80161f03b26debbc1b507753fcdf9ab8eabf385cdcf9 1640772397797 1640772398182 385
a8b3dd598d4ee3a64bba9006c641d51ea415605a02249b251beedbe7a4889a78 1640772404359 1640772404586 227
2d10b0cd8c0a8ca2a46dc5e52466544b23d3c9107ca637e576d4742c985ff5d2 1640772411337 1640772411779 442
27e286dab7486e69754142c08c0b38663dd41bab062ccb14111833be52faa9fa 1640772418122 1640772418413 291
b5bbfaf927a842e16cb18491b33e440eaaa0fa0a0b64b25c148c3074e3680282 1640772424215 1640772424669 454
9300f9d3365d11af35d72e43aa1e3f21530b502e145b62b17f9bed9a07083cd1 1640772430339 1640772430615 276
13e2258fc13a524548c094c63cc867a74b12ffe1d6a93e1af1cd6180342935b9 1640772436505 1640772436995 490
e7c2e1eac292322b148576e3831c225b7cbcf3d88dac6ca87b745c0b8e29aec8 1640772442839 1640772443302 463
c2268f19ad34c7a92656c7bc09933d4ae19d70b27eaef1e45af32b652c67235b 1640772449040 1640772449332 292
10b38d1d31754a4c49f794caa55f1414cdc0f8629359b269911a488fd3330d07 1640772455417 1640772455634 217
9cffda4e54832018121d8d73420d0de8f6bcf4b3e126040150bfb6a8dc872976 1640772461823 1640772462109 286
3442e8712facb48ed737ff8fb1c4b5d15c12198b6cb4720d0fe4c93222100088 1640772467974 1640772468158 184
5c227d8f263d1a80c0a8d5d109b854c25831d29d7aa19bba1a602b8edfcc5bcb 1640772474115 1640772474583 468
dd00e44114661716301c13dc02f32d00c179bf824f9c0ec881435213ee9fdb40 1640772480365 1640772480679 314
ad7b1335c4e574a808bd2f63d13b7a812c472820cca5409fc3c13d7824beaada 1640772486356 1640772486640 284
ee86ccd8a132d3fe79aa5076ca9c77186a1f83b1c5ee197e75db329bfd1e61de 1640772493007 1640772493477 470
b4dc0699b7cae414fb8ac60e75bf62a3ed3c7b72c8885f2748eafe547c7d1a38 1640772499145 1640772499579 434
2e5dedebfd59674443c5c533d5d9dd439b7d64085d2a5478e2a1d865af7b71f2 1640772505219 1640772505534 315
003f3f7e7571f2a45d8bff496b46bea67d96a42c4713022d0a372e593cd04044 1640772511546 1640772512012 466
a3141f3ee4f8ed0f5b48d06db1c3b62cc41215a4ab9f3e2034b567f0c5856f35 1640772517890 1640772518363 473
7afe8d7ea331f02466d4e187df0da747fe31c77d56c8393bdd25a262c281e57d 1640772524459 1640772524905 446
81c90550a078acecb6a8a305d7ecbf43dabb4fce6fe43236028aa1f98f3d44cd 1640772530670 1640772530871 201
e2d17287b48440c6f4e25bf6677c05f37d7b89221adaa561f73355d144118589 1640772536731 1640772536940 209
0731e12bdc7bbad195344b744aa743234b752a4ee5920d9fb21fdd4da0754705 1640772543168 1640772543561 393
f8cc6c76c0db929c7970959a4100f03fc9138ed042e96f46b5048985a4a6f03b 1640772549462 1640772549945 483
8db5e40c26baec87de37566e6581286d2cc7b38e2f15216392c8d3840cc9fd9d 1640772555548 1640772555901 353
835681d71ce52871d187832b6a8ada36568524971d5b6f6da70807c666f1009c 1640772561790 1640772562268 478
b148bc86d31f1c3cdaf4be50b7aa66c008529fa208d23602f19ced14cdaba2c0 1640772567982 1640772568383 401
fd10bbc185524d1ca78bd258bac123c19f3f7b2f419f30f5f04f0f5dab61e73b 1640772574188 1640772574638 450
d6b80887625f3e3b4badcf9503bf57f1d9064347c73f3f3e65247df712c2eff4 1640772580398 1640772580856 458
69bb3e7e708df416ad0990c23ff350d6cdd782c8479ec991a5a09502304914c4 1640772586639 1640772586933 294
16ff11cb5c98457ef5ca849597201a7125716e53fa905081c1a7d96a9a8378b7 1640772592945 1640772593121 176
bca74c9bf4efb781bc13a784f7b314fb82f000c79fa3461786e2eb1ef723fbb5 1640772599182 1640772599810 628
283d104c44ffafc86676d4f4d5a189cbc5ca2470f0ff3f228c58e4ad1ef08182 1640772605731 1640772606024 293
7ad3bcae6dd88f0a2ca82d8cf323af6bec8379ae6ea531855c6beaec92042a45 1640772612048 1640772612423 375
721a24965f6a32a32c50f50e9b393200850021263743e347c4a392f4a6748dcc 1640772618154 1640772618584 430
1a3f66a53ceb4819ed7a426f59a7a03ea5a99795214371f6952c482147fc36d3 1640772624316 1640772624738 422
115211a3fa294d52aecc1cde92f6106e82749548197d01e76cb62240c705d833 1640772630811 1640772631105 294
c210501612981b3bf7127ae9a9a731facd356a398e598521e306883185697fff 1640772636870 1640772637154 284
4933ef10ac0244b0bc3500ab9d0fa32f7a71120fe95f025d3562df831829f8ca 1640772643560 1640772643712 152
cc809fb12d255738be41bd56d15abfc11bf99ee1cae495e9d2edc51c690a4b55 1640772649727 1640772650176 449
2b99d70d783bad9a898e21e2c2b50a0fb83ed04feffa5f53c48aabc9927606fa 1640772655833 1640772656027 194
b86043ddb55a15417b591887eb776f50f46616e57cfdfa4059b0040300fa4928 1640772662074 1640772662530 456
4c62ca6e3060e1b29798b0fa165e8c13e8c8d3392f797c53dd3f1565c4820fe8 1640772668220 1640772668599 379
d92f724e8276c2c6b5be589a320f2eca3049ab9d77c3464a4d59fd2c461a3e49 1640772674299 1640772674719 420
