1ee054574f5b56720bf1e23cde910f30687e8e099a7894f4c106f0ac0b7d1f63 1640343227252 1640343269517 42265
c4a9e8a81e5fe68910f52e7b333993599d246acdd7edf106b0e65c285a4ae572 1640343403325 1640343454133 50808
714bc4086d10d578a03466ae154467dab8ac2cc37192cc73ec723ec3687bfac6 1640343591282 1640343656279 64997
a9950524c580db9fbbc3498b952ffa78f584829b48d5124145bcf469d5bedf42 1640343789090 1640343822158 33068
c347b63948c797444dcbc77784dc1eb0de213bdf0018007a980d5dd0d07d3b2a 1640343991778 1640344027234 35456
d8b21b158e83b082de503f2de5d5a5955c10d8ff3e57f8892a61279566867d70 1640344186553 1640344215622 29069
a492c34088b3c148997f432f37f73f3e303b4b8c2c6d069c79cbb092620460de 1640344386326 1640344420937 34611
7b73d05221bb1c02dab82e624aeb07f4862e1e42dca27efaf35f113f3d3c0b9f 1640344612886 1640344641750 28864
1753c23b1bea1dca72f079144c1b32165ac71a02cdedac15fec9882054ec4231 1640344783127 1640344821017 37890
fe276475ccc6354fbbf7299fb7484b4aa91b6524360280441bb5f28adae42427 1640344979691 1640345013231 33540
d56df9813007b9d9e41c2d699832c15e82d1f824b5aac6a0c5341cd28f2035d8 1640345175498 1640345230197 54699
ba18b3ff798a58c54e6e8dadd640d47dd7c72dba7357e0335d767190ca612d2f 1640345378428 1640345400618 22190
0f000103d777c91b9ce6131d852b6b63e6352298af156728b93815a79b82159c 1640345573038 1640345601292 28254
c594f5bca5a73f1919ee47e44183d60463a63205407ca2955977a46561beceaf 1640345772847 1640345808241 35394
5c8723095568e4e15b83a1f2434a5c60c1f5e83eaa0f2da33fc0cab14f71d920 1640345974026 1640346007018 32992
ac7d82523ee64a9bce6951e7712d45f9a8bd23cf5cd4a951820554ecaad29fa4 1640346181199 1640346224072 42873
239b0665174b340431c5f3b42ec2634c275521d4b15495e5743a355e73566e18 1640346372354 1640346406580 34226
d64eaef4e52bfb54b5ab5e37aa5166d81fa2af23dd003a9b37ae117f944df9f7 1640346576060 1640346608427 32367
d0d2ecf3f2f0662b11d50f0f9720c1e4af5ac6542b8ce1b8cdfd612e4f0e368d 1640346772171 1640346804982 32811
f0a28495a6e0f93d0784b3850e990cb8ff5628d0d84f757c75f1ff491413661e 1640346974423 1640347006960 32537
