d3367cfaa6a6bf1d838a892bcff02a5841c2baa73f2b620e1b1840784a1488bb 1640343227275 1640343296660 69385
15be9518a8dedfc6959121f4ec6895049b1a1803d69fe81dcb80cd70e7e912aa 1640343403346 1640343479572 76226
4fd594fc88e7fa1e995cc62dd87b5829a8689a902d888b8cae7bc58f1a1309f2 1640343591316 1640343685259 93943
20c4054fee9bee65704ed0872c7d415fcf6e846ae0a3cc542c64df8b58a75888 1640343789125 1640343902761 113636
f86c9f97c459d63a957a6c2f0a81cb6df071aa4c829a708b39d2783fdcf6f87d 1640343991805 1640344057863 66058
366a789d5938e00a5073ff4edac66e04f14c40951784fc912336cbba90308571 1640344186583 1640344257649 71066
b5cc6d113201b704e76876de74655d63ff49019a7f0f9bebaf3b566db7faee86 1640344386360 1640344471260 84900
74b38c79941172085ca2bcebc36d70b3372d00ed399dd8cf644a2b0765c38652 1640344612916 1640344695837 82921
a3c596ac9cac30494fc04540237b6d8dbc44d84a84ca2abc27cd0a4aba0ac62d 1640344783152 1640344870538 87386
b499a46218fed18f951f9fa1f5844c87b0e9b8a55490ce992316197a7a2aa4aa 1640344979725 1640345062928 83203
da973ef6a1b7dbad3738288929378eb3e824be4aab4586181c0ea7c537d3292a 1640345175533 1640345260661 85128
6edba535dfb82df476a4d9f5bfcea0faf74f1f0c5a784d05615fe0a8aa93679e 1640345378464 1640345462375 83911
140bab5f8c11ef89f72c9a87fd668b7f185c8a33734c01fad4846abb0f7ef828 1640345573086 1640345668173 95087
23f3db5f3dd198a60317bae444a298423891d21849197b8813f7b94bd5e53180 1640345772879 1640345854319 81440
b18e1cadb85f31d0d5ec22fc125211b8e87b364415cc0f4e9692135014c21426 1640345974067 1640346079801 105734
7a7593c388589f2e59e4615c64bd955526c00275c420d8bc41e288e113f5fb10 1640346181239 1640346278076 96837
cd342b641614115549e87d597fc4309a20e196227b5849e459478bb55ec51a40 1640346372399 1640346530713 158314
70632255a7ada8f5545d72d5d102b0956afb7713dc9b9255805b9117e801aba7 1640346576109 1640346678338 102229
573f100b9820d29162bae211867eb9a6d657bfd5d33fd74733fb5f13edd69cb7 1640346772205 1640346884866 112661
e01abf8e4a587be6718e0b84c4bd3995769a25c4b580788446b97d94509bd706 1640346974465 1640347063807 89342
