d2041366a061e8010179f5973d26e22a70e0d7bc18edb5ef195ebd48c1aa92e5 1640343227300 1640343286985 59685
cdcf4e2768e0fbc8f4cb055dfaf09696a61a34f71fd10442dcc693989fe4611a 1640343403368 1640343517125 113757
eacc0ed721ae30727af8fbdd384d57c05843ed6a5ab3fca1f2f2615d515c348d 1640343591337 1640343709966 118629
154d16de687b783555d1dd1bd5f13e5488d0c0b392be8df9196ac8e23e5d60bf 1640343789147 1640343974640 185493
1589cef6d20994af8b20ff0045eae023ea2d945a307f06a53a3678cf47f643bf 1640343991844 1640344134717 142873
eb126a63858a9f5aa33deeca024cb990e4e0707d44f357d0663171aea202a863 1640344186613 1640344314766 128153
cd0d4069b402ad3ba29dda56b97a2bb6353d703346949af12d369ff5a48a10c4 1640344386396 1640344565024 178628
eaa5aa5fda08d18d12341c9dbe92f741c71396afeb2f92b4421096eb66bb10c8 1640344612951 1640344731738 118787
b8d84da7d3723b3755a8c8d0eac8d58389bdcfafe93c640714931a845cd797fb 1640344783192 1640344944660 161468
8ed9a76fa33a54d09b4e9bb14092801cb6de7b0aef65a2e6e0d23512ed54cd18 1640344979753 1640345119438 139685
3030dd460ab338fe2b62cdfe7ade58cb2f024a94106600f7915cdeb38093e698 1640345175571 1640345345334 169763
038dcc0c281099f94095a30209edff8dbc395148bf853235b3c0f4efc5f45970 1640345378516 1640345523897 145381
cbc67c095f20942aecc1e625db924e412bbc0d8c02fd0c54e188549c4553d346 1640345573117 1640345728634 155517
16d1d48157285bf2814b7793724632e2852b4c1d4832a7a2fdd50d641b908c42 1640345772921 1640345928088 155167
5d5e43102ff7257495a08fcfcd203be28665162e62b4e8c3f208cdd8a5a96ca2 1640345974093 1640346156580 182487
5f4fae17edd0a28e3ac95c731fddcd306122ed405905aa3656c85d075504319b 1640346181273 1640346314946 133673
2e94e845a215893bfd3dd7a60ab2a1d20840ed128b9669dab8b3343684d3f30a 1640346372442 1640346519832 147390
67ff4fdae40a16dfad884c97a08e9807076a81cb4be27f276bb9aa0d6459d1c3 1640346576132 1640346711769 135637
418af6450ba85abd692db7dc563dc097081360903a5f6ab4f347b350a4e367d5 1640346772238 1640346897895 125657
9a0c88fd6e47f61a0b4de669d818790602379b10b61fe0a8227a556d147751dc 1640346974494 1640347117909 143415
