9370970597bf08cbb8b839f3b1cfc1da7cf96ee2973198d097ff89b9a0ecdce6 1640343227235 1640343231109 3874
e78329b9cb569f51a47d280686232047ade78ad716e73f336a9c924d9d097148 1640343403317 1640343428771 25454
1a05b065b613c3bddf8d65164bc7e702356c46351a074072e51e9a593c960a9b 1640343591272 1640343612892 21620
e5d706a6b9099b1d26ad32b6effe4e51cef377b15c75043ed3e0fe4dabeb1a7a 1640343789076 1640343806239 17163
9e0bae1713fe4efb534ef9c4572aa512a1a36837e591db5c17b0250b6c7e516f 1640343991769 1640344016896 25127
43d8effcc948586d7bec49d0ea9b2500a4c30b81f04d55459769cc978b477dc3 1640344186545 1640344204640 18095
2c47c400c1efcb20e40c9f6817d56887b2b667aa86af0ac5f1ca257d29ad6f11 1640344386318 1640344404816 18498
dfea89ffd040cbb2eca23a1135aecc35bf2b197891f470c94a0e1be822659e88 1640344612876 1640344633287 20411
e1a3e1d78853caf1ffd8744c3b7ad578f42a94a3a72ecf1b036afdf7f40570d6 1640344783114 1640344802068 18954
97192ee42f7bd8a9403636ee3cbc676f072e18a31a6140fd3aa55489af075ef7 1640344979680 1640345005180 25500
ea176f06cdc2f7d5587fec76ac3205ccf6a6aec0add0ab8443598d59e2e666f4 1640345175487 1640345195496 20009
5e71df4711843df94602c39ec1c723ac3574da08716e76ee794ea7b0bede4bdb 1640345378414 1640345411917 33503
ea50aee959e15f4fcdfdc3540d3d33d4eebd4a0a13f8bb000f2dae8049ce44ef 1640345573027 1640345595437 22410
7b2b00a15f0ccd69a7a8d48390dc2c9430d6d6aa781ead0b4de7e8e3b09fb4ee 1640345772838 1640345792314 19476
16b7fcbc6dc21decbbc504721a5340284b68403130c242c61bc10edaab8d2f5a 1640345974012 1640345993252 19240
5334c2411d67bc7868456fc77e7e33d4832b4a87ca635e08f19510346d764766 1640346181185 1640346200521 19336
bb558b631e02e24a46898526d59008817b7c5c8a5bfa19663a59840c7d67919c 1640346372341 1640346391471 19130
008e033cfed86c40dc31ff550d30b48a1328eca094c8e23614fb7996a860b85f 1640346576050 1640346594029 17979
2ea754f0643c5f3f6df3663b666aa126686f902c20a5e2157a0c1dec29637c8c 1640346772158 1640346793625 21467
12728ddbb06aaf2f52aa25d2775ece24d00f6c0abce7f127d1bcfbe362ac3346 1640346974411 1640346994308 19897
