b85145158fe02b1a002bc5c1d801571207b093631a810f1e7a372f8af18cfe8b 1640343227282 1640343343572 116290
836f002e6e02c541f7764a64155069e7cba6306ce81cfef556b699de0b4cbc68 1640343403355 1640343494489 91134
1cd4982be61e1df068a006b233da951cb0aed0975e30d5c3b51a590572c810a8 1640343591321 1640343666852 75531
dd7c4fdb331abc230b4a67c4c77185c9d8acb0680ba111b2acaaa2c997b5ecca 1640343789128 1640343891209 102081
1641c95f1ebb16cfea83e0851d4b5fac4b8c1563572787ff5d354a700fa5c8eb 1640343991814 1640344086870 95056
ba4dc6218989cd739e8aafa7579b81c25f91c761d30659b61f1905be060792fa 1640344186587 1640344264146 77559
c989ac487d93c1a38f668738dc980e0df0b125fab5e10319cb1ca0560f60427d 1640344386371 1640344498879 112508
23a7a1cfb95e30d29b92591ad97a3cd7f32edb181ce79897c56712293c6b511a 1640344612925 1640344722355 109430
9c8cdd7e218806087b3538dcd788dff4728338ff251180ced56fc529c872dbdb 1640344783163 1640344883277 100114
9f9a11287227648521f9756a199d9bc757abf970400ff9620d3a7fb9cb9a09f8 1640344979737 1640345081854 102117
f8be2794e81400c23e9793c02e63fc9fecd50424805de9d265e941ffad1fc3da 1640345175543 1640345266298 90755
90144e8406cf40e4f8103a466cbd719c4f5902484358d0a832e95c46e51e253d 1640345378483 1640345469118 90635
22bea514082e69c41af853319aec8c8ff99c6d3d4033bfa4b8864e86b30ade2e 1640345573086 1640345669914 96828
ee7c450b0e039fd3205bc3d3006ed9cac2be717c00537cb23eb437c55bc1e249 1640345772884 1640345865201 92317
6fa627008333336ad9b2407eb8b9d335ae1de6c527ceeb9de981809dd6a49c2e 1640345974075 1640346067360 93285
abca7ed08cbb9165a6fd6debb51a05bd47063df02e21616fb4d9e34236e1d4a3 1640346181243 1640346273992 92749
6d78756c558a31a9d20a08b566bbb26fbd40d641eef36286e21de74248914773 1640346372406 1640346472408 100002
7e0abb69e8dab87a225181a13f23e29c44c1ef834904dae82119da9ece3a5636 1640346576106 1640346667837 91731
1cdb9835d2740fb0f5db67daae1956e14f856f516ad0e449a4438ee781382cd5 1640346772222 1640346915994 143772
c2de4a9ab905bd8b087c358096e0242cf8709d8b8fc117edcac6520cc99f55c8 1640346974475 1640347071886 97411
