ec4dfe486cfbd481a5a997548ee3acc8bdc5b2debebb09b57b2dc454f10d101e 1640343227297 1640343295096 67799
b1c8cf5422805d7296607c4bd33e7479314fa196764abdfa51bf172ee782111d 1640343403356 1640343491675 88319
f0441044dd478b42df7c00ebf23ef47a2bf801ffedde551538fef8649eeb52ab 1640343591329 1640343728924 137595
79ef5e1d6ca6de4fe6fd2f8bd1c1434b1b07f6f341dfffde71a1c326a7c1fce6 1640343789131 1640343883533 94402
ba5eb03a6cd97fea187643ce2d26029358edcad96be5b78628438064f9083bd5 1640343991822 1640344078305 86483
199eca74ea87fc5738c732a0bee5a26957f10c25e94e3fe50df5995d75912eeb 1640344186600 1640344301400 114800
11ed8e437a514fbc55651ce3e84ec65f0404f009619ebf94ac2bab320e8eef17 1640344386374 1640344484421 98047
ed2eef8233ee62330d189bff058b12d911750e93698f120468ed7011415fe901 1640344612934 1640344704220 91286
01d1d134173f7c89f2271069ec1370518d7fa6508c99741be6fc7a743265f926 1640344783174 1640344892887 109713
19b51ba84b4215b70ce396aef06fd0f722e3602d873202ed0f849da3b257a1e7 1640344979741 1640345083659 103918
e89f3669e88595a77fd7318b878e9a313075c94b70103f2d70696627b12f459b 1640345175550 1640345287653 112103
4a030614899a16d8e1bce2a1a3afd1e386b6b9e073d80803b1b9c6d64fbd0447 1640345378508 1640345492466 113958
267fe257b5acd8a2e669e40d61ce221eadfb44b31da5224902219bb48b333623 1640345573099 1640345685446 112347
05a7081c79edcd237b38c5dd20a60bafead2b34cac78861bcef0fd21f98134c7 1640345772897 1640345871026 98129
301b649308f3d0cde647dd812abb688bd22981c33031db38b16c56e6bf45ed6f 1640345974081 1640346100585 126504
b659b0d2cb3d8460168d2c84c36053397a8b00d5a47bb962eadfb6747a704ff8 1640346181247 1640346285214 103967
f340a7a8dcd3e07093abb10cea2700cf996822827f3d960e47b5e7c6bc44b026 1640346372413 1640346480221 107808
07d577b4423c0a809f6607051832337eeea7e5b368fb6540406c5618a64cc31e 1640346576117 1640346691720 115603
89f1f7111cfbdad7369168522cb51947c35c0ce8fdb763ce2eb5325f0a2de9a5 1640346772224 1640346902604 130380
65a56bf17174f24bd7f563af3ac3f27327720c2a29851118b4a43aa13923046b 1640346974482 1640347084516 110034
