38f6423525b62602e65f1ab6aa995f7f8784da51cecc03b312a46dc5c4ea8e9c 1640343227270 1640343352466 125196
b44f5a6b3cc68b1f04d8bd879d742c5e0da7d845d5244c94be70f0d0b1df4f8e 1640343403372 1640343518982 115610
e5b84692d74653b7a586522fa43ec3bc967bed0180b9f2467d4a684032c462c4 1640343591309 1640343648193 56884
b7bcdc5ef37e6e6c45cbdefc79dac97fa61d408d7cbda3b0d2e3f52e30ff08e2 1640343789118 1640343879492 90374
a9f1868d5ab93acdf701752791c372eb79c3c810c1bf5fc013bad92624ab1706 1640343991809 1640344065177 73368
06ab017e79f550062c5d1693d99c9e9785baf16c4dd530484dc4d895acb1972f 1640344186587 1640344259250 72663
ae6f388a94c3f0760e0cbc0aff09786345cb44e6078d15d73fece4855d0d1347 1640344386358 1640344462490 76132
805d002e8bd1bc7f20361f7dbd4f4ebcfa2a6b83ceaa4be4dc7c94eeca130fbe 1640344612922 1640344688234 75312
743bed0ca1d789f6433d8be9310dae667802085cd87c338773ba3ee555198953 1640344783149 1640344876227 93078
3594ad9735245a9bec69cab4b93fdfbacddcb51343108bf662a6794ca5267725 1640344979720 1640345057978 78258
25a3bb5faf1466e924e7f50126ebe0dd6a7f54edba57a7c4482bc80c58f1f8d0 1640345175537 1640345262345 86808
03436f52f85355b8dcfe6f833b4054853782fc76222cc4c3684a8adeb32a33b2 1640345378481 1640345480288 101807
4ac9100688f4039bab3864f7012e8838b0c3d90405d80958dbdf32dfec5b7607 1640345573079 1640345648101 75022
c5de763f6387c87ebf63e43adbd2e18b96a13a2f89db6ad3242a67115bd11072 1640345772885 1640345864053 91168
2a397eb853e41f2a66c868708c0b2e188f4b0ddc9da1b315fad27399caa85cac 1640345974061 1640346050018 75957
739af08b32bd60ce8004da51f39f3d6ea42a1d30aec17a8a914b22a3b4779c78 1640346181230 1640346258303 77073
b978d8d2646ad8f3e9987a6318ff680e8976ba5d5450db2948f38b75f50a5583 1640346372392 1640346461935 89543
ca26b84b21633029874d726a22157607a03da6a17b495fae9200d0266cb5993a 1640346576094 1640346667270 91176
f4e435aac62c939849f9cd45040b67a7cf39852fb4e501301fa8a6113d981561 1640346772202 1640346849094 76892
cfbc2b84bf9fbe437129e5e6391ead6ab5f0464e05edbcef941148d01f7e7ee6 1640346974460 1640347059295 84835
