aee9bf674610b992c19fa3485688f0d539eb56c4bed5eb54a51fcaab61595116 1640343227268 1640343355029 127761
734135d0449faec850d40d719cbc02f15734b156fae6751eaa7f39b38aa51dee 1640343403346 1640343488333 84987
922b633b790b102f25bf214872a657778830c36c829846732575edb73fb1c5c3 1640343591308 1640343718326 127018
753ba592e2e53e7905db25604a5fb1ad54a108ecb6e812fdaad4bc9664273927 1640343789117 1640343855073 65956
fc88c7ba6d3dafaaf59c3beb30ef45f85c42e078d39d11fc41d4ebbb33c66e9a 1640343991804 1640344073844 82040
dfa04733a38f246789e3b385f544223caedd080cf6b2c1a21c6d810a7faf369a 1640344186580 1640344264696 78116
169571a731f23d590c39c01c377de254bc77350bc8fda58bdddd0834802be662 1640344386367 1640344472365 85998
4ac5117c6ae79fa2a7db24dd66d3e1e783dc398f5bdffaf05c7e7edf4b543c1a 1640344612916 1640344701405 88489
3477baf2e67581543d49b0a8d2f1ec64496c404f36ddc02c98699383ca2e86ba 1640344783150 1640344850941 67791
d2841e22112ca68f3c7619793675f13adebcc6b47b0b34f7c2fc98de2c41fe34 1640344979725 1640345055805 76080
c3cbad8b8fcbadff02c173243b1fc471caaf77f78a756b0532d14fa754cd4d10 1640345175527 1640345242878 67351
dd2c51da4a5b040a1507dc47a65b1a78965197f1a794026d157f298bbc35b356 1640345378473 1640345453641 75168
8219926d4b760146814e3b4ecdbb7068549f5754b456ef71386629e9a54d217f 1640345573084 1640345656333 83249
c0d96adf72aac5e9083a78318ccff40036d2ffe460cc9ca31d453423d323fa46 1640345772875 1640345854884 82009
d21d9aaf236b423f469a23ebae86ffb5c702bdd127417e6dae441465cfe96b98 1640345974060 1640346041974 67914
f419c819fadf526db403b163b997e4f2b5a196691325d5c995869b22299d69aa 1640346181232 1640346269991 88759
394e64425ac3a1d34a0d3b39bac088948d072275c2d31bd7c266475864dcee8d 1640346372393 1640346446476 74083
295d030ae04f7e0111f1569352f911a5af54764fd44043d3f14401f779478b6c 1640346576089 1640346659972 83883
19512a2385eb8b5c697d2a96832e6e11e8aefaf9d8b17db4759f0a4a29b0253c 1640346772204 1640346883751 111547
db348de382e8f150ce35233ce8c7c70e22081dc452cb1a9db13781d54cd341ac 1640346974459 1640347052690 78231
