7216a2509f50a60c2c8a1056ad804873aa09ac3320fc1abe8b67df47cc4e38ad 1640343227287 1640343281263 53976
f2a352df170596acee599290a4c01de30c9cca3a1b5bc646161dab3d1aa51254 1640343403358 1640343490001 86643
b35d6e24ce350a8bf5c6d5594b7ced88f1c706edab7ce1bdde25d28a61137645 1640343591329 1640343724931 133602
ae72d6ca6d0112c00b088a59cb5a333ca2759e3e534f43204d82bc7565e6153a 1640343789131 1640343876092 86961
02b0b2f05afaa34777b21f010c0d57d5c68cf3be7a62dca8c752b0811c441d23 1640343991824 1640344093880 102056
fb3b2131db59063ace08eae07d84b9b287497ec2df0604357d6acd9856dc9a35 1640344186598 1640344325387 138789
4ddd9ed72fb4da47f3e5b22729a6eae42002eaab119e3bfa8c7eb4a67ca87aae 1640344386367 1640344497036 110669
2534ee259df0c1edf3c85d062b0a59467282db9c40bdbfeac5c88b7b1fd21dca 1640344612938 1640344726094 113156
298ad37be29a96213cca3b67698d8e1125a057e762154106b32494842a998411 1640344783178 1640344963961 180783
d876ffeb8b78f1a23b120fe26aeb92dc069ebd4c9a5e424a9ce9ddded69ea6b5 1640344979740 1640345098420 118680
372bae899433c6f220e34dc597032ee96d47d7d11c6f5d0d377b1b0e5c259ae6 1640345175548 1640345280377 104829
89a8e8ba7065a953104e11f19f26f46a08523ef35e48862e12788b08088f9bb2 1640345378490 1640345470283 91793
902abaa08c48cc67b130b59084c18d747b245f75debd3c6e3bda487d740e8abc 1640345573094 1640345684834 111740
0ae48ca315d6456ae42c42a821cc4805d758d6721044af0ce61266e7748cba14 1640345772903 1640345891199 118296
cfd1f03e28ec83970dd641aecf1e245e18f752cd53ef1afa7d69bfbe98addfdf 1640345974077 1640346072038 97961
8fb92825c7fbed74f732f1e59cf8ce97d8561573c5328f0bb0915e58e5d7e1b1 1640346181247 1640346293157 111910
eaaf567225e467b32ece4d316b961a7a1b51f47eb504ad41bcce7047377fc4e4 1640346372407 1640346471227 98820
ef25431a51ec63fd5c4384904111fdb99617fc1a8c552f89bad48188b56278a1 1640346576112 1640346689242 113130
e7a0f369131ee8ecc9879ece4eefb304880f4a5ea3391eeb6fea64882f14b346 1640346772230 1640346940630 168400
ae3b26cb604f3ac2c4c1bd52af34059242103d71a10938fa0307f4f1f30dbf9f 1640346974475 1640347102934 128459
