3015111220dec4b06392bc2f079d03ddc96b0c2b39d54fc82bdf3b2bcfcddc78 1640343227249 1640343271821 44572
928f07cd2ae9a40089d713e202181fb420a6ed0b680cdea2fb28e02259e884f7 1640343403327 1640343444743 41416
a3059b06ce4d77378a8599c19b2cdda90e814bee47dcd38cfe65661867bd6cf5 1640343591288 1640343627617 36329
da1b9e0a124b176f42501e60185fc2b8cb2ea07e1b795d66b0c68cd3ce7f6320 1640343789095 1640343838108 49013
e595de200b5256aa0e9a55757c24cf9170d42f9fc105aed4ad4ed41344edb6fd 1640343991782 1640344036259 44477
56dbb6f057660a89e691ee1052943d9683b4fab225ec1227da13b422f4cfe9d4 1640344186563 1640344226409 39846
e41e0af1d3859e93bbf909b19ccdb48b5f22cd149f94c1ca301e027c016ecec8 1640344386339 1640344433139 46800
e5b07a6298602cba7b3b20606d897e24faa6b32931043b1cf1c22f17d387ebb2 1640344612896 1640344662912 50016
d241dd42e2540f4ec69c514cff65c530dd95e0ff4356e7c3e2472055b46787b1 1640344783131 1640344837849 54718
d5bd6005420804b3c53bfd28ccf127ac52ab7fd8bb65c494a3116231cfb4d07e 1640344979700 1640345027296 47596
f022a51eb0735d0d337b5e3c252590428208fecb43c7b8843b1164d236528f1c 1640345175504 1640345213274 37770
82047983c7b9f23012868b72720e6e847701e3742effee5ec50ae48eb9bf0c04 1640345378428 1640345394697 16269
4d5e59299d835f2c31da45d965b1810527ac6ba0b6cd53dad11e3d5333dae481 1640345573052 1640345613581 40529
5a9031a5b76d4bc3e9b282546bd7e39fd903b12716af61ad918b3f420479bd9f 1640345772853 1640345820496 47643
3de2fea4bb95d4534f1f7e54aee268f6b79c92d5457fd8980e715706e7f1b670 1640345974032 1640346022027 47995
cd2d9fc32ab83d2d68d67f646d7984d4228938a8995e658b88d2cece4ec9e2a7 1640346181199 1640346212908 31709
7224a1e831cb1d2e84d2c26c4ede5a3ea80becc6cfc9a1f1884c2d16683b8790 1640346372361 1640346424767 52406
464bab210faca52faaf7928fcb23c284c86ba870cc81fcfbad44c51f16a41f3a 1640346576067 1640346617329 41262
edcfcf0210c08773e7e7a673e4e789227af59a3289b810b50aa98e041248739b 1640346772175 1640346809853 37678
b2cc95fa03a5562ac55a4430a9dbbce1a8d771207734d62037eac28e14eb095a 1640346974433 1640347030335 55902
