daf1bccf0c633be958da77d0d9f6db3ac9111d1abaf2793dedc0008199e120c2 1640343227259 1640343362230 134971
13c84fa0f388a219473adf6118c1c050812dcd0efe47f727461913187e54c073 1640343403331 1640343486672 83341
e45182164a2d8f8834fd84808fa264030088ce07e8a8b7dd3efea436c6436881 1640343591291 1640343652690 61399
38c41a838213603fb467ea2ec5fb2b5ec98873673cb23a93b4f103fd025a8775 1640343789101 1640343833841 44740
d3d84897da48570b939f76aff4996afc87d84d9cde3ab9dc80f1e1ded30adf10 1640343991790 1640344034877 43087
ad11435d9ebfd127f1ec8ffc7b220e08829f7931e4af2973274c7172080e0b34 1640344186565 1640344239319 52754
1383395337ef57b768f3f5770b840cf215c4fc7d1927c423deb139432db699a3 1640344386340 1640344442282 55942
a7567787b236ed14adf4c1d0a23add99b52752702ed296ae8026209f34e62443 1640344612896 1640344674693 61797
e39f655d56ded828a26e05bbf069e784cbeaee006f3657ae69c1175f9d538c01 1640344783131 1640344828330 45199
c6be0424b890f3f9aa6c3db56ccb219a7b96297b2a3bca355e1b6ba3670ad344 1640344979704 1640345021273 41569
3a4ef8342f0d1c7df9925a3e82a769fdcf35a1ff6c352e56fe9ec43ef0e79da1 1640345175509 1640345221558 46049
8d9e1a59b6d38842d4fc84eae10e14453e2771d042d7b20c088af3853a8998c3 1640345378435 1640345411480 33045
801fa44573ee35069d9d18c8cbb3cde3ecbae58c5bac28ce8492c4730cfdb4be 1640345573054 1640345628933 55879
01636bc7eeb937b93022ab77b77c4b4592d636057129e4fd684a154bd7671af9 1640345772863 1640345820966 48103
a6fbc86fae1be78b878731a538331b6fbc08ea3a714922827dc43f8ad5370ad7 1640345974039 1640346021078 47039
4aac1c2935cb0ad7dae24f452df0f5ee4a69d014322ce6fc07cee96ae4636606 1640346181206 1640346219540 38334
43e11632547d26ab2ca3cd9497b775b2165403add939c03e75e000c17bf052c9 1640346372370 1640346421836 49466
f5b1fe2779eefd1d9c4ad728ebd75ad310e1793ce9900dbfd834b534f5a9cb60 1640346576076 1640346631226 55150
d6756c1e12715317932d74160c0834c8437855cc672ea986cfba8dd0c12152ed 1640346772183 1640346823789 51606
e34d004f40beb90aa7273ab8d07955821db1b025be130418a76998e4f3c9a18c 1640346974435 1640347024485 50050
