e3533d412fd65f6f5630567077623d52d091e65af9f9ebacfb9a0fdeac767b89 1640343227264 1640343377891 150627
e7c3c1e23597590cd269bfef2397ac915a7a85e1892911f177f7cb491c7a3efa 1640343403339 1640343442940 39601
2a43ddf110b061aeb9e10a7c9c434487a6094172219334ce289ff664b13e72fc 1640343591301 1640343682361 91060
83e0d89c0045d11e44828ae0f647ea99186190fad1063f786a0b877f11e4745e 1640343789109 1640343848888 59779
04581ca7b730bc6101e3bff58615eeec37c04a12acd225c13a0d11362b9974b3 1640343991805 1640344056308 64503
ce6b1c262d5575c7acda8db5462cdd88e7ab5e09783255786d1a136a65f052f2 1640344186578 1640344258172 71594
9ab57463edf38818f619bb13e3b71e0275e4ab408a72e4008b53a1559f6dcb79 1640344386353 1640344455043 68690
be7a6c5eacdf0cec1ea3a432fc029b82e5933716429ae1d2029cb8476e7b1caf 1640344612914 1640344686118 73204
0e07ba5017d95f749548a58f5e7c4bc234815fcb9fd90620855fec28244e74c4 1640344783148 1640344864915 81767
e64dfc402cc60e29426220a7231105995ee295aefc1e906b840f2e197cbd2465 1640344979717 1640345071956 92239
70b52a2a6245c7d688ac70e11c23e328a6a323ca273e4450d91b1350978a3c6c 1640345175525 1640345270901 95376
163a0d6ea68bd1f8570934d35dddf1fa5708ef57bb98f590d242c19c8eaf0bcf 1640345378478 1640345437024 58546
ec450caf7d60deccb5d769f4884099e8fb7b49eda048912deee27e8c06c3248f 1640345573062 1640345639578 66516
b18f47ac83f02ab94d4559378819e369aef60015b7724babc57d066c8fcd1154 1640345772869 1640345835903 63034
867f63b3cc6163ceb08727b5283e9200427187b35b9f7d102facfac00628d6c1 1640345974051 1640346044063 70012
1ab4558fed24fa7de76fe96f842548b58ebcd2dab775eb18c3a8fe5aa00bcbb3 1640346181220 1640346250359 69139
e03e4336dc86d64f10c1f8a3a9f2a2e8a79fe2c69b5c4a57ac8592216a80053f 1640346372382 1640346439026 66644
2cc0d86949e2c942d16457ea85087586a1c8a5ae22f5da7481be3d6ce9428946 1640346576082 1640346653964 77882
4a90a22044460781dde98753998b79a48267f671bad23226806fc089c832513a 1640346772193 1640346892141 119948
ef64c8414a7a4e18e4aae6e6a9a89c0c9d72b9bc2baeac2de99d24d5f6d90f60 1640346974449 1640347047300 72851
