ff18586d82501244734cdac04fb9c2f680ecd06f924b09e9f6c314f17da92edc 1640627674880 1640627730736 55856
96ddbac41a345b187f1bd4074a0786492fad619e214ed653fccb2367a3f46679 1640627781959 1640627835813 53854
571a962b64e12b0abb02448b1755655b941aa67a40ca6eafbfd40611110995e8 1640627887616 1640627945786 58170
542cec5b8b5a2ecf9b3219cd9faca5f3d29e798d16b96544f36dc54ef530b4ed 1640627997644 1640628055997 58353
67432b9c9f7db365a0cce7de1bae3922f12e317fbf81664f74f70624b723dd87 1640628109228 1640628166744 57516
3c0dc7f7671b399ce05ddb4c9c2a52ceb5c8841d8333a11134ccf9e8993b7d94 1640628218029 1640628274129 56100
f1114f60c7c3e03a62c853fe174b542e5efdcd59f2a939abefb526a657f676ff 1640628325651 1640628383281 57630
7c85b4c13e8a161ef58c3e5a8f3491805c04dffcba4970be4c5c27c0fa85f85c 1640628435251 1640628489502 54251
05c23903fc945be0ed69adb6dc05321b7ca85bc69ffe1145337933e993b7d380 1640628540810 1640628598970 58160
8db2eaf9f92b18c2eb5fea20bb865db679c86536d99b7544456a96db228166ee 1640628650476 1640628706672 56196
ee0c8acffcfc7bfb2f37a6d6f395b585416bd634628090db6c7e097d21544adf 1640628757776 1640628816336 58560
3fbb3824bde08d39c2a8bf5047ace2f64bdcf4dc5cfa8a57da42ecc9c4eec45b 1640628867882 1640628925564 57682
2106b0377027bac709980075fab78b6dd7ebf3634918fc1cc39a39119d06b457 1640628978182 1640629032899 54717
08b78bd135aa57c2506f1848b56cd7d68ecbf462a55103575fdf8e1874c6b39e 1640629084233 1640629139325 55092
cc86ef980b92f0b5a5c9a3cb8dbdcbb18dbb3cc23257d73ccd87f627bcb45fa4 1640629190975 1640629241602 50627
cb18b077e1c346563501dd067c848c773a5f0af52e94a124b316f742704568a7 1640629293689 1640629348941 55252
15f4302b88d9bd148c1ad4699c0e9e92bed383099b888275769225bf16e2d254 1640629400882 1640629455407 54525
069f3211b816c66065b936633e63b0d77a878778ba90f5ad084c1d0ec8531bb9 1640629507011 1640629562562 55551
005b989cfb533bf374653414565b17293af82409b2cc05fe704c6fa7f7a93c25 1640629615326 1640629674081 58755
8034c4e1314b8f4b979422df99bf89d707b7d2a238dbcedb0c817f007a081f95 1640629726834 1640629786522 59688
