629acd12b551e5341d6912c2469bfb0e54c05cf6e692a7ba881b56530ef8880f 1640627674879 1640627730728 55849
1ec4fa0181cbe08a2fb95ab6191738c7266482dddcb5ff1faf54235563160c29 1640627781962 1640627836007 54045
9f8ff32e49e17b53e119ee26e0fc42bbe43466b8368458a6e7488169b4bc8c45 1640627887618 1640627945932 58314
28731537c19ef07895e318c7db1870b7ac82f1a042f7eecdca54828b675b7299 1640627997648 1640628057991 60343
70f7b91c014990b1a97b1905cbe91a5e37f7013da7e6a93859433c499c331b17 1640628109235 1640628166764 57529
6322817309e3dcdf192ddad9ccdd3acdc7135a2baff510f044346a10d1aa09e9 1640628218031 1640628274230 56199
cbf5f0b4bb2a86ecdd8cf7f26f34c9238db398237a6736c45a2f604c85c4a7a9 1640628325657 1640628383296 57639
047bacc40dbd5a0ccfc91c70795dc1aa5b76a72ff63c32fc77cb9e943741defb 1640628435260 1640628489981 54721
cbf00752163721f4d9f9acf6f7050a0cd09a0cdabeaf4463ff4babfc3b5c379c 1640628540813 1640628599135 58322
7284e59999c084293b01e30db34e1390085354f3e015fa69898540b65c8d7292 1640628650478 1640628706251 55773
5bc0d90ffc1dfd0bfcbb7840b3ba3b43a37f60faec96cab6ec32de0a8d4059a6 1640628757779 1640628816698 58919
d85a3fa1b65adc3caccfebff09337ad166e09657d7d8c6777563b9d014ee919d 1640628867883 1640628926306 58423
c79239fb47f0f9fac3d2853fdf5e342a2439b39a6dee9fb4a3352224b52c58ab 1640628978184 1640629024220 46036
188dccfbfeaedd9ed6e69e56f96f7b7335b97bd88efd3d8c0911fde4540f9ef1 1640629084237 1640629139036 54799
20dea1d68eba740eee0a2c70683ff9051f7470bc7f2d03b4aecde7b25a1976f6 1640629190978 1640629241700 50722
8a6cdeb3cc9364f3c17157963a34502908ba2bb93259f02d2e206dddde9d52cc 1640629293691 1640629348715 55024
01c54e6e95ad4bc14062d6ad2faf876bfd6dbdfba8d1449f89f683b697362f2d 1640629400884 1640629454569 53685
be3b2f9a01827da866837c823c9444a4bfeff58b1f356e00d91fb5c05c5d162f 1640629507015 1640629562969 55954
0ed611f4104091ffb3738cd31bef6a80217602a81c9387e24ee6551b28ac7e86 1640629615330 1640629660682 45352
c22a05abe0d9fb6c17cdaf5dee1f32a32a9f9c51b1751b2cce266ebcda442077 1640629726838 1640629786847 60009
