f3102284abd2e55773b46dc5e8be9771f2bc2f1c042e39876d96f9bae88202c8 1640627674870 1640627730082 55212
754e82643200d0bc5c034f4281b2a2c3e9f3eaec616e0a32717f1646e81ce5c7 1640627781951 1640627820179 38228
156405ab882ee80c3a13391cdefd620f3f2b21043712bbd0089243340d86c556 1640627887608 1640627929751 42143
ee9d4d339de677156f55c576e1d0bb0815ac1efa1fbac06c534c01d7eceb3a9b 1640627997634 1640628056140 58506
8366189cfc5b22c59bcbcc7c40224fe20d9da5df560698a44640d698da8e2b0e 1640628109221 1640628163592 54371
efd69afbcb45d7302e5903e521d6e3dc6ac8c01ba73d6e5f3f93a24e996353f1 1640628218022 1640628273762 55740
ca89dcbee6387be8030323a72ccc2b02f43051602111b341a132b06ec8ffe35a 1640628325635 1640628382844 57209
8e05536e01aadea60749fa292f25ac9910b889516c78814a0c874fddb006a4ad 1640628435235 1640628474019 38784
79f6ca712595206d22addb37ae85e6368e5f9f91b13a2c72e49c4ff552987ca6 1640628540795 1640628593439 52644
02361109215e26df2b02aeacb943124c6f2bcf73df3c8b8c9d7d9033402788b1 1640628650461 1640628694953 44492
f6967832165d91fbabccee4ee2ddc849e0262d377c2a1613ce0abef498d09bc4 1640628757761 1640628816305 58544
0d4fe6b408b01dc7116cc61e6050cd9e9ee76eb8994c07884ce20ab77b54a2ef 1640628867871 1640628926306 58435
8572c90f14b187f197fc5839b6cd70fcdc1d9aa75fb73408e052a4dee564c245 1640628978167 1640629028599 50432
ee8bcbd3f348821a1c264903f0a04f96bbe2f8dcb4900304cdeed6967ed0df6c 1640629084213 1640629123805 39592
9611fb894990952e4f50b180637a73a5f089f684885f97a853236f73d9b7a053 1640629190961 1640629241402 50441
5ad754f297e198f1843e5ae0f33d99a89d7ae98d74e5a654691baf317f21c5a5 1640629293675 1640629349090 55415
9731e2c0d0d6eee7591449acf675dcb26449fbaf95933e6e7cf4c2ade5ad6a9d 1640629400867 1640629455564 54697
6d8a5d9f5d7bff2405b8f4e818645cb54ecc8e4a0dc016d4da59429720ddaac0 1640629506996 1640629553370 46374
965ba9332b45694e615f1e672093e5c98c1f69a18526a21c852a2f58a287a449 1640629615313 1640629674571 59258
0ef81bc0126d855cfcb6a3ad830ab7868d1d1ab0b91b2fb17ab56b60eea03f6a 1640629726820 1640629786641 59821
