94933c5507634aa3cb93db74862ab2cf811aa90c740300265eae1b3108a3b580 1640367411701 1640367458860 47159
72ac61ebfcc92c97e75a4511a1470bcac6247f3320cc0967884a8ada0a8ec360 1640367844636 1640367879739 35103
de065bb814dc79651396435786701babd24c816f2aeeab57fc10c9227dbb7718 1640368291110 1640368337268 46158
7cd0dc119bae1019006252d960c871980a8ddf6c3da7a3fd9d5c55903d5ad168 1640368760119 1640368798362 38243
f11e9632a38c7244f10b08b89562c8a7af226238de085739b86c92312bd3b722 1640369228594 1640369262496 33902
c98ec1abb366429658bca96c648d7aaf9501c4dee6204ed734277e5a1b9a69c9 1640369693583 1640369747917 54334
3bf5e05057eaa01efe1aa8f5cab851b0bee2362e3620fdd083b857b7e70a6159 1640370158169 1640370203165 44996
c1c827e5eebd1573de307f276b142d20cf709c072fcc1ceba23acd70db7a622a 1640370619496 1640370654548 35052
f822a9ab76da66627c822b5c71d15ceed99ea9929467c235dca0beb1835b5487 1640371081236 1640371119490 38254
35b4d0a4f5c3c4b8972369d31b74e4652054218d796d6b04300826b435e335ce 1640371543796 1640371581143 37347
bbd37e81ee4549377cfdfbed790a15bf27c962cfdddcfc4de88b9584e0a8ddf6 1640372007475 1640372044795 37320
4fcb72c6e7b426307baf6ce61e0be64e6583411610a9f820ec81c9af29db7eeb 1640372476173 1640372506845 30672
08a056701e7135d60e41d6a79364731778748cdcf6d4470f878c5887d2ddc842 1640372942072 1640372972753 30681
eed122fd3474d7e1739ae78ff40f86a44b21c8e371682680e278ec80d7e966a1 1640373409279 1640373444293 35014
c4d6521e3438270cb9c30443b58d69ef0abaaefa42e6cd9c492ca9739c725614 1640373897198 1640373937839 40641
930fb29d365951822c8e278549bcaef8ee7e2aa5295412c878f2c93d49b057c7 1640374331847 1640374369399 37552
8b1a85cd0de1d887d0f5d117eb98a1849d24b3565d4210faba7d24887a767582 1640374795689 1640374829400 33711
ccc9e88cd9c08636bcfae1c8aa9219fe35154d8b80b11a25f4fa11c8e98e9474 1640375259484 1640375293534 34050
f9cc1b9b4d21430b0220252461d3909b4fa688899efed6c4295cc162a4ffe4e8 1640375754768 1640375796597 41829
ed718060473e8c99e59b43964a6279c57c5c74860d33e2c391d3f3a3df44fb28 1640376182994 1640376225943 42949
