64274aadb94c9139b4f71c495110edfe56dc07989aaf14eba784775e2d81224e 1640367411719 1640367528539 116820
d10f6b623eb3572a12afb4fde156aa618dc02b86288b8138b957227eebb46b86 1640367844662 1640367983424 138762
1e7f2fe7a6cacfef615c941b665071a02d76859f07635f8b2192beb9f78467d9 1640368291132 1640368520363 229231
3274d0827ddfefdf4131fe888da78ef6027fa09c15ca89aa01be5097d8f3f82d 1640368760145 1640368909793 149648
378831714e935fe594f95b28c1a9cc667b3669ff68a2c3ff0e008aba4aa6f56c 1640369228617 1640369363861 135244
add5032da3f88baaaa324de4451d0d8b51fe73287b0065238017601c1f29bec6 1640369693607 1640369810983 117376
39af948e789469dfe0ba2c7e3c025b8e5ff1b748117474c84f61d48fe168292a 1640370158189 1640370279023 120834
38d3aa50e7fbeb1083fdc9a4f809b05f96870968720f9abf5450a826b7687e0e 1640370619525 1640370752952 133427
7c7b8bf697d958600fe73c759e1a31d164955dc73aace88371c61bf41036c4d2 1640371081263 1640371224497 143234
7bdc648b06a3acb01a4df1b4e6410521a22c050abb21a27254c1081cbbf084ad 1640371543828 1640371716342 172514
4c64cd4343c8caca777c33669ba968cba02053302a5654546aae9bc6486921ac 1640372007500 1640372139780 132280
552258fb9210082a75df9bc26e77a2dc6ad73093a3884dddb9a07e82e7f7fd86 1640372476198 1640372598328 122130
20bb79173cc9ba360b5e101a5d03c3597de5fe88364fce33d3e22bd73280fd56 1640372942101 1640373081603 139502
c04bf79d5c3390b89c47fca08836a88f7b780339faab5c51b64b2870eef987d7 1640373409308 1640373566237 156929
353d4cb396fc8007f8d03eae0beb0c0df57b3f3ea447c6e84d71a9bd9ced2be2 1640373897229 1640374034366 137137
3abb365e8a6d76a9dadb48dee1c1c6dc6c3d54f4f6330999decdcfd5f839e2c1 1640374331873 1640374451865 119992
880212ecd46f28de83a7f4afbe25689a185bec2f0b58b4adb9dd80cbd3925987 1640374795717 1640374925471 129754
bd976d5928d6b3ab076f2e757aa9a7c1cf5bd966d76c911145719597ea890039 1640375259517 1640375387806 128289
2c28ba8176a19ce0e00469daf58a3ec857886ab68e0eb80268978d6f938fe1c2 1640375754800 1640375891779 136979
733df92b64b4fd7e2a97a67aa50a5afaf0664723db6bdc6f94b2c7395090b82a 1640376183024 1640376321870 138846
