e9a08539e1186643eff9a570be7ca55eec54c4052673d72d27afa091aad731c1 1640367411757 1640367724024 312267
a9393d823f183585a7cafdcbe3ce36b89667823da608cf467c006aab5ab14cfe 1640367844699 1640368127262 282563
a0b3eebd203203c1f4586cebabe2719bf4d3589b961646735c8206defb307142 1640368291166 1640368564425 273259
447fc8b0c1c0ebc9ab2ee376f8bbbb20375e94f94ba4538f862e156d88472b47 1640368760186 1640369116238 356052
13a81666a79f6527f00ab6328be27b4f9fdecfab65b33ee06885c9d0755e3ddc 1640369228661 1640369596604 367943
22d494c9b16547454ed43bf9d0e1016cc6cfae6f3906bb8e91e0abc1e4239813 1640369693667 1640370078329 384662
a29dd5ba291779e4446a07e1b88ca57f61f3fdd433230ad04ca7966c36c1d3d1 1640370158231 1640370425493 267262
feb72b75d9e9d9f729b7bf1c45e08fe1af1e81cd76021b8fb696817a50da6a2d 1640370619559 1640370996064 376505
e768fde2348ebe393ed8fc83dfa097ed6a884016e777dbf1c9c28933fadfadf1 1640371081312 1640371395268 313956
cec13fe81536f141ac5ce2f8f135f062c29b875609f4d797c90b9104ac2b498a 1640371543868 1640371856182 312314
089e161bb5de76652f9bb61c848ede043c27a6b0490de35450b3d64c7e436f0b 1640372007542 1640372274846 267304
9ebf502e6cf80b5c599bb9cec6a4944033ec5173f1a5373229299921773f35b3 1640372476244 1640372741886 265642
3be896d9c2b143c41b6a85f19916bffa75af507ed255b337b15f619d17737348 1640372942160 1640373280456 338296
264b960316f974b2ece755011f4e74690bea642e6e13e7ec2948ff610208f05f 1640373409341 1640373696218 286877
1b5d5dab6b5c371f7862d53105ccf90032ab14b2890e4653b8fdb5d334b8152d 1640373897284 1640374247712 350428
f242d8dc3a2c378dfcedec93a1318ba77f421ff1a397893cadbb69e0dc1f6eb5 1640374331909 1640374605767 273858
ffca14f433df3751ee80b99c526bf344ada9d1d83befd60f2c293b93ecc8088a 1640374795756 1640375074532 278776
c2076ed71a8cb7fae50506ec71a10845ba660935d7e1a7d9b4e916c77088ab73 1640375259568 1640375578778 319210
416714ec1bfd3397bfbc944c535d89de2b5da70365e6d19509f9a25ebb73df04 1640375754852 1640376070038 315186
e750a2bee5ba37ab7d234d97d331c2e40584f4c4b468e74d2d4948d0d7b253d5 1640376183074 1640376489191 306117
