e9a861374275eb4eb2af258b745001dc68dc1105e94bf034b906ab74d882bcd6 1640367411703 1640367449930 38227
67f938aebaaadb4351bfe62876887913f103002c1f2e33c9d7cd32c4dbca36a3 1640367844638 1640367903380 58742
738a6777229fa14be921b6ceacbb5507281a9cbaf7b6af5d82f7b9c7f4bda1b5 1640368291112 1640368342974 51862
0c981f97efd22846545ed8f7c6fbfbe394f9465526eecda4a15687eeb6cab392 1640368760121 1640368803952 43831
7dfcf6e8b78911d092524bbc37c6e0a898ae368b1b0273c8b2dcb06317a9f7ad 1640369228596 1640369293208 64612
e915acb2cdec17220ec6a83d282e1222300d5a38fb54f120e027ba7bd1bca1d4 1640369693585 1640369729792 36207
ff15c07dfd5bc8ed88d4d544bb498fe7bc3e1d8d661f53c7ff58af5c42abb51d 1640370158170 1640370195286 37116
8172eedd7101b62e90248256599f4af77d9125a359bc246865c49c9fcad6ef76 1640370619498 1640370664702 45204
d0a1ac096ecb28b9e5dc579373cf9f154483dfd7eb2f8a2cd99eddd36546c54e 1640371081238 1640371111740 30502
31704f958d8f8dded3e82ab33e9ce4e2b629b6a91bac940b1484adb3b3eff57a 1640371543798 1640371590153 46355
4aa0fa2f018efd1069b0bd6c34cdc9ea09dbf2ff8f79a709de1266a51498cd72 1640372007477 1640372053834 46357
9b0e97b426232929860233a880dda4ba27619825e3e4e8d4659df8758990cfac 1640372476175 1640372537201 61026
154d7602b07da116f41577d3bddb03c3f71f2d7afa409bc4b8050be7f9b43c65 1640372942074 1640372986974 44900
5e2a8d237aaa57f6c07d96fbe0f4547bba2267c4c02435d34cc4c983118185a9 1640373409282 1640373461075 51793
f2fbc3b235b589e8258d34f2f15bbfeda840235158470bad79765d4dc30681a0 1640373897200 1640373944539 47339
6b1fa29c437cc3cd91b06e53673eb2503975bf2d0be763207bdae14e1555f19e 1640374331849 1640374372750 40901
62f6cfa5025b5b65b6d9d5e48cd8d2891bbfa50db05397c9f2d6fbbd8b4f11e0 1640374795693 1640374848844 53151
25ca7877b749916229870506f90641c32a22db3a06bfd270bc146f64f3f2a5a9 1640375259487 1640375304681 45194
255b2c3a22b36b0586a68e348c041e5377858f1b5bd45f03d38498611cf6e655 1640375754770 1640375799980 45210
3cc40a48bf7039ae54f9dee7d8872355ece002c5eb44594cca5b2f3f6dd3f563 1640376182997 1640376232737 49740
