36c7a144af7aaf1e76d197211537169ac3603509dde0c0a15d1975d5aeaf622f 1640367411745 1640367681287 269542
7442aa80e1cd40cc4ae7035fdb5d599e992716569ab4efd6e528489a5648b64e 1640367844675 1640368013234 168559
56cf6a30ec8c11eb0e49bbb259cd6eb90c662534023b6042e4f9a5461b12527d 1640368291148 1640368471285 180137
83b381c15543a0b8a4cdd5876f915e79cb9e250d2fcc88d871df9149e919c906 1640368760163 1640368958713 198550
bcf2bb7c2fad23c7925e63edbb0b9258c30d4b9decc68dafff6f1483a504597a 1640369228631 1640369376395 147764
a12531127f476e56bb5a838b0602da92b32ffc2e6e9a8ec6f7701882343d5284 1640369693629 1640369903487 209858
764763425ba2d5f275848fc2ae199cd43d51bbfd517ca4b2e0b598ecb739224a 1640370158221 1640370387286 229065
739ec36093bcf12bca3233da5eaace6f2861153a0fc750a4f9366cac74cee1bd 1640370619536 1640370812806 193270
28006fc9550444fe5f7f95d2c495151bcecd9bf8be2cac8513c9d4aebb3c0ad1 1640371081279 1640371355446 274167
cfcb9135a545cf99658a8fe26290d2a08982d2c06a96654281a7b4f9fd38bba4 1640371543843 1640371747018 203175
357fcb37e2f8d6363b9d3b89299f74e5d4558b60e25b30ffc81ca7f69e3fe3c4 1640372007518 1640372314576 307058
6549606d435c63453ef562012f0672beafe79ce7bf5c572dffab0a031cc82133 1640372476220 1640372670804 194584
ac4d48ca44dde1034ff953911f1d5ff64fc7fb96eeca68a960bd1fee8b041ffb 1640372942119 1640373108608 166489
0e34ec1bdbbe6fdfe77d40a2739604ebcf68967de7d75a5c415243c1f331b949 1640373409324 1640373636003 226679
092a7aa2c03f319b93a30f8e6f9809c215507643fa3d01cd52935a559b30819d 1640373897249 1640374124370 227121
c2ca4aa30ce1ebd6f0c54e4297d07d9f95f17b769c06673c60d88fbd1f915250 1640374331895 1640374544849 212954
965ec87d63906b59eeac41e015fc25e0be002166e6dca0c1e6c585370e138e9e 1640374795744 1640375075974 280230
bd363721d604847e1ac5bc51c61914a604556527f0cab1fa1bcd98548ce731fa 1640375259533 1640375468933 209400
834fcbb30027aa41fcdfa6478b5846bdd9633808ce4c4a701eba20e599f3e98e 1640375754820 1640375981696 226876
fc33f275ac44af75a75346230b0ae626531947224c04f732f349cb86089fab0c 1640376183045 1640376387427 204382
