6e080626b4bd83d9abf26280eb86941ed3c0db5d2539a92ac515f4d63b6e1efb 1640367411704 1640367463387 51683
9d712cb34b427135add26a86cca38a6f8c352487973e77810b833414e2ef9564 1640367844639 1640367883016 38377
565a1bd91f7387dc8879ff1fddb358e55fed033d126dfc6b31480a3aca390cc2 1640368291114 1640368338395 47281
fa79c8c7bfb59ddc671e7d0113c9df67e17c81b6f7c917deaa6e6c1c13eb4362 1640368760122 1640368795065 34943
45fb5589ae41903100af7cfd3bb96bfcc07893c4e1697fd231f7547ece6ac003 1640369228597 1640369279345 50748
85cd1630996e83492b1639ca599c5436b68fcb9880502a90113fbd3d1cb7780d 1640369693588 1640369758193 64605
7eac81ffac2199e55847d3810f764096377eaa4b2c8fda2ee21b2d771c68b528 1640370158171 1640370222577 64406
67202f7558916c54ba9aa0866814e404376db5bf29d16244754761eaf91f38a2 1640370619500 1640370689945 70445
22b39f07fa61ba32d4b808435cca7ff8f5671254788e9fc24bfeeca2c11fec28 1640371081240 1640371135229 53989
066f0a29250b0ba944cf6ed43db521fe6b958e0c2da0842001f2caa6c6f7c3b2 1640371543800 1640371589014 45214
84c9cb97e042cb95df3faadc407228960b92655187c41b6cccffe9f2d4d120ce 1640372007479 1640372056096 48617
5eca3406543a3df8e061e18d2d91360abedb83dc32432d47d9af7f410a6b06b4 1640372476177 1640372531516 55339
19fa673c3afca6d96802ac9460d057132ba0537af7f0e45de6706835fd02d673 1640372942077 1640373011182 69105
d1eff94b4844d816f34850981eab441d3338a840f0c8ba55d216271c7596514f 1640373409284 1640373456588 47304
23bb44d8036a3871176b1b277000d7d7fcafe81ab06f725bc129fe6212b05f5b 1640373897202 1640373946826 49624
745d73194fa6aad228182c25f91780078accbd406eab0762c2c6ddd466cf9eca 1640374331851 1640374382924 51073
bd80e4b915727e6b92430a8a0ff836bdf1371c60d2434e3a7e455e346bbd3289 1640374795693 1640374847690 51997
960b7b0858a870e02c2dbd45b69934065c39cccbe43c6b131a05edca040cfef7 1640375259489 1640375321765 62276
9b7bd5d5510d84435786233a5a32f09066d7dd54bcf1017c126880b2f89435e6 1640375754772 1640375806771 51999
4c4feba1302ed1d1d681f700192cac6dd14558fd99c69eb08642985065376402 1640376182999 1640376233869 50870
