77efa25739b9d48a90436d15807a7b4963a0623adaf1daf9a9d3337caebba8eb 1640367411763 1640367762064 350301
d59787de5c299b3a96205b06e71b9fd5db268bc79152752d7fbed526a132101f 1640367844700 1640368147942 303242
73eb7701bd7a12745c4fd89434be8919c6e76753dc6ace9748ed305a44d67feb 1640368291169 1640368637130 345961
496fd583d099ee7f748d9a6d19e82f3ed8e2f163123fbfaa2160413929efb0b0 1640368760181 1640369144836 384655
89b31cb24b8e25d69b97ab79100b0ae0be29a0fc8d60da7bef45231f0e70f22c 1640369228649 1640369571303 342654
df9dc6c2bab1b8e1fbc02cde77a3750bfbb540b69c609c4c0757111b39bbd273 1640369693650 1640370009819 316169
c37c5dcef0d50dc9a5ba3238fc2aecea2933a5416a983797fe34249713b381df 1640370158233 1640370451818 293585
1f37903c77f262775612a24f6ae458e221aa37f414c8f4385873964e318faa5b 1640370619559 1640370888441 268882
4cba61aff924448b8114cd011ae53620701fab080e0dd9feff7dc0a7128bbbcc 1640371081310 1640371401645 320335
f935dc2b8ea4abe7b0afcd3cddc031b8f2a4dee0c9c4b98fdd6100d1800caa24 1640371543882 1640371891670 347788
229aa7e02345f82ad81d77a228d3e5ac61b8d5ebfc0437721872214f188ef440 1640372007539 1640372236504 228965
46d134ecfe9b88ee7552ae0a89ffa9a85a776d13ebe259d71210a12073866c68 1640372476246 1640372766703 290457
147109b0ac6de005ffb216435054a83d650eb1aca1b759ab69708c81467d254c 1640372942171 1640373247164 304993
448b0cca770d5f3fd11ac882d74dd7952ac3160eae3e163210608467c7aaaccb 1640373409355 1640373848322 438967
dad6c2de0bb60ca1f7008f952e6d317e66da6045bf10015223ccfb88f6d7303a 1640373897275 1640374179867 282592
0eea02e11e37e76e41e087dac40453d5e45dc0cef167aca3a68c0e5e00be8833 1640374331913 1640374653384 321471
9b7f1d5609684f053a7872e84c87533574eba1cb17294cdf9d08aa28b8572c33 1640374795766 1640375108529 312763
af35d0590d0f9fc551ac1987ac6576dc8b86ada5dc9bfaeb23511a0f9d8e4f28 1640375259573 1640375583311 323738
bee6c970b6d31274c52343a61135fc5c34147c4e430d79bd5d991c60776b658c 1640375754854 1640376036297 281443
1e56ab905af5774a3bd1e6f2b27f43935fd636a68613b9ed2058cf79f155d59a 1640376183081 1640376498255 315174
