d56226fb2f953307f7d9349048bda51feb6a9b389b8a600d4023013b251f02be 1640367411702 1640367451038 39336
fd1e9d61cb391f69b1f329b3d8f4573974c062afd037115db87a9f3c85343dc4 1640367844637 1640367867472 22835
a2b6d4ed152524bde52cf9ccdd29d74909f7b47d92afd5bf402539d3b13cb44f 1640368291112 1640368324922 33810
7c17ad84fe81a1c71de947cecdaf1191b1a631e6c35e9aa0aca9b5130c1327b8 1640368760120 1640368797265 37145
749091382e503a174b23dea029ac79e3c5ca0a005a14e654219cdfec3259e18b 1640369228595 1640369269135 40540
62134e790586bc7ed2b0cca644e46749ed51cffdc1bb730038b325d983f61b02 1640369693585 1640369738822 45237
c45b8ebe647bb878c418a0b88a334ea1fffb6b37aab8deea53c2110680b94d3c 1640370158169 1640370216777 58608
82c52c56b303ed5ed0cef17d3d398c0f13d45700aba0d5538040a176ca5cfacf 1640370619498 1640370663574 44076
1a07e307d6208ef696a930328d73a9c130ead190ef000c003f76a1f1e01a9928 1640371081237 1640371112846 31609
3e86d5f72180422104c6ae3af295743fb9b5a76e413ab817ae7be4dc78d1a1af 1640371543798 1640371582275 38477
173c5653cfbb0f877b97b0597f5a9475101bb6828a679a558c7678695e05d7e3 1640372007477 1640372043671 36194
47b5ea883e514d96ed12adb9c7315b766b823c77790bd3d70d6039564bf0e2cd 1640372476175 1640372526981 50806
d6e0f26a9fe4a442b348bf894a9fa15d131560075f294789e88e0eeaa8dfd19d 1640372942073 1640372984953 42880
274684ff593839a362277a9aff07573218446fa373649ba28a911312d57e97ec 1640373409281 1640373448744 39463
3c4dd108d51fefb6acb6aaa6fb6ee6d7968301c40a7f35b73eae468aacf3abac 1640373897200 1640373933377 36177
3b061618ba3d6cd0788af656e80a87f90000110a1302c7505579451b3d1efba6 1640374331848 1640374378369 46521
35492398010e2975d9835e50496f1db42731cdf8949249df9cc2c9be92db266c 1640374795691 1640374840894 45203
d17f50fb37c51eef9b4d02fbc4f4c58f8507e64ea0befcd043f53af42b574f3c 1640375259486 1640375305829 46343
04809b4a65bca20abb760ca09bbc26f16340a7b5329768037a9023a423f9ec7b 1640375754769 1640375795452 40683
722b2d35ac1d4f9f10d5323f5398361cdc3be27715326fecdb83d888b80e8773 1640376182995 1640376221494 38499
