bacc957ccb3c69d2e4441a8efc36f3b14a5b88aa963d4a70d5807d9ffef44431 1640367411705 1640367472574 60869
fd1420ce1c663c6c0d4c50b56f48dea8506c1aff901dfe9d9aa31aa702eb3605 1640367844640 1640367922058 77418
4b5602d0eb93acb8118a27d803672c9a264dbbdb3f58325dc7804145227af11f 1640368291115 1640368335010 43895
f548807ed90fd1070a50d94957d13ad42feef69fba932af31975013ed0f50168 1640368760123 1640368845545 85422
efcc20a864691720914f711c503cb0a727f4e50eac659d66085f2cd24f054d9a 1640369228598 1640369288553 59955
3dc769a72c280e2f73e5c29a387d8f60cef8ecfee7e53513ae322287c432feb8 1640369693588 1640369755887 62299
0cd4b9478ce754f40147dfc0c50d37d6172d5bc59d478fd68bf52d01344b5c81 1640370158173 1640370208790 50617
84b7989d8fd318868f9aacf720206a9766ac6619c4d1f3f5480e368349c43741 1640370619502 1640370672629 53127
22b16ca608ba9fcb9c4712f40594ebda6daf86fae48538915a53c78fda9eb59f 1640371081241 1640371136362 55121
f34b88846daa537c536d9cd756c087c01fe62be5d9d0a01be34db5f902c73a8e 1640371543802 1640371594686 50884
73c9b46500b38a38ae17255319c959cb4250e2a8a48219c111e297126d4e845b 1640372007480 1640372059511 52031
1e43376178138b68b37ee3eecbeeb05d837253ce712593555f60279809480d64 1640372476182 1640372545306 69124
459a4ad1f9fc5e27f5e9bd02b7d70fda36fe78aa97246bc6bd5c14e66ba52f4f 1640372942078 1640372993977 51899
da569967a9ce44c3f83dfd6e6934744c2abde67a682349db675cda9b5c6b6ed9 1640373409286 1640373464492 55206
958fd9c2e95c2a5df7e549b9caf935f3d9ec1e28466451faa68286b8dc9d3ab9 1640373897204 1640373960593 63389
a8e1cce1d4d976404e3f36d6ea59471bbb314b4e501e9867e13774a5302c706c 1640374331852 1640374404707 72855
6d8006264ed2f79b158056cc06f8bc6f7780f424b5f54b6b0089a8a76653bdb5 1640374795695 1640374849982 54287
66e463949d2ed5797fbe2863f4300607a2e76bfc73bf9dcbfffb672bfb06e98c 1640375259492 1640375317215 57723
bcb36f849043a58aed745e31832c23a0ca7642fd761dcc5ee33f47543be4a40c 1640375754775 1640375829821 75046
22dddefbfb7126d7da24d04692c00e6115bdc94254c1dc14588a6f34d033fc43 1640376183003 1640376246479 63476
