280facc0747bfdb2317de4907905d400675cc0e084098d23cb00e1717f7ac227 1640367411744 1640367641442 229698
b65bc5dfe80843880497326df687d3151773021d6bc92e2c393bf5d0e3719655 1640367844696 1640368207739 363043
c1110ab5cae8ca6c694b43a265af8c86d664623aab59889d7193cba64c06ded8 1640368291159 1640368523168 232009
a4edb2b5c29787c403ef5a12efda5ea8ad8ea6ae7720609a2f4008e21fae166b 1640368760160 1640368970958 210798
ec0f74efcd1256479fb3ff86211d1b46cd78e967e74ca3bf095276772ad84d03 1640369228644 1640369511110 282466
4f941418f9896f40b0331eec65cf4395c6f53819989569e8e3bbb74d08c8c774 1640369693629 1640369952455 258826
ba0a9af5d9ff20f3c8cc8aa3889994d241afb53fe01e050e9aabb741bc7ad62b 1640370158230 1640370406735 248505
362ba1671a26262c86c8caf83fb6400793ddd4af910c355d574b6313edce66d8 1640370619549 1640370845773 226224
9b9ef4f308739b0a36b7b40c7644ea94d26c1815d8636382292b90b2e5b26f37 1640371081288 1640371356930 275642
c2ce758677577add92b2103d6f011d6e6a018362856f024b30e0dfe2e7513f73 1640371543849 1640371800157 256308
9a17a1b8dc9d642a72e1fa2b3e29b62c1e75301061290c4de4907dbfc81eea6a 1640372007528 1640372263319 255791
d6df9d600973f01dbfca54fe6023b7d5291e009a54f5bb5e81ab8f6876ef4827 1640372476229 1640372704840 228611
23b3272090a1787545f3eddb7b3325eeaa27e2d407927ec723456c8a3d1ca1e6 1640372942147 1640373116486 174339
7943bc34af7306869059550fb0aa73b33aebfc4d7dd3aac1209d029f62a6f10a 1640373409328 1640373623692 214364
8199672180b721bc08f083c5b7c36dec9c08c42b2121cc91ff4f06a4772713e0 1640373897261 1640374152498 255237
95109c85188a1c510466d091f2a464bead0f9239c8968c48b3e5963b910c6d04 1640374331902 1640374560115 228213
6a320e37d2e5c55ac273b3e5fcf7a9cfe309c99176b827014928bb8447a5fd87 1640374795747 1640375043006 247259
b1ef52ca8da0447f93390c741d8e22f1ea24062870219be47329ef3a9ed985a7 1640375259547 1640375515431 255884
cbcd69ddeba2d26244c1a9ff91f917b0d98a85410e31ad3814bfa5c6e10735a3 1640375754826 1640375959984 205158
0eae51634f0147d8087cdd0cb15655a06a4d9798673365cbb051cec64dc74c7f 1640376183058 1640376478757 295699
