490820a39554030229f3872fc6868bf45edfc8bb38a4c74686bc9bfaf8b3f627 1640367411704 1640367479547 67843
1604613cea5d5e0265f0470af3c4823cba4a55dce075604d0340d22464c0a61d 1640367844639 1640367901121 56482
8f4d70cca419d1794120ab64bf6cba4b5a048bd7519612e61b06c0bf32d5c075 1640368291113 1640368328248 37135
38f627a82c4bf618ba5b8bee6fd423b86e236ac9f70a40b39fd5ffac85b3aefc 1640368760122 1640368800577 40455
5dcc0080128dc80962428d9940f0a8fb5203e9752ad8624e9933deb131bd6c6e 1640369228597 1640369272516 43919
a99c517aeb6ab7eb99e7201c4c0d908e343596997e99e5190bb673f5b37b9963 1640369693587 1640369736583 42996
75ac3b7df5d91b485bbb6a8c8d194bdc9d2e5c172bebdd143853a3fae472b3b6 1640370158171 1640370205409 47238
b857e85c0b053c2cd80b563f5e3615ab3162e12b3b147f347e33c7536ce2228a 1640370619500 1640370662454 42954
bf7c7cf651bb699f502f0568b2d5d0264e2febf3659c9de22528ee1e4437e017 1640371081239 1640371137497 56258
d6dd73de1220d73bf5be16c53aeec1fd1a3d494525114c83209fa8a4ef3dd3f4 1640371543799 1640371610869 67070
7c6c08570b829987602ecd24108dbbecc3ce8c60688c2f3f0bfffd8eb001df92 1640372007479 1640372061780 54301
b84c1616053ddcb647184ecce805621b42763dc2a1cc4ebf0845ae7274b11a10 1640372476177 1640372524697 48520
ae6e25b4c2a57523fc381050604519041473c988540236aa2ef6a52c99930c08 1640372942075 1640372987169 45094
4fbb66b5611456476f1b6df84bc6dd84ccd77bdb29a5f45f8a349403dd28b41c 1640373409284 1640373466736 57452
ccb670ee5d76f7ec1a9ac34f20d7dd77c886538fbe80fb3b4776ed7fbaf77cdc 1640373897202 1640373940078 42876
b918ba46fc331640b9b4374f078ac1e542c61fd395196dac7cf8ca632f31ad59 1640374331850 1640374375018 43168
fb1616feca86a129a8e118104bc91eb086dd96a59d346d69049da720b7c1fa10 1640374795693 1640374853401 57708
f561a9a35b5734e06d2f651c7946bba1ecd4e0936015ac5658e547f60ca200a1 1640375259489 1640375311516 52027
81b4b233deac02f81bd42c3aecb43a1c0cc9fb01937a375aff9ca17eca6eb281 1640375754772 1640375812468 57696
8774eb6954abafcc8e2426ec6a7434b1375f85f48445ec11f6356c4c6648b84c 1640376183000 1640376239576 56576
