a518dbc7bee41d5a289dbdfcb6d9efd3f324907dfcce7649af06831e571789cc 1640367411696 1640367415251 3555
276628ceea3775090717293ea64b7f13ba79c0d65b8cf3df16214d578bea3efd 1640367844632 1640367859909 15277
834b3ed47c8e8c590cf0312eed43dca2024800afd5426256a4172e49d7d3200a 1640368291106 1640368293654 2548
31910e12420fba34090294d0cf6157c9360e631e173b9459a517023f915b7620 1640368760113 1640368769024 8911
85af944f3921ee102501d70e70393e0bc3d40c331bc37bed1396943fa32e22b2 1640369228589 1640369235412 6823
4e926d3038e12168d758b3817348a8fc31cf2ca428bec05337eb16a74270d5d5 1640369693577 1640369696178 2601
53885af5329e7585be36f6e01904f7f1f1f6d7ff7cc4c485e6c49041d4a09d54 1640370158162 1640370169184 11022
d6b7af9ff463e0395a822a1ca7ed0f5e451833194498026f58d82dd42fc91cd0 1640370619489 1640370623101 3612
35f9bfc315a14aa8d29e78707984d459c4b2a3cab8411de065d3acb4944b131b 1640371081230 1640371082727 1497
5187c1c4c95043e4e01cfa66c0cc39dc6c9d1bba1dd62a49122a848b3b60f865 1640371543790 1640371547442 3652
758f2ea40e2d45d179db20ffb8e95fb19545e57548ec8677abf892dbe058f3fe 1640372007469 1640372018539 11070
4f7f57461f31febba36d1865bd34153a3c766065ee58ba8b9becd0f0c0185cfe 1640372476166 1640372484029 7863
7b57bb23ca9118f132e5ade958ce6d81a87903bd8cb9b19e00f1fe0d69fc3d57 1640372942065 1640372944679 2614
d6e2096fcc03a93fa7dae7037c88a5d1f66ec742b43eca14ab053574aeb10d90 1640373409272 1640373420331 11059
5600cb1dfaafb5c97868e108baf6fcad9e6685b112d21dcee7b8d85a9d5a171f 1640373897190 1640373905039 7849
a2e881778d42c3351ae795086db911dcaa8c914608ecdf3824997d754f189ea0 1640374331840 1640374337618 5778
ddc8a9e3e95bc69840bd4ad640ee7523f794098b3696937a250aec58fd10a8d1 1640374795682 1640374812121 16439
909a67c0ce57d896b95658210023c4df4feede89bfbd71016023688ccdddff85 1640375259477 1640375265303 5826
36870f0e454fbf8127b099faf0ccc6564e4dde1cdc0504cb75a82261ab39c306 1640375754760 1640375756322 1562
33edba8a70e5dcfe7e2650fa03a45e5aa9c3b93e7ee7a463f2b26d38afdd338b 1640376182987 1640376185558 2571
