70a76f3f0c996872cb9ce70d66565ac326e7da1e4b0686f5df7e7b1952759df1 1640700682878 1640700685545 2667
6327e03d8cf19609b9573f1d9990041db0de62fdf820fd995026f669949366cd 1640700742593 1640700745342 2749
21a35e606ab38870e01012023b0c78e42190effc5c6153ca176701e858c7cfce 1640700802928 1640700806093 3165
acb575ff236826ff98142507c44c93ab42e1f047359cc1c98941b5dbf9076881 1640700862931 1640700865664 2733
283342d4b3d6e9d32d96b2f89f0dd6ef8a88e2d2c2dbf358afa0dcf60cfd238e 1640700922543 1640700925430 2887
05effe27a1b36d0c50c47c5b008141789ba04a0ed760a427e4acf5e9efe2ac4f 1640700982396 1640700985314 2918
5e1d89a0f0b27a1dbba7825c86f51b2d0ff7d42527bf879c5eb61092357b8156 1640701042040 1640701045304 3264
e299a891e39c5bc7aaa2733131eca005cff46b0c52de0b5853a5c97a550e3d4c 1640701101665 1640701103369 1704
0ec302facff12477474d9dfe927e0f24304f3f7c55f8b5d1c34d9db42313b768 1640701161801 1640701164473 2672
39df9059b69bf98d71a7fd027bcb5de52e679edeece0f56e441b7661f845afd8 1640701221563 1640701224757 3194
71cda7354730021e11d8a8ce7079096acf541386bf7efc6856f6665efcc2d7eb 1640701281784 1640701284946 3162
9bb4c4bd2b6710a236fdc183fb5e619319ab962d4f696198d1cd01e0380101ac 1640701341761 1640701344293 2532
a87a27d78d2b44fb69661d5ad47878d9fbbae53558eebb964aaf9ff26cc0a7d8 1640701401250 1640701404525 3275
c8263d0b51659858e5f11e6dbc7e0b41128d2a0a7e70b1d04b62f4caf273f72f 1640701460961 1640701464140 3179
bf2c83883833f8f65fd03a1312a38f7ea6319da8c393e629c656f7b9c1cf2d14 1640701520786 1640701523397 2611
3b3428a59fd83d101a27a285f0bc83ef2c4364a4d1feb2852e3ef45ce8e677e7 1640701580421 1640701583451 3030
05eb2070c35e7cef8cc121ed110675a4a8b7dc67682e1dae7c76ecfa1fa887eb 1640701640534 1640701643597 3063
eb9222c1669759b7f5d04a37926a2571e81beb861c2ba17de17767a38a6ef330 1640701700633 1640701703611 2978
3b30122c670713fb751b853650c2ad0f0b1489fe4eda02e5d3c75b7374977b54 1640701760143 1640701763242 3099
32b8cf5c328521d038e3cdaf4b30269394bc7e845b18c706c7964ff43967ac3d 1640701820191 1640701822801 2610
