951af30265caf9e1b1b99df3613d984637a3d3381ea2808009033824b30fbf9d 1640700682854 1640700684545 1691
50359e84625b1030b94edd9ebb532b71c21c21774a1d4054579f97848de05260 1640700742567 1640700743829 1262
9b9f8861e55e582469acc22c88b307da476057a1b33564ebc302127c4985c4b4 1640700802902 1640700803943 1041
33a5e4287096f4a159a4b426f0bb77e221f49ccb1d4f8822275033761ad16b38 1640700862901 1640700864503 1602
fb5963c54218c7c3446cd8978f63ac5c79be460bad5bd23e9071560b9df71435 1640700922513 1640700924065 1552
914416d0f0fdaa7b9634a2d303c2779311d455839e2f477c065644092dd208cf 1640700982368 1640700983275 907
92d718dac47fcac63a3aa56d6d4ff8566b3484a9388c0b571984689c79889829 1640701042015 1640701043049 1034
90c3d30be5b4c9ad74789f287287edeb7206970528634c41bc316751dd88ebde 1640701101637 1640701102988 1351
c0cb59a50c427b64f88600929646270db2f9e2673251531aca6bfe3c662baa59 1640701161773 1640701162846 1073
3d08732b054d804e73573e17f81acedcfec8226901fce44b04131522ea92a5be 1640701221531 1640701224357 2826
099caab3ed9922bd03ba9b320aa1bef9cd9eb1505273a890edc450e211ca02d5 1640701281756 1640701282571 815
f3b184d58e44ee6191071575c2cc4cba18680db3674b9ab200884082ed8594a3 1640701341725 1640701342838 1113
b41455ca14b350f275e15b65255db5c4d42bd97e37eeba8ee304fd0f99e1583d 1640701401224 1640701402525 1301
24f36302c3534062daf9249d9c9cbdd79e6c5a31ec5fa5765d591e047f61e173 1640701460929 1640701461929 1000
a395192b28613c0719518bcf19edac723fe31355a4060e8cc9ec69c67739f371 1640701520755 1640701522410 1655
43f01272d1198da705962499e6856dd5b7ccbcfabaa7abb001dd5ba96246149f 1640701580385 1640701581927 1542
27dd80f2ecf52d2a5d93862985a7fe5ff0a9ab93b733b30f3525fa2fc966616a 1640701640504 1640701641403 899
17a2a32689bed21111756277089eea51f8a933068886e5216cd9b4f797d19ed7 1640701700604 1640701701635 1031
4d7206459d50105da48c26949fdbb976c9247f267f71babfb0ad1b1275aa4cbc 1640701760112 1640701761168 1056
68bb58c46a4409fd6860e01917f4d85157ae0909a71ac862ab69e47280f001c5 1640701820160 1640701821039 879
