13f26f3b116ec3ced2edf9f6a665203219017e9326ff44099f4f8b74c72cbbbb 1640700682879 1640700685370 2491
cc4ee56d602799e5400a2270f55ce77185f385912e43f09c68001819d3f73d87 1640700742593 1640700745426 2833
3b130c69874536a9b49c2daad20dcd756cd2b8300a917f9c901533838edfb83f 1640700802928 1640700805830 2902
e0024f617167c04df8396292e65493adb0518194ddd6599d0a8e21f929f2580d 1640700862930 1640700865397 2467
0558313fe5c09a4d5433f67c922103567077872f6e0fd705e545b8ecfd904323 1640700922546 1640700924730 2184
7c046dc959f6366fc905130e319930cee9c99d43ce6f22e7dc153c8752eb9fb3 1640700982397 1640700985415 3018
cf1cc55f509fbf69ba285d73479e634daa17996596c0683016651590cf080c21 1640701042040 1640701045180 3140
bd0ae8ceb01412456c500ff5ed9bfb9757453400b557af11fc581cf6cdb8fa38 1640701101664 1640701104711 3047
1bb24ea53e99cd84b0a4169408684feaae7a195f4d0c58fcf45eebaf143772e2 1640701161801 1640701164586 2785
68ce85dd525dea1100047801605b9f0f75a905c159263dbb7294a35a117f74bf 1640701221562 1640701224800 3238
ea85028e6d03819c62d67816dd99b5b811e5c4e27aedea40aa0d912addffb0f4 1640701281786 1640701284944 3158
3809ccbd542d375e6846effdb885f9717e1834e58671392270db6804e9acf4e3 1640701341756 1640701343764 2008
bb19c1748d1249ea4b35dcfa9683fe1d99147cefdaeeb900d2578e3a6eac4bf9 1640701401250 1640701403930 2680
21aec5ff4ee13beaeb553a29d489cc34731e2da2c770a07fe6626f4c92105f09 1640701460961 1640701464053 3092
951c21cc5b7b360d5d4229f55146147bffc9b83cbb9149584dd24f197044f0bd 1640701520790 1640701523641 2851
9cd31cc8822cf021aefd59dc855bc58a3269014c3c4829343caefd90d7359fd9 1640701580419 1640701583739 3320
b0aded438a1c73494f433ee03e34489e107fb84dad11f267a2737cc8baf315dc 1640701640535 1640701643738 3203
8a671339b5388503679b10b3e2021f756e446b3666575695bd3490173f1d885e 1640701700634 1640701703651 3017
aea18b75417b7cad677ceae0e975b657a0ef395f6d9f4f24d49f3f35d30981a7 1640701760141 1640701763293 3152
5d4aae34363493376ee2fb165e1282e996fb2c78c23165a0c89f01bfc53dfda6 1640701820191 1640701823232 3041
