255cabd5d5b3c8a4438597d8b6fba68e6c5c27eb52a17ca1d68a8d00f2f65cdb 1640700682887 1640700685684 2797
357edb955ca7c7c184c5b5acca33eee0ec5d72a077a922a58b187357de4fc301 1640700742601 1640700745556 2955
4cb7d4539de974fad819cb56204fc1edc95ea665dbc72334e35f1b2d0714ce3d 1640700802940 1640700806154 3214
d5f775e0fdd1bc40e4f786c5dd0800f56651392f63cacb4133d4626956701128 1640700862943 1640700865757 2814
9f107e4dfe367b63003923354953d1d3ad402907d84f9c59ab477a518f7c76c3 1640700922553 1640700925859 3306
c8a5dbb9e7593e051d84563edfa9f4b814efab6336af42769dda1f716e51c5f3 1640700982412 1640700985523 3111
eff9880f7fab7097a149fa8f2fe456a08f944b701dd3f703e1d38a847fb5db79 1640701042054 1640701045288 3234
e734592094f892e969c8723ec24700edbd87ae971be22c57ff1bb9794673250c 1640701101674 1640701104898 3224
ca42782d0ef62d4e4d502ae70bb6bbff49090752e3b1a9a53c6f8c7e8d3cf488 1640701161821 1640701164699 2878
c0635d6506f09e237c66d8fa80e5344664ee7e0f9f60e72d81ede4b483a3f881 1640701221574 1640701224689 3115
89ee45bacf880bbdfd645addbf98c70a76aea59fafee9a27caeb4c56b678a467 1640701281796 1640701284800 3004
bec4d89ca60f2fc30c0d3024c64243ca1f8af660aa71296953d300a5b85c1a90 1640701341766 1640701344604 2838
b4c6640e2b1226083ee9f6665139a2b54cd5a09dbc44fc9d33d799de63599792 1640701401262 1640701404584 3322
d4c414d033fa108ba228fbeba2bd915d6e7cd9a76de88a9c5c1869a1eb4a58ad 1640701460976 1640701463938 2962
b02bf0c0df0afa8775faee0ec33e003c3d77d247f129fda6caac29b21a6e70a9 1640701520811 1640701523455 2644
140acb905b18c2d399d38a4c0c276044192c3d094ca8121e33a16f06fc60da85 1640701580434 1640701583729 3295
f5a059387e47c99acd790c696073825bbbe867a56e158ef6c6f6ff795f26769f 1640701640546 1640701643597 3051
b2fd8bde20d823fba36489d4596dccb38ad9043b9bf5c807cca19d332b1d3f87 1640701700646 1640701703816 3170
e445896ac45c29bbf938f80ceb5ad9167faadb0c54c43dceaabf8e60d6833f55 1640701760155 1640701763234 3079
22f05748420af32baa198844cdc54a92143a47fb5447787e2b341e94b943932e 1640701820203 1640701823384 3181
