c4d58a69dc3bc84a34b2aa68952cecf0baaef349e0c1b1be93e774c1926723e3 1640700682869 1640700685662 2793
fbff3add7e40123da6bfb0b5aca005f8fa558951eacfd2d425a7ce930da9b3d2 1640700742582 1640700745500 2918
079177e692129cd605f7b3fada24147fcc55a0fbcaa7dc7d464a15030f3d4f95 1640700802918 1640700805722 2804
ed256e9b005f9a95baafdc502ed9e5be0af8ba91afa91da25d5eec9ce4441f56 1640700862919 1640700865067 2148
cf113c2c7b611b74cfab0e0f80ad659a6b654a4d1c2eafe8be05be0ac3cdda70 1640700922531 1640700925042 2511
35c68ad79a4f144fa2359458fa0e60a74ad560e1b9145cf9835f835389bc9450 1640700982386 1640700984797 2411
e64b5be0744fca9e4e016a92b3e1e870d66dcd52dbdeee37a1c73b284af0172d 1640701042032 1640701043152 1120
25630df0561109c88307028ea5c6c2c9c6b91e73ebecf9e109f2efffbeeac015 1640701101656 1640701103420 1764
19fc8df487268da0177b9599604c1977a2667fbaa4d83bf5f95ccd298477ebb7 1640701161791 1640701164482 2691
bdf3cfb601de8b142942c87abe08c6ae21658ddf1a806d6b9239a0ca245532a6 1640701221553 1640701224350 2797
60089d4a3d17192e399e24ad67000fc528da21c360c9cef896f1575090112723 1640701281775 1640701283823 2048
ac9ea6a1d96c482af42959f1fd46962cf2a58b77d517ea1faaf036c97eb032c9 1640701341746 1640701343409 1663
8e95efcde90d281c3fca8252877e972bdab33e47a044ef2c698f3b9beb1ce558 1640701401241 1640701404569 3328
aa96c2b9614634814c56868b77f93ffa18d45f626bddce1002130cb77666433d 1640701460948 1640701463920 2972
bbfef2a8f6f89019f550f1ab874732368f8f9cfc65ff51769814c0198344fd8e 1640701520774 1640701523525 2751
e6a58be4bc8d3a47244bf24f333be2073b1bf2ced70a41666969deb763d3a9b2 1640701580404 1640701582364 1960
3c4c76488627b40647f834741f07037e72e604acd1e2dc36bc2c14e5c7d1e6d6 1640701640523 1640701643336 2813
f8967e02769ae4c061140bff04c89184fe7aab226648f07d306561b14335c27c 1640701700623 1640701703415 2792
f98f1bf02095695101259a802f7a29c4ea1f1afddf5b715e43e7930a2a12558e 1640701760131 1640701762911 2780
057a83783573a42f6e6a3d762eabd174e96ae53776ab3b7797fa736d66ffaf22 1640701820182 1640701822904 2722
