6b5f9fe4fe7f934728d2b6b6bb997b8f8e89166b609beb42dc6f4746fd0d9527 1640700682869 1640700685787 2918
a28c1328751407a8038e617156b777ca5d43374b5cc662012d477e7e1a941a81 1640700742581 1640700745286 2705
a1a879eb2b5b73e723ab1d7300b450e178078fe9cd48650a97d7f24295484570 1640700802916 1640700804992 2076
306b1355aabfa3dd9410edb7195ae1c92f9e670bb0df92d1d23751a749811f3a 1640700862917 1640700865369 2452
0ec39e505bef42dfed380fdcb908c2100836d065c244e6c6aac28d91f075cba9 1640700922530 1640700924402 1872
c0489295c0a95e70916386fe57a396fa96982f07aa1bbbd9ea94fbe636162878 1640700982385 1640700985274 2889
98a8f36358b0ac511671d627d1c98404ca92e218c20af46a99777ed2ec0365b2 1640701042031 1640701044868 2837
dd82744f5b7181b8a1cfd9f0ce1ec5061c78233fb247ef9d775ee10396579a71 1640701101654 1640701104734 3080
6ab525a2d215ba03d518b4ff7ed1f2470143f8aead71fe1c94b4869ad1361518 1640701161789 1640701163688 1899
747cf36823b387d4dc83b6bda22f273737f588050545b5d9dcc8b0f44e647bca 1640701221551 1640701224241 2690
fd856cbc6298055a4909c207ac30ed6b649d08bc3808cec1ccfa5ab60b02385a 1640701281774 1640701283875 2101
f4f954ebb17fc7be002ddae48c8fa6ce7ca07bb9c41808a7685bfab87490f230 1640701341744 1640701343165 1421
5a8d79a7659a7c6d99f8125b18b849b2ca9bf9a3b17ba2f5e0e6aea6fbd81a93 1640701401239 1640701404320 3081
d36b5750dd1d0fceb52ffe1bdf381e6f62b0a36f7bf0d906c422f7802d45aeec 1640701460947 1640701463024 2077
6b7fc5e16fba0c650350a7118136bd1a236667647b3342d8687f6d4efac8cad7 1640701520773 1640701523387 2614
2ab5c396a93dd61d14f0dfd7fdf56c165a0f2918cfca9cceb3f1035e5e8a7594 1640701580404 1640701583297 2893
27544db7080a5d1f9e01e28e9c6971521069ead8b450827de1dd87f10e9466da 1640701640521 1640701643321 2800
1d1dd353396d6c2c5bf9caa0537d380f479a3535b6aa959930bda0a8e9b70fcb 1640701700622 1640701703460 2838
fa94f8e402ac6ee946529024be3cf252c51eb9e69c60fcdb871d471dcbacae12 1640701760130 1640701762829 2699
2aa9e7709e5ad68223df61ae426d47239ec55b6e71ad48b01ba35969e1124326 1640701820179 1640701823032 2853
