eb931d898ee564188f52123600c57fc4eead9720699ab63d181393d5563f18a3 1640700682868 1640700685485 2617
3db3f68a23abd5d1213cb47b1a18febb96aff6a9c402198e1b7da23971dfba01 1640700742582 1640700745460 2878
75f9b5dbb771b965adc1f98750421ea60bfe688fd5566c247ab39a372bace41b 1640700802917 1640700805133 2216
feafe8de92931fdaa2db7c515ad3a7a56617b7f935a394f16a01875d892fb90c 1640700862917 1640700865144 2227
277e746c9a5828b6689d618270259d3adffea8e3d23211d35000c0191add48f2 1640700922529 1640700925682 3153
f8e5dfda58573f3b40c1ab74842faa8445c5eb53dbf6af37decd6aeae5f24b3f 1640700982385 1640700985129 2744
a400af9d3bcde1aaab31992e6b5feb641577b8a7e7aba31d445000ff2b9267f9 1640701042033 1640701045127 3094
6871c6376469cd0191ee4f12857e8d6b7836d831a3bf0f93b81bde9ef602ca93 1640701101654 1640701103477 1823
bad70612e237f5eaaaea07a912f0af8cc835b71b25748b1c034193967c52d9bc 1640701161790 1640701164474 2684
4c8d87d67cf82ab7a2f099cfba7e8c18924e1ee2c4d0d9c7a5a883e69e5493eb 1640701221554 1640701224547 2993
2cb80f707b2592895e0df2bd60d3e89e37107f0e7fa996b5743242b5e4a5c9eb 1640701281774 1640701283293 1519
d6fcb4ee2c3c4f617a0a405e4195f67c9dafcfc08d4faa125809f6be9b30a33e 1640701341746 1640701343664 1918
c522c94d162e32cd3b3f95fa8261cf0806bc9a6c6f3fe7df7a6f09afbb547ac5 1640701401240 1640701404354 3114
bc43a94b4ec627e627b369870d3e54eaf593c0c8715e162e7810d57006febf2a 1640701460947 1640701463929 2982
17ba6de6a708e99d8025eb4cb1fc7477ec19a54b1dcb4910624503b3e51abc95 1640701520774 1640701523592 2818
5802d1c9b4fb7e3641b32b3479f9e6227dfd4cb2d9b4823063d4e3fb1607fd3f 1640701580405 1640701582806 2401
163943977781d05a0ff6a7f35097be20cb76a7bf3034d8ddd37d18d8e68f14c1 1640701640522 1640701643211 2689
379d3383583fcc4a7536c96ecd108c3a2a8a1ac8fa6d3d8238db7928c82028f4 1640701700622 1640701703320 2698
4dfa7c5e7288452152cd23e643c90123c31d3615b7513ba0ceb82ea5d80748a4 1640701760130 1640701762774 2644
ab45651a62439a6cbd26cd8d01f2c8ed1dcfe57b94572aabd2cbf062302d975a 1640701820180 1640701822847 2667
