3bc64319d686f2a3916e76058bb4550bd3809686a60aede71f1671e3095687fc 1640700682883 1640700685701 2818
13803a918626a049dcf1738fca70ab67e8f404d4bc559dd09d934cded0be64aa 1640700742595 1640700745484 2889
ff4cf7c2456bf4e3f39caaa30c452207e472158736fc4b19af423747ba75bc08 1640700802931 1640700806131 3200
9c29ec2476633e698f91652d2bfaa060c78627cc3e13827d5491fb5b8d52b847 1640700862936 1640700865711 2775
0e8ec0a37e46872ff9b84d8e595c35daca01931d18eb928ad952bae13d9957b3 1640700922547 1640700925901 3354
7dddca9e83cedc8a758e95093334c9d9f82713239c971c34c1efe428693ac1d1 1640700982402 1640700985426 3024
81d9041509f1c66c6629be1dad348d2a9fa4990139e5c6da1e2ba87c9d7d07d3 1640701042046 1640701045127 3081
e8778c191e5aa09ec9ddca76956de7654e8fdb0d259f01468735b7ee2e5d8f01 1640701101669 1640701104840 3171
8a6d825aeece7d4c48a3b709e9ff78fddb061677920e0ddca104bc9e71d43e4f 1640701161807 1640701164678 2871
3d3a37c27d8d5786500b441016a209eaccf147636421cd3aedd96e01727ab329 1640701221567 1640701224753 3186
52186a49748436e0bf550a5b810acf03aced726ee40e78146b32cdc0117b6208 1640701281789 1640701284989 3200
e8309e36a31f71b268f6ce2e6c8719083b109a87bbe19c1862deba7642495d75 1640701341760 1640701344722 2962
d0663e6ac28b5b894e51677c5a4a76f3470b0d43af9525402cd7192fa70911e4 1640701401254 1640701404320 3066
f31e9c0dc6e91acbc71a75e1801ed15e98bd395a66f2e549ee27547329bf5d2b 1640701460966 1640701464238 3272
4a2e244df223de24795e7b59c380b945714cdb9461b1d7b1eda7609a823155d4 1640701520797 1640701523816 3019
8a4b97b88f3d714842abde579917746f9fef6a70c867cbd9cb150975a98fa3de 1640701580426 1640701583529 3103
21226c2860ee5a486548863d9824686d502f4c596a980dc669b402edc0bf060b 1640701640539 1640701643785 3246
5e778c68ad392cb6adac381de6786f762252c657a88de3d916979d973ce6097b 1640701700638 1640701703648 3010
f614974200fe7d31e64a9621c6f0949c618bce3f734592b7b5914a81d83f8d40 1640701760146 1640701762989 2843
0641b0830a46dfc142cb2a5e707ce01362f02e8392d2dc48ce2795352439258f 1640701820196 1640701823287 3091
