4512fea8276c140500cd293b7559a4700afb883d96791a7d761c269db36177e4 1640700682853 1640700683554 701
c98a4d6e411544a7b5b106788a8d75d530d65cb84b22fba2c6f9d6fb0c89eec0 1640700742566 1640700743217 651
fdb12bf8b1f9ec64ea208acabe56b552f7d3621dbab385328cdcaff133acc448 1640700802899 1640700804398 1499
7045dfa172526a11356e675e2cf0d6d4df70025eaf88a6008a2678b6aaf46338 1640700862900 1640700863772 872
3c91785414161cb0cc3347319af02bf330633153a0cfd34ef5ca9c16ad311b79 1640700922512 1640700923731 1219
979672a5b31b021aa1d25f5f12e727704ada4de1fb7b86a8e25a8587da234cd3 1640700982365 1640700983117 752
0b2074249a585fe8a2c49c690a5088ac3d370e8ed66047ee87f2dd0f17dffdd3 1640701042012 1640701042773 761
519f12cb8602e1793a631709bf8e0c1fd002184fbadc95f000eebdceae2ca72b 1640701101635 1640701102433 798
f41cac12f56b0e05f0b64a27459b680eb5245fea8fe66e84641243cd1abb787e 1640701161771 1640701162267 496
0d5a3a7e7d7acc8391fb5d51986c4dfe5577469d0a91a3762f2f94f6949b12d2 1640701221529 1640701223033 1504
c31235bd948e9e71ad380aa0276e759f8909ec86d3ee98a242429a812425dd35 1640701281754 1640701282374 620
db35cf9b9c7fef9948d4be4a02f9276e9354258e713c7eeff02e8e8375a439eb 1640701341723 1640701342772 1049
041169945be630d434b62664cc56429cad6857c627572f59af98120041f3415c 1640701401220 1640701401716 496
370fe41979f493a4f911826a9d19f9564550dcc332e6ddbf957352fbd7a550a8 1640701460926 1640701461656 730
dabd9444ab2222bd00e6d475f8878406588547d15beaf8134e94ac5da1191f04 1640701520752 1640701521609 857
da77d2a6fb810243e7a8befe54ed83942246748a48a6842d11fef08272da3b84 1640701580383 1640701581017 634
071b40999236e8c518d207389cacd4496f00c501ccdd1a4658c49f15982a0e01 1640701640502 1640701640939 437
5eae2500848050fe5567d0139c19f35ced4e9f383c4a7ac656d505483a64d9d6 1640701700601 1640701701367 766
14122fe6ad9022a9529d5523c17d0657ec8b97e4f8940833f756012a702c2d13 1640701760110 1640701760784 674
0b4e5d2fec704d25c22446d1c32149b8028bbe4844e1939b25cc2e71d871eadd 1640701820158 1640701820822 664
