12539c17c9c2b6ae905990af315b0131aa56ecb131d23c923c1538836e8f934a 1640424501702 1640424781613 279911
1b3c93a313488ac80054d795ad31821a587ef371493115641b8a9564df7adfa9 1640424879104 1640425201566 322462
5ddd746ba15e2513861db279b0418b4ef6d8e06a246550964d1e7edd40d8879c 1640425268817 1640425595148 326331
b626ebcef65953fb2283cb3e678fd3d0892fe6610bbd642da24c7057b0e3f1e8 1640425658835 1640425928499 269664
0aab2e6bd49141539586d0406535b86ba2f705611504c6194ea6865b27f27060 1640426049695 1640426418235 368540
12ad16a1d24aa7507da36a306372336e85e1c91ec2a9b341926dcef3cff95c3b 1640426440014 1640426808904 368890
c26be5f203b6c8efbf6b50a9d6b673654bfd37358020d25a1a2eaffc63685c13 1640426831377 1640427158475 327098
24cd8495b8d42596d369e24df6556081374adc65f0c88de677c346e7ef3c2887 1640427222260 1640427470291 248031
2d4f77c6e966ed3b4f2feb1adc2fc6ef105ebc3339f2d860924a434b62ed4495 1640427613123 1640427955094 341971
06a4b6892d10016dc54f5f5f6e720cdc42aa97c57b7f445ed3549530468834d0 1640428003977 1640428293976 289999
54d9458e34ee28cebb95f332adcb46aaa83acd7df9bd453b980930e526711b72 1640428395634 1640428747930 352296
98c056d43e099f3796b9ba0119b6f49ba5d013137b50dba90b817504d6fac01e 1640428785372 1640429127842 342470
0b635148ff0f78753376b019dedb311a5be3756f540192c66e8a9a8a476bcb81 1640429176592 1640429542327 365735
24e1903b5f9776fddf255f9cd62522cc2093e586c7634220f96c73e4187eabaf 1640429568149 1640429911224 343075
567ef6c6ee3440c1d773b707225a0d1703d85a8015564bb9f3bcf2ead2e63a38 1640429959439 1640430328738 369299
f0765d329e3fa51b4e69bf5b6563569c661b5d0b94e1467e0e37c6b469aaeaaa 1640430349805 1640430647345 297540
f917652e750e26d983c8c2e2fdc0de2024436ef384b01f8227196553a4645933 1640430741872 1640431035128 293256
4173acf33693fb4c12cc783a8a11471417ace8487fb47cb8df88f233d89d193a 1640431133067 1640431430205 297138
5ac44087618437e6df420e254a15d582e466020c666b937c0113bdf1e67ed984 1640431524878 1640431879207 354329
1a2305998a50beb1d0ed1eb58950e99598d48a6b68aee1a4b08580efdaf674bd 1640431915836 1640432285894 370058
