95dfe811bddbcd5e3ebd566db7056a4ff0a547aa145dfd80cee5bf83de2e9eb3 1640424501687 1640424529459 27772
36a551dd9cd4673ef96ad5a41fe26ea92e6ea97344d17678b1eba7b3d8e79000 1640424879086 1640424960893 81807
2fdd5a315a1316d3e9e63f0ebbd9fca35a1566519d2fe35de7c1cf6e2ad6eae0 1640425268797 1640425405511 136714
e3f76ad6695589114a32e0c4c4867ccb3bd98284410688e5cb6a57530c718ca8 1640425658816 1640425698221 39405
2225c2571e9de36dfdc7fa564d3ade6ff82c90d52366427761f36f7db96b6ff7 1640426049672 1640426099480 49808
9ad91ef59fa7a0f9c12d2ed5e310330175a24e366e8ba2927384fd8b8e2f9f54 1640426439995 1640426493487 53492
4112565441dae0d7f817a117328e08e26086c4a0de4e0768e3a3d2025a560075 1640426831356 1640426906032 74676
bd340861c3d8100c070a6028d42c91f66094c8a52f33086dc36a377f9126f1be 1640427222242 1640427290330 68088
bd6bb81835c143a2b459adc5ab86afaa62b3c6f4dc68c12b8e5435b5f0340c4a 1640427613107 1640427705604 92497
2e463af29b8ca5e4d6969ffd883beecbf5c09057b67916eae245d65f31deefc9 1640428003957 1640428072304 68347
794ae46a43a6d0e5e288e3a9992a210f1277249c939aacb853a986f7d82a41bd 1640428395611 1640428452079 56468
4d0056d3598b39fd4c1ca2b15dcbd640d3d5a0e2e051b6ad500582ba8958b865 1640428785354 1640428831720 46366
97f2afc36f3f1ccd4b5dbcd11ff776c653134f1486fadb76b92ca5404edbb36c 1640429176565 1640429248252 71687
350053233c189c7950f3be51270b212d8b813306fde69b83cd19c7be56a66817 1640429568129 1640429600334 32205
11bcc2fa2999b822a29495a6c212e682817afca82993b9ace255ab816165d842 1640429959414 1640430027117 67703
7ab965113b22e973e1fd1266dbfd0fad9c17e35c797219d232335762a3e72005 1640430349785 1640430395861 46076
26f9e78208b1d7b71628406dc1e691fd993dd1e90257427370d42db63e0c596a 1640430741848 1640430777221 35373
b941735c4d5fd392a2bdefd94ff38dc997004138be68fc34416629a7aacb0327 1640431133046 1640431197146 64100
26917407459eb0edb37eb21cb5fac94e127bfe1c087a005f4bca7e6faed78c71 1640431524854 1640431560909 36055
05a355a0317fb809d6a7dd455c3f61f350bd6cb4feac333462bd353efb63e401 1640431915810 1640431976146 60336
