3e49228f0175cd364774bc2be56ff9360d902ac1c5d32534c4794f6e35db76f0 1640424501689 1640424670047 168358
b0ef813d0388c87a0adc2d13c486c2fc4197443137ea215f0e721b701de95da7 1640424879089 1640425103966 224877
97e0cea23a9527eb206638f47a5e533bf27aeab21f965d19a88417d7ad78fa61 1640425268801 1640425365807 97006
47a1a716c265d465a7ddcef56bbb5736db6fa5378f851013de624c173eab51d1 1640425658820 1640425788135 129315
01b165c3c6a7a9158f8f40b38655b945bc65d4a96caa742ac3e7d7806b679630 1640426049674 1640426160499 110825
b5f1ddf08d19fdb940b973dfc6b7e0d71a6957387926d62ccbe91e2fa5c4cb2d 1640426439998 1640426539774 99776
7917d908339691d74900c04431479e5c0d04e6efac35e8d7b89d0859c4de57b3 1640426831360 1640426946014 114654
4cf3dffc6d07d3ff4c53e08cfcb812bd96725fee5ae900710683b0a02efa33af 1640427222246 1640427322670 100424
250f4c363d4c65a0a987574c52cc9ad9df34db57fde04e34f69d6d32dde23e36 1640427613109 1640427734802 121693
e1d7b01ea32b59f3c19505da105ef9ef7528d28c976305427f05545d8b29584e 1640428003960 1640428108247 104287
663ccdbaf08575e6fa41126f84a8e081222cf7d8f7f435f8f4bcc247ffcbbba5 1640428395615 1640428498714 103099
ff7da194c8e1d1355ada85996e5192d13847bb0f77c31778207e373b56c5ea5c 1640428785357 1640428867447 82090
0c9632a52bf203e982bbbfebf9ec23ab1ca0625ec08eab5be695e81c42b68195 1640429176569 1640429287707 111138
bc8a06df33ab8292c4fb73908c84047b51a0c592fac2dd9779e398ded5b731f9 1640429568133 1640429672421 104288
cda8d1e5abad4e604ac06e0b508cd17b5f16681b69cd6fc95f4c9f9d0dea9b64 1640429959418 1640430059870 100452
8bf7db617a911605b6063b1416ca8968e581b67dc3f3fc20d7c54a6666902cc6 1640430349789 1640430449869 100080
3129fe5c8b85c8834251a889567b3108e27b4a5898304408936617035aec240c 1640430741852 1640430860136 118284
ab60730675b760d14ab640de61dfd88805f8cc6551ecc9c1d92a9006f60c9acd 1640431133049 1640431233414 100365
af78175b2c09d521043c975ff2888984face7631dbf3e7a0fe2865e422dc4ab1 1640431524858 1640431607522 82664
f2fb8beb361a337daff6252dbb7de962598e32b61cf8453f7033a8490dfc8560 1640431915813 1640432015996 100183
