210be3c28c83766321907e73f8953ec791ed9bfe01352a1e22bae8b6e72a059a 1640424501704 1640424865722 364018
ab6a052852826d9c5b6862fef0ddb30dfc7d07c376f57905242eb02d3e8d94cb 1640424879103 1640425205420 326317
33473e303e76f70149c44dfa07ec3ef839bfea6323ed567f55429f833b7a73d4 1640425268820 1640425587691 318871
8b3207a7c00f6e32a76ff4a2c5b7cb33666e7bb0b7b00dcb1dfd524ef7563242 1640425658836 1640425951063 292227
b7468aacc08d1e0fa53593066ffc3c73edbf1b555618e3d4aa825bd6d1fc5a94 1640426049690 1640426379290 329600
82b5223031080cb353f92318a84b890cde0d6064d28b3239f1e85303f2d49852 1640426440017 1640426785734 345717
50c76d1db7fa6ebd7b8e77ddc48a67144c32ccb69ece5075e3dae196237490d9 1640426831378 1640427154332 322954
b1971ea100c74394ebef15cd19f25fed6482b8af30b77dd12abd2c45d063f36e 1640427222261 1640427556513 334252
926bcf7539090afa993cd6acd749a757982d89e29a7f464315cf1f9e7d1af53b 1640427613127 1640427966589 353462
3d0f9b49b119e5004aa535454f0b9756f1bc0cef33aed0f9d34922ac5b460581 1640428003979 1640428343566 339587
80c920158718965eb8e3db41feb5108a25a9507de13a8d434343e060dbbeb45f 1640428395636 1640428759457 363821
dfd932aa7d1ce800fe3145a902796fa5f375152fb49fcb341b988c6060e01bad 1640428785378 1640429150953 365575
7a61286f8c909473dff2df836aa9ef0ddf80102cc44b8747e66d4e579093af06 1640429176586 1640429515351 338765
0beec3e631426b619fb2ce6cf6fc4c584b315a66b65055d8936600145d5665b8 1640429568152 1640429933932 365780
32cfb6e61f3e05f2f6ce16e27d4694d121163b2ba797fdc62d5c81de23c6cd87 1640429959439 1640430313300 353861
7008689004c140672b96d59bd610b1042d5e0d0c34a336e03600651db1b33ec8 1640430349807 1640430720537 370730
2cbf665bd77fbd00728c41d48377ee6ebfd8cff6122006910d988d4668994f3f 1640430741871 1640431053999 312128
d9fe2b1289b76a1ccc7711ebe4138f79f63a1ceb3ab3fb1e6c40d7aeb8ac2b83 1640431133069 1640431503079 370010
7e5a251786f76626c49f70281b60f121e91f452fda0be47b88ecbfdc06712fff 1640431524877 1640431867848 342971
9702f11ceb9b1c93d55a7c95e318aa0c4cb07d31e7dc97f1200f281c71ae4176 1640431915831 1640432201427 285596
