012e766b8dfc642aa00d2825ea78a1ef236e746ad75cf50f9e12449a8d8cc117 1640424501689 1640424571763 70074
052a746f0d6a7ed40feb1229c37e6161f6e08a11588e246669eb54a6ad8588e2 1640424879089 1640424975251 96162
e9eadb2e745727b76f0cf1e917e7728382776259dcee3c11edced52043eea023 1640425268801 1640425344106 75305
46b8db43a34406372e860755ea1bd76b4f7e70940d0cff8d85e36c142dc13fac 1640425658820 1640425849983 191163
be69638f82a61aa5401c2b35f076b23bc28f891d973e0426a91305a49c94228c 1640426049675 1640426211317 161642
ea8c4bfb57b64944e519d119a2cd6fce071e343e586fc02e2d948b17df57ab19 1640426439998 1640426504053 64055
8fe8a3aed779b060ae74e18962f727956b0756d46a10b775bfb0546ad4d0797e 1640426831360 1640426931174 99814
64f4eb5c6f841ddc436d40917088fd59aea0e64ac220219ee89e999f87a4f7d6 1640427222246 1640427351822 129576
db4a61396f05895bcfdd13405a8dde9d251d73ba5c11c5b7ae0993f76062af62 1640427613109 1640427698379 85270
b636be3fde7c91cef3468631fdcea03da903e1b7438ff9dc93761bbcbd1b1cb6 1640428003961 1640428148590 144629
9774be1a055eacaa971ff1fe91f5100a2dfbaa2abbf1fdf8516813bd2e51c629 1640428395615 1640428473471 77856
57ce6e0a4d5368aceffa40cb31a631789324ccb0e5b2f13205bb837387c0a565 1640428785357 1640428874634 89277
98296b70f6859c038cf2be0e140030853dc0b1b29d0b467fb7f44f1bf7db9036 1640429176569 1640429276920 100351
79510bd4fa459836a7e4061aa261f657bbdad4697380761617b1b4160f90aea0 1640429568133 1640429636354 68221
b63f883a6fc74105518b589e9af60796d8897a73272200620410605e4a494ef0 1640429959418 1640430063365 103947
4b7d94fff38182f39150eab698818cc9e8e5dcdd6b41d1c698a810273461a0d1 1640430349789 1640430489837 140048
d8f60515986b2bde0b105015482cd2af143ee2aa289028f35c5bd52aa14371a6 1640430741852 1640430845714 103862
27c233ab7b486fcf7cec40cb011e69dc4aeffb2bd7b0ee62f985dcd27f4dc8eb 1640431133049 1640431218876 85827
1c2418040d85db2cdc3bb3836f7a13acf03b78ae180972d6cda3abd610d86a02 1640431524858 1640431691098 166240
97a2c2ebe29e690ee92003fc26250e2dfce6be1873250d3cc5d4e6df048b1c54 1640431915813 1640432071180 155367
