07c344f51ffb110b72b2874e66cb6c93424f70324901aed49565e32dbde6faaa 1640424501688 1640424644123 142435
cfa35a9ba3c67c04894d61aaac5efe8487df28d1e49c13d99be688b9900e4d2e 1640424879087 1640424935605 56518
5abb294efd78558922c460cefd25e024f47f622f764bf181307e32fcb04352f5 1640425268799 1640425358294 89495
f4a2b925d2ef68dcceff23f233f42de4c29b93138d6cb3f5b21e9b328d81f877 1640425658818 1640425712861 54043
5dc16da8dca2f404fec9a59b4c8011cc3d3a53ef803a86ad5c6dcb7f4f494e6a 1640426049673 1640426113838 64165
337c96d495f9e7412223eec12f10eaa1224d50f1f4d2732ea729b70a94e18bf6 1640426439996 1640426528977 88981
2579dc4fbbaab53ad539d3ee0f48483ec12e5f049b16ce0fcfec45e93b883406 1640426831357 1640426891963 60606
aa66f58f8a166a81c0125ba4b0921b1c7e34d1955cf9e408b6676a56d7932d7c 1640427222244 1640427326296 104052
dbfa2d31e4957c20178cada5f9aae81de91e96c718615164c3dadd617f68411a 1640427613108 1640427775066 161958
701b3e17504c4c1f60013eeadbcd39330a7c0a4bac68b2d2ebcadb2bd91be6ca 1640428003958 1640428082883 78925
37cbf29d307bf13dab149d4b27b92297fff85dace332eb76125f8e2932b7412a 1640428395612 1640428487920 92308
038bba199bb177ddac89add7449837496d7b640f4f3bca2cd0e96ca448992682 1640428785355 1640428842315 56960
9e91187a7ac16f0cbfcbac6f14f60b5103f71512a76743ebfd9369b38b14ddf2 1640429176567 1640429255361 78794
94fe479747efaad9d6d841ccf2b0592ffa5913358375dc0db8f8a34cde6576b6 1640429568131 1640429650829 82698
e99f2979881b108f5010d3aee234990a611cbe17062740c272cbd00a4869e585 1640429959415 1640430045496 86081
691331ec33c7ff309fe569da5a0141796506f41e8649133bca72a9eccf0e40e8 1640430349786 1640430424635 74849
48b11d2d5bcfe972628934d608dcf234bacad24bbf3c39a38b2dfba6dc155fb6 1640430741850 1640430856473 114623
d787c4f52c30bcd5e07dda78ce5c00e70106eb13f5bc50e343426179df43cb3c 1640431133047 1640431200758 67711
a5bab6257d6ec2bc25b3f51881714465ac88ecee47c8276aeea612d37232b924 1640431524857 1640431661617 136760
c8107bb9fb102289f657a25db6c655329119a14667fe06598dbd543036155701 1640431915811 1640431987061 71250
