be1f949598a47783aeabb99ba2c3283d0b341f5679b8d27a5f22cd8595616329 1640424501702 1640424811749 310047
cd37d1be278c84870f908ff69a4561e8cdc26e206dfa9bfbd9a7106df8894b87 1640424879103 1640425186224 307121
1303c003f7cfb13ba74d4468de9abfc98d49b9bf79130355b3623f8f4c8a501f 1640425268815 1640425542315 273500
137e41fb4dbd544976d56db9d66036f65e20bc7f7d31622d24886f67120893c9 1640425658835 1640425958653 299818
79ad781f9fc655266116b2b45e29717f9f56d715e48dd5243963ff632632e711 1640426049687 1640426318301 268614
b4867afd1e0dedac49b88c86982df8e9c920f2ef7679d757ec4eee7c8cbe64bf 1640426440013 1640426755090 315077
d5b280598166dd8e369481841a2b18057f29c18cad7b89ad31eef40b8eec91a8 1640426831377 1640427090342 258965
99efe9ac40baf2c615f6a54df3595269f6ec0723416428ba74d77a7fd6eb6e45 1640427222263 1640427549092 326829
dc58fde0fdf214ec240b7c29b5c0a354b344939ce6a71c003e2c136da5ce6292 1640427613124 1640427878660 265536
07f3b28cddfe56c0c73842b0e143dd3ef9af48e77de7a73cd5f5deb8c9ac6f59 1640428003975 1640428252531 248556
c739cfda144cda00e82d0933ad446b45e6d7c1b13882f83d6a4d94b1a10bcf99 1640428395633 1640428740252 344619
657fa20284c358b2d1488db1d92eacbfb0e4bd0d5e7c4721ccd066a7bdd9d81d 1640428785373 1640429090091 304718
c8f698a724739fafc88e5caba86d1db8ae69c9993cfdb6ce092978493b3b693e 1640429176589 1640429523267 346678
7f387975006bff3f7ed75bd2f65ff41e00eec00fd3bc78ffdff39caad13b0dea 1640429568153 1640429895454 327301
d308a7b66eb7cf43fd74d3b22736b2422f2d435f66fc8821775c09289513c3af 1640429959434 1640430279123 319689
1f36f74c3ce7d233ab14121d47d6fea7311487a0023c1ca17b108525f0aa2c8d 1640430349805 1640430681853 332048
9ffdb6686a29d0cffb742e2afc3ad2712c559375b8d475c92945012661d48d6c 1640430741868 1640431027787 285919
90db804344996aae443408b985e75bad530be590e0f4d48f1529c788de6ed09e 1640431133065 1640431445324 312259
2c40ed66ac324c0ae1eed59b2ddb2c5d1b6650883ca1056d5cb60e595fb4e48b 1640431524875 1640431849164 324289
f2e6a59c11636aa797ec19e6b2b7f55e9edc7aa4f5e052ad3f4669b70cf351ad 1640431915830 1640432258971 343141
