c864fbb6d8f86b85dbbc21bd14bebcea690bab87443ef716d7cd6fd8d23d6c3a 1640424501690 1640424622296 120606
978b46cd678a5cc6526e5b18e6ec4b2d3f0e8521d72829e265e5e6b8fafee3f3 1640424879089 1640424986134 107045
5fac693639cf67182b380a456a3347753168b8cc03ac5d3b3f686c1630d6074e 1640425268801 1640425373114 104313
eff1f985035ce7141c570d449a74737e75981210e55b389be4c1701500562e25 1640425658820 1640425831341 172521
2cec5c166e18c7e4fbd51a9b4ab61364b07b2c8d352cf7380f31de13de4324f8 1640426049675 1640426135326 85651
e4addbb06a50eb99ff48b9d05c2b0e412332fac3846ad3c36994d1799100148d 1640426439998 1640426525363 85365
9f3850b1045afc13f4cacad0b3cc0d9997303a53e45263c2f1e14f67d835e0f2 1640426831360 1640426927564 96204
a98d26b9ac71da54e6263bb614fd783b88c62b5078ff8e6831043827c085bece 1640427222246 1640427373879 151633
4f81b2219d455b528335fa97440afda8e5a06e87ae77a41a78633b800e08ed9f 1640427613110 1640427709534 96424
941311adc0c99c19a7709a4a32151a85e50de67433b704d8a946639ebcc3c0bf 1640428003961 1640428200489 196528
be8800b723619b1060d5a29f983d219a93ef5e2f104a24b9f60f0fa2a77c8dc0 1640428395615 1640428560787 165172
31608f32dd375efa598389b61889a134bf8ff68dfbcedb9a2733388e4cac19a5 1640428785357 1640428929361 144004
dc7ada0bf1bf2d397622ebf8ab6aaf724baf73e9d7f0d0d4b23f16edc37f999d 1640429176569 1640429273310 96741
c44e874e670ed1d17077b2a8b49d685e24fb3a857bd908c637c73637bfabcda4 1640429568133 1640429661685 93552
336247f95c83117aff5644a9f881696a4f9bcdcd1b0d85d6be5d2a2a8f46cad0 1640429959418 1640430070515 111097
9a4d031f572d76fcf58705fad669ee5f1220aa03ed3486a18d195d58211a9ea6 1640430349789 1640430442580 92791
d8e38e1db226bdf9676915ea8c18a7aba117a88d96c2547c345b868c5f6484d6 1640430741853 1640430849382 107529
6f1d4a39c6166b3600779f092b85380e1459da6d198ce8ffc61adc06636f21e0 1640431133049 1640431236946 103897
be3fc90c7bc6779e3c8505a9b2589689975c36bb78dbfc91eec731f2b245ae29 1640431524859 1640431596698 71839
408601bce571683d3a920d134eba2fe378476455af9b299159b6c69a20c7e276 1640431915814 1640432023338 107524
