ad7c97d2b195bbaec04ca56dbaabf463c2725be217455f0e641df6679036ae49 1652086049593 1652086050924 1331
87de30ac02647474920a59d49ae8e6f6a1384b5ac1283ac38cadf9ef1bce8ab3 1652086067630 1652086069270 1640
f39b0ae3127cf14f08343d6ccfc4cd3c56a17bce1eeeea0961f0e4e507725a98 1652086085640 1652086086978 1338
b8e4fc35c2fd29578c765cbd780ea9f8fe867853d007e80a63603fefe907d4ad 1652086103373 1652086105006 1633
09a718ea39b3f08cea5752664e5f5756280950cf176562c45c19f9f12208541f 1652086121311 1652086122827 1516
db6a7beeb33e3ebf460b9ab0e768db6d1299319e5eb52c8bf527253a85f482ee 1652086139201 1652086140747 1546
c89b497d07fa8aba5948163abeeecade6bc00d4430713877140c195c2cdfcabb 1652086156986 1652086158369 1383
c6938a02677cd90eb3e17aeec6838b90bfd15cbb0e4cac1c5299cb31c5fbaa10 1652086174752 1652086176380 1628
b3a69da05c7286b70d9887c0af2c7f16467bb72d6ad10714cd29e75bf53a8bf6 1652086192559 1652086194122 1563
23d66d44c45b7b1414ee4ec05ecae93c77321d944c0fea0827d36d40812fdaa1 1652086213357 1652086214952 1595
