9f5c7d8389a486604560bf81abf554860b6a74bbbef6952d111340003a4b99a6 1652086049602 1652086051241 1639
918829f01c88e86159f84e171a77c04fd94f42161929f77ec82696ee7a4712e0 1652086067643 1652086068942 1299
9403f7e0f9d941cbce58535805ebc2a0df52cc47b47ec0cf16f3ee3f64e8ae57 1652086085653 1652086087190 1537
cbd3ecd60a7b55df27f69167b97a26360db6462320fc8ae47c6dfb637a3715d4 1652086103385 1652086104986 1601
f3d49a28b03f3e4483804613c5d3fddc8c3dc8dd79f9035951b2ceab9cf33456 1652086121325 1652086122979 1654
9f7909665cb9864dbeea52f4c0eec10f6368ca284485910bd026aa21c778f278 1652086139213 1652086140687 1474
bbe0337005c378915bbc4c9530371fff3d6180b3a8bcd17a8e3c5be128e6188e 1652086156999 1652086158348 1349
448a1bf7ff8f06c5afa20d78084f03897366a2ad140ab573fc01f7081967aea0 1652086174764 1652086176125 1361
7da4c168ec0d8446cededc9291357218c10e6f85c5248e76030ed600fdd5d609 1652086192573 1652086194205 1632
f07ce0f6f619dd3493e1ec5dbf562e1f339a898dfc2147c2f07b5a51c2620283 1652086213372 1652086215010 1638
