ccae12598a69352325fcd71d95b446ea4c693c32906f3a106d4e7edf08d1e813 1652086049599 1652086051285 1686
e64b48c6dd39b2826197f6702f530248d50de694bde207314772074351adbbcc 1652086067637 1652086069203 1566
d9de891ebe6c535571fb5827635d3c1defc66954b4aee286552169d4eb96cd72 1652086085648 1652086087223 1575
c7c953c18fa06ff88417439fbc8800caaec04aa7d46e7702804cf2e5b0da23c8 1652086103380 1652086104732 1352
1ce00aadf47a56ea7c4bfc0d8ca13add5c382d84ac65ad93b5fd16db19e57a9d 1652086121319 1652086122892 1573
7c31dba0a8f34e2c641ec96953edb4394bb3be6f739846534bd415d419d238f7 1652086139208 1652086140558 1350
8a29794122153af46b67fcba1fc2147886481a7c4cc5aca0bc718d8fa7681495 1652086156993 1652086158451 1458
12015df35ce9e460683988fe482d5d6c51d9ee1809ae5a6232b6bceeda3bf747 1652086174759 1652086176359 1600
2d64c7c64da7dee48de0c5cf4aabb70287e8004b29e064e7ceea812f80e26610 1652086192568 1652086194010 1442
c731409f75a90797ac1ba3d9f31cfe1828f7e6c51bbd1fb7d0ea7c2e89a2d2c7 1652086213365 1652086214979 1614
