3509a8de4ff508a6117aa77d1157db9c0330db6518671e0fcad3bd6bd48967dc 1652086049604 1652086051077 1473
0eaeaaae3375b47585a547a77c2d5d3a6d7a283d8ace62d5e59c466a66e08ee3 1652086067644 1652086068959 1315
ea4690e3ad320d0f8dfeca01cf2caac76075b28bc93f03f5a98acf289371ed2a 1652086085656 1652086087246 1590
a8d5d5de035b6e845bc760ba9dad62da364026bf7bda6833dc67aea707a07759 1652086103389 1652086104827 1438
652f32832b4109a2cb2b7e2d5c340e553ed4697774292c9b746a7bfe454c9b0d 1652086121328 1652086122828 1500
96ffcc3699214dc1a7be52745260580f53d47d059713078bfaa4b9a033d673a5 1652086139217 1652086140775 1558
f931973c6817cba60809a54dce26c60044fe8fe726afed5727197f31df9de625 1652086157002 1652086158541 1539
16d4f5beb25ce111e677ecb112921bdd1c86a3c4a7c8f2743e96203ae5f6c5b3 1652086174768 1652086176142 1374
655b415fceaacec581024221e34e1b0d70d4ca9c408488cf47a8ea15e24a16c2 1652086192575 1652086194204 1629
ada156ef7e8d2646add26a15a4df10ade91352a7dc5215d977a5b3498df11641 1652086213374 1652086214971 1597
