1af595d2640dd6046282c768817267cd2a56627c34fffd7c3f05dee1916317e5 1652086049604 1652086051298 1694
fed121988e24aeb14f2fc932c0859f05a7ad7a81993a1dadfe7b2e91a9f4d304 1652086067644 1652086069176 1532
3257f0d29a5c46197a6395df6cb09ce1c64cac356a446dac50ea0f138535566f 1652086085657 1652086087315 1658
75225a8be09863036e715290e29bd3c62b068ad85816e192e0201e6824eab1f2 1652086103388 1652086104968 1580
14420c994a9811fe12304548476b44cc2a2f8531473977b9da2cc0dd540eda82 1652086121328 1652086122976 1648
8d4d314e2aa63a170751a9c63005736a181e8a2633b840ca6f05cc77edf13860 1652086139217 1652086140754 1537
576fda495a52e4653840b9320b14773ae48a06157d67715f42c000512b3adc63 1652086157003 1652086158602 1599
5442a4e3839a08db272b5ccfd50b032316b9d4f8ec42e53e392300b248cbbca4 1652086174770 1652086176352 1582
f9d59cadf40a6d666fb1ce168b62b256a3baa5642e7123af81ed11bc4e22e9c0 1652086192577 1652086194237 1660
54115fc9c211826123b852a641b64f8602019a2816b9c77c36eb3b0b381034fb 1652086213375 1652086215008 1633
