7ec2e94af0a88666985eb834f5e25397a02408b9ef5e1986152fac2f3eee642a 1652086049595 1652086051247 1652
59214ff6c530d00516e4acf7b22a88f4fe9b0c2cde18df1bf40d491b6474e342 1652086067633 1652086069265 1632
6e7ae1baaa0296db1cbee0dbbdb89ce1f46eed7a68aaaec46d862871d11a28f4 1652086085643 1652086087256 1613
3178867568bd98ea2b46091d02645b19d4f062de95138b2af2d7771551dbfa0d 1652086103376 1652086104701 1325
8498f67a3277a815e902321bfe850f303c7c14cb8aa1302ec0acdb505e8e33f1 1652086121314 1652086122957 1643
4d4efba4271a9d57a54b042f734c7a81436003009d2c4a829a3e3d6e0fe8e111 1652086139205 1652086140558 1353
2871cdca9a615dd0ed02dee072a81fac065284313fad72d6311c4627bac8c423 1652086156989 1652086158655 1666
54df6253b137a7d9cd7ab06d3dd6e81e09b5e297c45f71e55bd92e7ed4c1be47 1652086174755 1652086176331 1576
8cd0c34e536a8d591c80d3c0002c4e4d87350879d1f9ea7138de21c3041d0fbb 1652086192563 1652086194167 1604
7eac2956d489606a6b281c5312276911a061bab5277e0db7278163007ac1edd6 1652086213360 1652086215019 1659
