0bf1cc789564e6bd43f17b0692ad7a23f116f1fce90992562592c5ef794df72f 1652086049626 1652086051064 1438
4fb6c91c1179a5b901d02e85b60c5226b2fdc000c2431163e26ad06efa2193e5 1652086067671 1652086069254 1583
1ae8b69ac9865512374fd6971b093fb3dea6c07138242de728feed5c1e9c4185 1652086085679 1652086086994 1315
aad698ad7ec5f742f34976a1def1e5d3744802d0f43a6549ae62dd6a0faa4bc0 1652086103415 1652086104985 1570
0ddcadacb11d2709b4659c9774ed15ea55e4502dd220b48aec2abb9a8f04b849 1652086121352 1652086122931 1579
3737d02b03b148c1431c5ba265e2e9c45d73f916f9427b43b7e65b5d5cdc28fb 1652086139243 1652086140847 1604
6341c6661ef3397a15b122ab114eabc5f0b0f02c0c4b3485bd23c01677113bc2 1652086157030 1652086158356 1326
0cdac81544d87ebb044c0e889d70bb2c3c49139c7eeea0ed7dcb2ce14105648c 1652086174797 1652086176376 1579
0978df3f27f0a4791aaeb41c57e1c44deccaf0f13a692ceb0ced5424be16e54a 1652086192602 1652086194203 1601
895f4cd5b11de2d8273f48389d70357c6b3c1d6573266c08cdf272deb52f6b76 1652086213402 1652086214984 1582
