5ed9d439c854c87aa1f7a9041fc47e2ffab2fead204686bff72c54b3dbe79104 1652086049592 1652086051279 1687
f17cb2eed5a0bfe5d0e3435ed61b5d132a620a91f244657c598c9ce67d62bbe1 1652086067629 1652086069162 1533
98adb1d297b58b2dadedf5ce8f2ee0e0fff923823f540c7306fbbcfcdfec1468 1652086085639 1652086087256 1617
a3404aac54324bfcadabcffc3326fdbfdd770c9ccf0f0b6b249d1bc19cd0b316 1652086103372 1652086104647 1275
df12e6c6e1d254aad3f50c01bd92c599b7e1f8ee782ae36939f2711c1e89d4c4 1652086121310 1652086122934 1624
bdb5109268eef37e1454cf5e7d16f545fa6bf4660f3a1eea3ad2ed4d471f00f1 1652086139199 1652086140777 1578
233c4eff864547a41340555f019db7016b6e73bffd6c000a2864474afd2bbc78 1652086156984 1652086158352 1368
f3c3fd439a024514be9f005dcaa8837a0cf6f21d4dd2ef2ae349b0beaa00f1fe 1652086174751 1652086176360 1609
c33981a7b947cd32c76d56b0eeb9c291e89b6e767f5fa4d8d734dddade0f796c 1652086192558 1652086193976 1418
f1e01175cd871e616913f25b6d74aef1ac024919ad32ee8cde878e0a2eb68b45 1652086213355 1652086214998 1643
