2574a6789f3bc24616b771c44653d9d6d20a77e83f24815254f0832f3b318f03 1640700036712 1640700037142 430
c442e1457b199655dafee8c9bdce0253824c3877d127fe087a68a64c2dee9aa9 1640700039829 1640700040243 414
66b3c8021e67a2a41352b87e060607db9c8c2ebf58ec8c3755370dc4f62510a2 1640700042927 1640700043338 411
b2e2c32505d211da701f33a5a38c8868332addbc04bb5f0fbbe34b4e7dd61cfe 1640700046052 1640700046463 411
2d5294dd4573b6228a1d8c4ecddac4fb717bf2dcbc854b0bdfb71c55ab1ee7f7 1640700049150 1640700049558 408
ab4f14d32fd755ff4d65352a0cf7cdd87e31c241ada430e2fe2bd43e60ce966c 1640700052320 1640700052732 412
0cbee8a3fa87e27acec0edb1d076fc1e00a72b639be21f9055c0ce68a6cf0f3f 1640700055474 1640700055873 399
2fa49980c643187daa8d360cb944885734eba3730f4a039fc6d552030f79ddac 1640700058604 1640700058972 368
08368c5bca6bff0ea6b788846da46970df70ddd5e32ae0df5769e9dce971f1e7 1640700061752 1640700062130 378
ff894e2b87181ef81fa6b160ff1c0d301a65d95e2ac6489663e013b38e7da64f 1640700064833 1640700065195 362
4ecaf9159a0571fc05526470b06b71a2cb58fe1166dd5678f8a09aa67db073d5 1640700067903 1640700068322 419
2bd14dca4e47eeb548d14e80708e62d4a45683575630e6e0f2225dffdef94efb 1640700071062 1640700071450 388
b56cbe022fb81bbcdc5380730e764c7de4eafb235d0ddcd522da1ff26bc69f3e 1640700074201 1640700074601 400
7d3b44b5ee0a4a266af680a4fff5591e00d58f5e7aeedbdbea23a969daede59c 1640700077340 1640700077738 398
9013af1097c39b7d399684e48a0fb1cbe5642cb82e36d93bf428e6bf944a9053 1640700080507 1640700080880 373
d5e62b43f44412a7025445e18283e7256918bc7fae9f4e9fb132a6208ffee75d 1640700083607 1640700083980 373
f141a03cf35ff2550cc24e1525250b2202f3580315114d585c2c26732a9890b7 1640700086726 1640700087108 382
3ce2745e5034176ac03e69dd376ad5943896002b63ea0ca5a559d8cf1fc84a9a 1640700089903 1640700090310 407
19b084c7972c7d56b173d871ce76d3f7de08290398729c1758192f9636fd14e6 1640700093038 1640700093444 406
4bd3cca9c4a692ef8f1df8e8a68b9019745cae23a0baa3508f6c6bb8394d1841 1640700096197 1640700096593 396
