d9c9e56939c4214eb6e8efd6c9df014d1e4e59c3be480fdf109243d9c13a2e64 1640700036711 1640700037102 391
4bbf03ef2828020bcfb24adb53545914d7bf6720536a59ffd296818d767538f5 1640700039828 1640700040243 415
57d7e134cb0c9a955806067fbdecf996853a6e54f847fe8b8ed69efa2b6f45e3 1640700042926 1640700043338 412
6c1733b5f5860d4562b3c4f646a91e576f3553caf20d6d1b7123d484d7db9344 1640700046051 1640700046455 404
2221f6237e8f212f0cf9bd745f23db6c3efa065c7336432402562aa311ab0c60 1640700049149 1640700049558 409
7ed4b79c5cfcb6fdd171d6762368cc075c43e417bc4c5f643355fd320e8bc3cc 1640700052319 1640700052732 413
f41e99c486fe25fc9c2fca099867a2382d56ea0969d855b84471162ac7f52442 1640700055473 1640700055873 400
9420c2819878ac66b338af81de38676454818f41fed28ee4e56f68addb946dc1 1640700058603 1640700058956 353
0f0bc3080273d8ae931cd674db87cf65a5b7e94f4b6d2543ccbcaaa30b67717a 1640700061751 1640700062133 382
5032bed9d44de66550d92a8ff861dd6df885be18bd6145f902d4916716329d97 1640700064832 1640700065204 372
dcd6145baf9a686b8bc80166f41abca9ed740667799c168c17d26ff3e31665be 1640700067902 1640700068288 386
bab0a78a43099602c5c423091453834d2dcabc7f30b9efc79d624e88978b258f 1640700071061 1640700071427 366
3a949e8c8fde2a0c6de172b3d59854b5b0708ae6174ee9d8190e8347a98e1f20 1640700074200 1640700074600 400
63d51297f06f16ce64240b7fc5da2eadc2e2e0f7adb4d22c29ec54f65339ed4c 1640700077339 1640700077745 406
0098838c103783f296881828b74124ed887144cd3b2107be67a101b937b7cead 1640700080506 1640700080887 381
1a5614c0720b29f0f48d9322b7b146c0bbf785de8a9c965013974c1f277e0e3f 1640700083606 1640700083989 383
ddee6578fe3e8f41366833811b0a4ca706e3e5037de21340202488091b89d434 1640700086725 1640700087103 378
5407b58b1314b0cf47ce6ce17712bac9f017961473413a04ad067fd13f7cea37 1640700089902 1640700090282 380
898f94c988afd5a19dc1504dc61701b3d102d68e746c888bbe4a1628083dcbb9 1640700093037 1640700093444 407
b4e14c8a5edf46e078c6d5c0275615ab282f938f9855460cfd8f9bb3ff8292cc 1640700096196 1640700096593 397
