578a7b6707530b61a6a5afc717c1245ab98ac43045cdb52b878ddb157a4bdaf6 1640700036711 1640700037142 431
28c40715e1b04042f8e2a88d04bab11a46f7f6ec88aaf9a162fcf6c691d2b75d 1640700039828 1640700040243 415
804c7dd50d00304cf659a97ecb530f959612261d48f4e70578253df6e331bf61 1640700042926 1640700043338 412
10d0484d607287abca29a731decb7b291c437bdc4779d533d6ed791a90b1e2aa 1640700046052 1640700046463 411
c37a9c9057e0101395f1870fc284cbc73693774e9de05bb4c32886e8219125e2 1640700049150 1640700049558 408
a5e89d3663053d0f67ac428778a66e2e20e933484f417edec11930dd74d28335 1640700052319 1640700052735 416
763c918a474f5511ef4001acada1d8b25bf0d8c2048703d7fd417350aad176f8 1640700055473 1640700055873 400
5f79072f2329bd54b641d780f93ea624bd13b22533fb485a79149a2395960885 1640700058603 1640700058972 369
add2bea0793a0583a1e20464d897cb8f6e81f3d08e66977a1701a212bf2b279b 1640700061751 1640700062126 375
6697a4fa23eeae1a47f9c698b3d2dcbf38a8a26350eb82d8979ddd977a9f8124 1640700064832 1640700065204 372
f97941e18ccb7511446e5b0cff23225d152e08723396e612d5fdd7d7a0c34a67 1640700067902 1640700068288 386
f5be761630cf5bd8cc6c57b9411204945fa7459bbd68410a4a4dc59173679ba7 1640700071061 1640700071450 389
a02d34d2d50ca35c0191e647e60a6592b2e18257e4858889895f23a91504ed56 1640700074201 1640700074600 399
8419e61fbd7c7434d812abfe1cfc1002d33272fefc86d020ad6c7de469be6f6d 1640700077340 1640700077745 405
f0e9e5c181ad31f8b52cb83663151ee15d9a68efecf52e20f9399229ccd9695e 1640700080506 1640700080897 391
8b874930ed8be16f874eeda9dce84f348c7ed549bb378f3d2731b30dc04ca39c 1640700083606 1640700083991 385
e62b2aa5c38fc38fb50a2a00149815b36d6ac249a11cf2fda740037f9a94cbcd 1640700086725 1640700087108 383
d13a370085906f3747358971e3c29cec466796ee4e71dea6abdde78670e45ba8 1640700089902 1640700090330 428
a6ef55dcc7a8c49460eca76bd9aa4ad4cab6eb2a0bd5231a71b8b6d29ee06f7b 1640700093037 1640700093426 389
5af8ab2666279f74f60f364b5e3e86ee6e1891e5c7a792ac361537060b5075cc 1640700096197 1640700096593 396
