8b9fe290bb2986033ce1fd13b27bac1d74a21f7c5b329bdb0ba9e6570b21775a 1640380816308 1640380891755 75447
2b4faf0c457c620293048e304f1551468e920de95642fed8717ff65cf6f19343 1640381169135 1640381232352 63217
f32bece38591cca8d37491d3b23b302e4674b8bbc486c652c428bdd5fe4544bd 1640381525444 1640381599320 73876
4a3f4ed8f03a72e3381f3dee1017cece816281ff28b1e6c9190ea10a471d41e1 1640381896683 1640381960093 63410
cde316cd86d84e29b89939cef28b741c04478df45ad43c2d590ac1ee83001f72 1640382268143 1640382318212 50069
a8352daf9bd180270531251ff07b23b57b50fd13397ac1390f3198cb06cfd1a5 1640382641972 1640382697941 55969
eb6e87f5e8b588788b73f508f59695c96d89ccea8697d3b5091038fbd469b2c2 1640383012818 1640383099345 86527
cae985098b912bc721e754f8b6beae7820a46f74195adde170525f4528a5549b 1640383383237 1640383472471 89234
cf5029e19a1f77e3548585c6d2faf0c5ff32685270d3e322133d3f6f0c185549 1640383756741 1640383815625 58884
74ad859b5894c518d7b44610321ec3a8d9d1ed1ff1e4479abe57fd0c6a55bdc0 1640384134034 1640384206460 72426
ef37260dd7599168abf6f39a0d0a8f278ccfcf70ba5f26385c23abfb21dbea25 1640384505676 1640384584219 78543
0e82ff4a0623216febb3108664a674c65a5b841d13c394635932e0f65a21069f 1640384877141 1640384954379 77238
4733f07b939f683f0a18fc6e13514e0386927100e6c29508c1830489293409b3 1640385249217 1640385326312 77095
7ddbeaf77e36020040107a3ec0468d3a75227347b7d9fbc75d533163f06e141f 1640385624995 1640385686944 61949
ac6baa15367e2f47814bcfb63fb2570b83f319b3b7202646b8c81fcf8b6409ba 1640386001064 1640386082555 81491
fa7f86f0f48a092b19ecc76116773275bb31b995d57d17acb58237ef3bcb7b36 1640386377262 1640386448057 70795
45d563dcef3a3c53a6d4c7d90775d0228dbd0a072015d6609dc574bbce853efc 1640386747253 1640386813946 66693
d1b3f56a887ae552b3e48eb4a8634cc233968c40dfaf1b994b671dfdae6a630f 1640387125182 1640387199225 74043
a7c1d1ea0d9ae3e096f72991b7c222e08208878cc56e5ccf93a3c14476d63514 1640387498522 1640387563946 65424
44abfb90b617fed9460dfc48795bed85ea63d5905a8f13aeca38adc376ec2b60 1640387877727 1640387938545 60818
