26341fc9337fd68336514d1e651e3e379591f5e6af33b8fb01d5065d133379d8 1640380816301 1640380848526 32225
2aa4c36368a9721c2301268342ef206544687ea4cbaa7edc1be84d9564b77cbb 1640381169127 1640381201105 31978
935587c2808810fd8814127f931800307f3954342e2fa7c2cf4ce334e76d4ac2 1640381525438 1640381560231 34793
9ff2b9e9b864840adddb6da79527c609e34e00be6472a17c7b45777d210c4d4e 1640381896677 1640381924314 27637
71c68c605fa9bb02ead8100c274145041b350a6abb5da3f441bcd38e5d046d1f 1640382268137 1640382333068 64931
0a73ccba98fd3fd8d1864e376376d7968f3910ef960302b6209350a8bbcdbe9f 1640382641965 1640382661184 19219
cdfc49c5456a0d905995273c32efb964cf856cababf335759712a898e71b37fa 1640383012811 1640383023300 10489
676ff22e055b1bdbb4fe2e4d5820fbfbe5e1a145a065a2e28f014d164a0a2a6f 1640383383230 1640383416663 33433
55bd035ab82e4ac548a3c757e411aa52479e0cc2bc27532a1c1e2e758b96f5fa 1640383756733 1640383777365 20632
535cbbcb41d3acfba5d099f865bce6fc35c31e470bd7985652395f4bd82a0df8 1640384134026 1640384148524 14498
5bd7b852b19a6b9b89415afeb864f6b2ac03128b0de7b83a4db1bca8df8bcc58 1640384505668 1640384537608 31940
7489884b83106d1f9814b0e442eafbaf011c0faf0048a1ce938257b179b78ab6 1640384877134 1640384900715 23581
77a1d6307867a239495b55cee57338b1bfae8d895c034a72410781f889cb712c 1640385249210 1640385282552 33342
b125ab4064e8284b2d77c9a9ae3eb8f0608a0cb90ef55cef5983696454488bd8 1640385624987 1640385651282 26295
fb6554bdff8eed39213ac1dab1bbbd350a8de6f01a39e99ae4a0743f164bd471 1640386001054 1640386020175 19121
f60f7f6f0dffb80ab92449d88bfed32b212b359be3030dc0e7292c52bb4e2f27 1640386377253 1640386394920 17667
8f62cbe49e312ac2eb57b909c15304dbc7d74829d9f74b387e1062f2116aee6f 1640386747245 1640386760740 13495
abea45698330c4f03201c2c3b18d692c8731614cc9537768a78b2d2b2521f8bf 1640387125172 1640387148724 23552
ef2da0b421d5776972c0589dc145f7283a619b65ea0867c60be8cdb8ca0e9379 1640387498515 1640387527843 29328
b14b35a1df327c137edb6383558d5190fae16849b004b5b12091bef48ef8a8e7 1640387877718 1640387898455 20737
