0538b03ef748e73d4623c76aebb3a0581b7c3df09464e47402887323986b136e 1640380816355 1640381125234 308879
fb3bafdc808b92dec6db2167e49fc0c792dc4210115d2d459e5089b36eaf4cb3 1640381169177 1640381480558 311381
e23f3688cc1cc2478756310925a1707441ecaf16bd7b496fb724cb49ead85d1e 1640381525534 1640381769061 243527
2ce093e07b017173a8feaccd630b5bfb835ecd6d918babe5e324bceb8a3bfd32 1640381896733 1640382217815 321082
7905d8710e00bbcfe922a43c2ba3a15d993baed2654f682a46b728c675af2cde 1640382268186 1640382545173 276987
450b4727be61a08006f56619f4f57908a0c0e6582526567a9cd090a6fd02e055 1640382642008 1640382930034 288026
772889b0bab485cebd8ca5acbd9c4184be3d54fe77a9ea80504c0835323ec317 1640383012846 1640383256521 243675
0599ec253ae7d3a36e9ab54dd744dff7a9c289d956f158abc33f3b647b63de26 1640383383276 1640383672714 289438
6f4d331c19ba33e6249cb6b952b6f5256947f5f38447b21768064d9d2c954572 1640383756780 1640384069876 313096
1e1d4f8aff68c231b9a5474665b0ea7b3ad8787cc8c29dc3a26cdd8f136d479c 1640384134072 1640384415881 281809
07cdeb6e4689d43bda796fd24e5203657b5c649595c481e9bc95eb0afc3b8bb0 1640384505716 1640384754363 248647
99e03e2aa007a755c27bbcbee7aca859677c2ae9ad333a6dffe9ea8897a6d46d 1640384877176 1640385152948 275772
0663f0a05ad1dc6d209115acfecf642f396365ec714ab65e8642eef4d3bac2db 1640385249262 1640385549287 300025
22003cc4a16560ce036b4246c71c5d61bf931f64f071b9b29fbeb0ba41ccc7bb 1640385625039 1640385870224 245185
9ad54e6f4823e4a20bbeda35e6d00d3f703da79cea763631f7351050dead4d3b 1640386001112 1640386321266 320154
f1c63dd7d857d5bf6649426ae22e04161341b7a757de44d0f6a62de5830f203d 1640386377305 1640386657776 280471
a45ea5687888c6d5e08ee0031f05052dded9a64e3557366a5e808bd07d9cbef7 1640386747293 1640387057404 310111
b160acd9d883c802d2259273db08b46dcb644cf3665d93c2eba7ee5508c1b626 1640387125223 1640387442241 317018
97a871733d005b38871d330a90e74948ad4fdcecd5485609e462b85ef7a9d1ea 1640387498562 1640387748917 250355
8745ff96b9551f0fed19353a9b56faea86de94999b29b3a57b098b2a07249c51 1640387877762 1640388151536 273774
