8a3370c7ca91cf7a0ba6c118bb7847539902ab77a35d6705a98044e8f679ca37 1640380816306 1640380867707 51401
63e9e493148dfbcefb62188814cbdd63e78a4b8d5a309dbe6e78eb819694758a 1640381169132 1640381215655 46523
8e2c5d482d15836499a8a60b175b3d970adde7e5b0d592e913a81a0381c52674 1640381525442 1640381628346 102904
7b9ca6486c29613157f5259ff0f9629c4b4976ef476019fd32a08e330cbed07c 1640381896681 1640381943415 46734
7c133f8360d030a464a81d9bff8c7fb66894608ead922edfa71f754cc975b83f 1640382268141 1640382309258 41117
82508cee8f3d0ac381c4347fc8d6ac77574dc491e9a1f63b37cc916a292e1e14 1640382641969 1640382663839 21870
7e441dffc0d617708e1f8bc001d62fe05764327a214ef335f77a3b0060146fc4 1640383012815 1640383048013 35198
c3668e1a9301b7def68f8a4d8f90adac7821487aaafe2d3faf176d7fb124a8d6 1640383383234 1640383474380 91146
28eaf4be4d6baed5159b80d7bc069324e429dff4cfa66c89b49250a10a48df37 1640383756738 1640383821658 64920
76e8e8efe76eeaf097769256bada7ef30420b38f0c030efed76583a90728c781 1640384134031 1640384197448 63417
1590ef29a43be6f68b309f7e6859880adc24ffacbd2fcd011112e4872ebdeca1 1640384505673 1640384573562 67889
e23f4e8c0facdf49d56019d05c6bf6363a933bee9b3f41f49309ee2bcda66595 1640384877138 1640384933205 56067
40151c1d4e73e6f4ac94df14788951238e01cc5438581a6cf0596c1a941a6995 1640385249214 1640385312610 63396
c5bdb945a71906e61544aa8932f736658adebd0960487ee2c277f12338c6cbfd 1640385624992 1640385689971 64979
235f58c8c9ec1bdacb35eaa11e9cf7fa7a9aa8811f04960c8a5a489efbf5d3b7 1640386001059 1640386046547 45488
3d6759611681094e451d0c922edc9f69f27312ae52a33396461529520e01bc25 1640386377259 1640386431489 54230
1991ee532dbfb4ace5bb2cda42cbb3fae3b0d57d232dbc79be9863f56d11815f 1640386747250 1640386804939 57689
2020e23da1817b15fc8ef6fa63145f7221658c52c552127f7f9f8328a04fa95e 1640387125178 1640387172162 46984
1a144cb7429ed35b746fc2d9b5958d674cbb80d5dfb9cd117067b43fc02cbf0c 1640387498519 1640387548842 50323
ecde95faef147a33279450ee7e8d0c84d7b7b96b447fc75afb5284a63e96b772 1640387877724 1640387944641 66917
