5ac1261a331b1b3753f8e6fe48f8215e764e719bcb8a09d2e28aaf59bb0ee9d7 1640380816326 1640380965827 149501
6f9946370f00c7bfd27e8a9c55861b39d6e16d38ce6f5ca220935a3d69c7b016 1640381169150 1640381311901 142751
f5150df496cf85322c3a5860ad53ad9c006ed81f64ff1321083a66dddef239d7 1640381525456 1640381700663 175207
5e8ab8d329fb5eeddbd3ba9e7f4edf42a45cdd6ba352815ad6782f600f3eef8a 1640381896696 1640382061221 164525
e9778fe9dd87733c412384d65ec8b92d0a3bad693aaa272b0a9a34858eb9f895 1640382268160 1640382422297 154137
1057f2576e4ec0b981343ded532390351b5ef01829126a8e8f8197f2ee2c07eb 1640382641986 1640382799369 157383
aaae7203dae86dccc130093c65188e02acc092219f691b2841a0907bbd5294ae 1640383012833 1640383324181 311348
0f1ab341dcd12da88c38b5962e26edbeeb69b47bd10d9819ea637f57ca13903e 1640383383250 1640383537790 154540
d0caaa592b0194b74ae7d1154f66e24a4a784e67cf44c757723eb5205e411d8c 1640383756753 1640383875775 119022
5b89a39b3e9267abbd85db86431871bddd2c129cf2c13c6a62fa893bbb5c67af 1640384134052 1640384301130 167078
db1f7892b81d6dafacf760f49094c7458eb4515164cc864c242f1f31c81ef4e6 1640384505691 1640384682769 177078
e014ac54bae1d5843e48e9755a7a5cfb7172fc713a7027ddfef8b2d78ff7272a 1640384877158 1640385022051 144893
65a6422df65913554524276ce09408624fbb7e64bcea5e9d42ce318727dc1eb7 1640385249237 1640385405242 156005
d7dadea94f8e31c41d449957ca720094a04b86665496e7ac515b1d95009c00fa 1640385625011 1640385764711 139700
4fa7310133941ff8df7929f3e6253d4e9c942d57d54c5878ca9c68408f2d83cf 1640386001079 1640386155456 154377
b140e61b8645ebae4f030c1eb4a0f34dafa106aa55d27c1589fcf48d64a4e92b 1640386377282 1640386552801 175519
de82bcc603c711a8050066dca2aec56da6257ab34a494bb2f846c914dd0528ee 1640386747266 1640386869464 122198
47630d08392f9f62f8dfedc2678bd8355c68fe2d3f15e5e7df509b8aa6b1c595 1640387125206 1640387292352 167146
3594b75cb5b0680eba71662b9f4455814cb8ce9df0565625198d0b2854a3d82e 1640387498536 1640387639234 140698
49ae7a8455ce1f7f31e87a810dae11045023779381a8877173d63d4186cd7be8 1640387877740 1640388061288 183548
