61a0dced7e2a6d1b48624d8a127547862b22c34dcd8e06124dc7ea0516269ae3 1640380816334 1640381035352 219018
1dd4a7f4953437d157052d861263255f3e8f770b9783a4a3882fc2f6141a2765 1640381169157 1640381347731 178574
b7c707921d93d97d371e8c8c8d90b2631b094b842335e8a77f597a089fdf7d66 1640381525470 1640381737676 212206
0577b08dd479d7fba9c2bd49c2940bfe361115d580975d545de91e01dca6c7b0 1640381896706 1640382210231 313525
5493b6253c5dd77e178d3bfb22fe4dc54d06b319996f931c98f790b138d9fd58 1640382268170 1640382496252 228082
bafb836593d26e8f97c6564488b5b893e294a9d8b416c9c75ff6791d27d2b2b4 1640382641998 1640382854675 212677
1737e3d04b2340051b5d969b78b077f5e90c8e4fefb05b934f8a29cdbd80bb77 1640383012846 1640383260004 247158
b0f061910bcd91faede2305d54fa8d06e238bffa55926aa764184e0784079f14 1640383383268 1640383612802 229534
23867947e50764d45212ff4c67332512ae38060a4f86a1fb47e34f9419d029c5 1640383756771 1640383955860 199089
d7dcb9fb7649ba0e5dfc9330cd2c09bbb2d04bf62ffc3f5474e50a541b7db8a7 1640384134071 1640384393082 259011
1b0dbd9f318390ea4f1fd7e8d96857765de15ed4adfc8de4d8ac75a3faccc601 1640384505704 1640384716444 210740
23b7042fad75aaf6edf1d2b6481f7a1278a9be253457f1d4082cbe5dfbec399e 1640384877166 1640385044968 167802
c4f3810421d19713cbbf4d8c89ed47991fa52f8996a39b84d5776ddd27813d7c 1640385249245 1640385466600 217355
a4f5bc1a82ca6fd64ddde58d996719db3ad3d0b6ee08cbb0ff8c144f35c060f7 1640385625033 1640385910704 285671
d7dced48daf81bfdcb5986ebd48ef4ce3983880cb0b0ae866d15d526cb37a5ab 1640386001097 1640386208720 207623
b19f916fe44b98a1c7d513d57e7209eaeb840357ac0808a3d0a33417c1dfeec9 1640386377290 1640386574695 197405
0f3575363dbb639a91976b1c94d1b366f4506751ba483f2327d18c4dc0b30781 1640386747279 1640386941237 193958
9748c4cc8912c481796910ac6ca2abd08a24d930e32ab807028cf59dce05e8bb 1640387125223 1640387423699 298476
c5f2d94e24bbf46bf1bf4de1288074e9c250223fa17f73e40a4aaef74959193f 1640387498551 1640387731223 232672
6fad8555aebfa165ccff6e9c1bf5ce281b40118f5c7c25bb02ca7b923a6b7913 1640387877750 1640388057942 180192
