c54277bfa3d2d45bd46b21e8788961a698085b85b892655f87a5101198396892 1640380816350 1640381116147 299797
ac2cfb0e90503244b101f449e27fb32dbb6b515ce40246e36ffdae061faf9125 1640381169169 1640381444432 275263
428e84f1bfc66e386d4d8b13b7b0fc85b818d4f3ad565a4aa80cf6e4593de1dd 1640381525509 1640381833227 307718
ed191ba92ebe8d0a85bc05b3062c2f310a61860a1855872a921a1ebd6f46cbc4 1640381896721 1640382170838 274117
210b601460e9824ac5ddeb37126785b87937540a595d835455188329bf889132 1640382268184 1640382539795 271611
4c08bdf9d2319888c40375f404a1bdc3bbccb1fc9905f3b130134205afc5d739 1640382642010 1640382961046 319036
f7035b6240de8e82c3c78f1086f75ed3dff845f1ef9e294ca176ae73feebc229 1640383012847 1640383286074 273227
04bfef3e42eb9270fb1d08eb9229e9234ee71679df04918ba48b753fc553ca5d 1640383383273 1640383626653 243380
3c8767a62f9a58b81a4081543691cf5d0517a283a27df97dc5d1ad3aae67a6a9 1640383756781 1640384070145 313364
f6aeafdaa95231c883ec04b366f5add51130e2f554b003030ef916e7329c113a 1640384134070 1640384419425 285355
5d683f36dc3f292533cb944cb843dd3a5d1c19f584ed8fc0991e070722a3920a 1640384505718 1640384771687 265969
9ba68b4d5e152f0170ed48af81f4d783304081657ab1cb359978186a74412946 1640384877174 1640385147336 270162
d519a4bfae9497f228aa1844e9e1a911e95b56e208502681b7a773c3071c68ea 1640385249268 1640385573028 323760
9372bbfb1add4b3e000784637556449125c0bddae99eec88fe17e1e6bc67a239 1640385625042 1640385815568 190526
e05fa4d901b045c971ccc960703f5a6a9a636e7dc90ff52da657b8b9ce23b7ce 1640386001102 1640386213746 212644
85367a9a193b248bb2d23e4543ef5185b447e2a8e262bda24173e0dfe1b62b88 1640386377302 1640386693433 316131
18938efb253abe3e14e89c238f04eeb533f8ecaa716494dab32c11bb720a4e53 1640386747292 1640387017486 270194
1e331a6a0839b58ec26531320ae7b01f2a99f55f6d7df920534fa85111806316 1640387125224 1640387366741 241517
09b048fb83c2c6746fe6a0928215b90a2ab8028c601a07cc253f9f0936122871 1640387498563 1640387821029 322466
d2d296c966d219667ea1909aa1ac70c9a0f95d98fed70e057af27f1bd9309d5a 1640387877760 1640388096776 219016
