8630551db6a3f26a6c609d245a9e8d2f903d041549fecf6be890a4ddd81fb8b9 1640380816309 1640380922738 106429
3d2cf985198b5f5dc686b8ec9ef769b141e98f496aa2ba700478106788548273 1640381169135 1640381259722 90587
6e5c3a016dde90ffdd4838d1444bfe68cf23ce33ddf518976e12ed0683b49dad 1640381525445 1640381581210 55765
e1d1dfc5ca573e851a9fc95ade348a37d51904b1593827f451176ea97a6405d7 1640381896684 1640381972257 75573
7ac633a30359f459b85162d1086f8e1532d0b8545ba8f2e6043da8523612d1cc 1640382268144 1640382339326 71182
4beef52dca0bf22291db69d5c124542cbcdca9b013ca88d63956c5fed0749641 1640382641973 1640382719122 77149
f08fb481ad81a98189c907483d3190eaf36430199f9c21c02017b3fd3466d791 1640383012819 1640383093195 80376
3856997712d5da353c1263f690f4f148cc72774f69a917482ae705d697b35206 1640383383238 1640383460252 77014
c32e630a253992b50a6ba1bb590f0f2b27bb6246233d43553f93fb74b39d24ac 1640383756742 1640383838417 81675
e08ab045815fffac9848dea33137ae0058dcdce033298cb44c731ed93227253d 1640384134037 1640384272173 138136
4607ee04493aaf8ceef4e0022a7dcebf7b0ad8c2b38c7f3d25d055456783dcb2 1640384505678 1640384576600 70922
23e9b2bf1bc8b6879f7bb2a2a0a0d5e24f64f42012be8e8422e90a188919d139 1640384877142 1640384942203 65061
c6a157578759eb7ea9993951acb553fbce16925d2047a2e8c9fec7d2a83048aa 1640385249217 1640385324786 75569
b61090c32f067a35d3cf8aca22b90c5e010ce6746202cf4b6fc87a20a41a4f9a 1640385624997 1640385703635 78638
b339271a50a2c1451d175d9a30e5feca640212e81854ce789751a6f3da789deb 1640386001067 1640386099936 98869
da47e7979d4071a713db3ef63c25a8670dc17ce24e48f72f146e682c690574f9 1640386377263 1640386499562 122299
27194f03e538e1bf027abeef54c76cac83d98da46ef7dc94daad64759e9998c9 1640386747254 1640386832243 84989
148c0383f935549b812188b3920c441703c6b2a1d71ab1fe2e0769c3d7759b68 1640387125183 1640387211482 86299
685062c8f36273c178af23d7a7612d0c76f65d6b4e366790d158c12054674121 1640387498524 1640387577673 79149
ccaedcfbba10cf26b970cec0e98ef71684aeb23838ccf6aba4b6bcf822863837 1640387877727 1640387947694 69967
