c5fe0741367c25b80a7994328b41b5d142eb8d96be7bb47cdc857968e4325cef 1640380816345 1640381089525 273180
6cdf9b10899886091c622cc84bf9352c951939b297e629a7c1871ea3edde5c7f 1640381169178 1640381486025 316847
ea1df8d9373e72d208e5bcb1aa42b519178147201348f5cc1ba0e7b1f4e8d15b 1640381525528 1640381781074 255546
1b2fcb3301582fe4a66236ea1b7338884ff7c3ef48a9fa569aad761187739811 1640381896720 1640382085842 189122
5fd078b5cde83067d16c5273a0999f701dfca8236d5a9bd10cecdf916c2d1b1a 1640382268195 1640382585270 317075
dd92d9458cfc348466c4889447c69147fb8d8403e38a4449387741a6d375a105 1640382642017 1640382949987 307970
f00c5640f30bf7142b59110109bccb1d935c0500270ed78dd5829f5dbb36cd5b 1640383012854 1640383331514 318660
b1ae005166462d2ba856be0456074c6d98b2c0bfdf27ba3e650c1b5b33a1db98 1640383383279 1640383656882 273603
8ec4f24a3f26a20a45b204996ce39d6477a689564ffae9153e145bdbd0ec35ac 1640383756788 1640384055507 298719
94df6a56d04d16e9e6acaa7895113f4f610d48c755a6507d8e8513fea96353c9 1640384134071 1640384452009 317938
3cf1e1003e73161d85e3621bf062e6b1fe74ab308735c6aa1cd3a5ecae6595fe 1640384505719 1640384782254 276535
3af16a688849b8e3ae3b9968cb9890b934c2f09737dd15e007f5e17974f76c5b 1640384877183 1640385163720 286537
5dd74fba6c2737d56868a66605908e3863eb7b9d8279d972b6a1325b6c9139c8 1640385249260 1640385520690 271430
2862285050f4c533b3420165486003113cf7b9e9883d6ca967f11779abdba5a4 1640385625039 1640385938123 313084
f66f0e9ce15a23c53c4e1fa5e68ef7a5ff1c4aebf02af1cc31757ffc4efa9d40 1640386001107 1640386286630 285523
837190812670cdeb662fb19b68ac7c62df6e5c932317676b5c12a11c9af8cf2e 1640386377304 1640386673484 296180
30c21fa88f77ebf508743ae552771ee4c2066d24ec59b24640abde61d16fc16f 1640386747296 1640387073983 326687
82974c3b6e44e9c70ccc415f1e4b832de42532e0d15c43d041f70b36cf10109a 1640387125230 1640387432862 307632
a2a031b67ba25079a8d563bc5d47910c5a7f395c8eb53d85562c9a4095ae9d02 1640387498561 1640387800745 302184
a8394b820bdcaeaa2ef63fa95e82fe0ca7026edee09712f05645ff12539a0ea3 1640387877764 1640388128217 250453
