3c3e8e1a677ad91d36fb5d0465f6ca2be372c999cde245bc60e19371052a5e0b 1640380816317 1640380916484 100167
bd6e3e2f01c32f277337363213e95765972056a83daffd6aead52e8c555ae339 1640381169140 1640381280029 110889
6222b3a3d91d42a96b082e83fbcf3493afcc4763868745b920038a371166f563 1640381525451 1640381681251 155800
64539cd3a566b92933afe48939aa73cb421e820fd3544ad245ad4bcb622f16a8 1640381896690 1640382010993 114303
078eb7de3e096b1807f1b43b734b817c6b446ced4b066fb7a03471bdf6c08907 1640382268151 1640382424160 156009
770191d2296e47c9b7c182b308275a500179bcd447e0cf35db0709a3d5909032 1640382641979 1640382759500 117521
e3957a0be0de40a46bbd466a17d441a4d601967d64c6e1a680a3c9226c8e4e1f 1640383012825 1640383167238 154413
a04e55376ffe22e58295d81459c87980e67db961aa95c09e8000dcd732d2010b 1640383383255 1640383552242 168987
7398b143e6e67d02c57f42db4c5e5eef69e37219731b3c983e2d501f06d6873d 1640383756751 1640383938930 182179
33574062472f75146be82cd3f88d2e3012c11578b0f902b0e11310da0cf4844a 1640384134044 1640384262522 128478
d24d5b6f819c2be971dcc8c1ebaa7bf5134a264248e1e8a9afb6335f24e68bfb 1640384505687 1640384637241 131554
0fef13df3ee23bc75326ab7785eae0f9d97b6058b066f70aec65da997eb0d4fc 1640384877148 1640384983806 106658
bd135b368aa9862d0e1b2cc94369f81880b782f4acd55032ac22a02ec92a47fa 1640385249231 1640385385840 136609
cedccc48507da893126d0747206cc16ec8ce13c673a0328888b095b01bb16cc6 1640385625005 1640385732962 107957
1bbb4e876651a4a388d40e7300b2d9d2e549168d97dc1580b6680c06e63137f2 1640386001073 1640386112263 111190
de19772d44ac4d407b6b42885fc86cd9dc341955e5c68249b81e4ce1cd4015fa 1640386377270 1640386479153 101883
9409f802d3d3895da4e3d46a48026787e3514020a0a044b6518c6473d059ad34 1640386747261 1640386849293 102032
5e4d459dbd31a52efcc6d1a98ef2d65512cf96894d851633350b63454d16fecd 1640387125195 1640387244219 119024
d55fb002499ff1f042c937ef1e8d330720ea3b713afaeb63ef510eedb74719aa 1640387498535 1640387632823 134288
68f832152fd9823e1c153c1bc7f19e5995214b6ca61082b7c4923af6823344d3 1640387877735 1640387975482 97747
