a02ee9f9083e5cbd4ae862adef689e3f70afe8b7d1a677834dc8e915cf2b2585 1640783010335 1640783011312 977
29af6604c21361747a671e4851bb48800d2c1ba16d52d032bbe6a2e61dc3a203 1640783024716 1640783025652 936
eeabb6412a777d737b25b29c01159c5955824d78ec1958ef572f79bf76d4eb62 1640783039045 1640783040327 1282
c872dd66c3cda7074b8fd13cc430f91cd98b7911f774812e22f41dc5660e9fbe 1640783053553 1640783054793 1240
1e4556c1d276a91a037c243e0c3c925e1480f6a50d62c927c7c8308b302d811a 1640783068139 1640783069441 1302
4317ec8f44c60c772f04f59a15b4a5294214491a6fc5f7999440fb4cf398e98d 1640783082508 1640783083771 1263
83b66affaf212ec4430ed2aaa8540324ada96fbbf706e0c9473a705067a9622f 1640783096850 1640783097883 1033
5c7226f3afaffb0b4073d87c5083a957c54efce5fddfd6b59d9f31c50f7f214e 1640783111586 1640783112878 1292
36ea38a1c1abbda3cbcadb14fb886df1908bdbc0e49f9cae416998dbef42dc11 1640783125949 1640783127026 1077
2fd5458a483c1a674c6cd325c0371cdb48e7572921e5ea580f0b8dc38a4ee903 1640783140572 1640783141465 893
16f3f36bf3984869152c4c7724efea1bd37ef93dfeb8f656b9cec7e390341370 1640783154939 1640783156217 1278
6a83cbc1115e73ffb63cb091fb237a018eb6b7f1597c07b50bee14925df2b1d3 1640783169430 1640783170398 968
2b9100eed72fbc5f1ed72e766fd95da73873b28626075730d54d0621ba835f93 1640783183701 1640783184725 1024
2bfd2d81d97afffc462903c30aa1840e58d320c7f4827475a12b91ee519b621c 1640783198066 1640783198737 671
9488a0964c4b6cbbe31731d2ef66bcc02bf0cac33170c61f4f2d36ebec47c425 1640783212413 1640783213435 1022
95513e521f3ed730cf4eb8e7f9108e59fb70f33669ef4f515c83cc0067eb5801 1640783226828 1640783227817 989
43cf3d053d4ac91a43182a12237d0057f24289d699306736fcb161fec9ce77aa 1640783241431 1640783242289 858
aa2e7e2a12e96d83579f52d297b2f9bbaab1d89f292dd2192609a56a76a6ebf2 1640783255726 1640783256970 1244
27144ee57eae5feb315d2b66bcc623eb0978b5217f9807ce89129fab53cfd5b5 1640783270073 1640783271026 953
b7715cc15e0c640cde4e2644128f0bb2850a0d288500cb41b84dd1a4e9065f01 1640783284193 1640783285261 1068
