c7a003aad7dd3addd1ae0ea159a90e26f7e293a718add1cce51ca99d870981b8 1640783010327 1640783011000 673
b20650c253214b5ca7ba076029430bf0e5591da66211ff659209e8eb93181ee4 1640783024708 1640783025424 716
9dc209e6839fe7767d7228fd4726b7509edbe5ea908d929776d947113329bf44 1640783039034 1640783040328 1294
d7d2f81c733a8ae1054d91719119f5c9fc9b40952414cc1a6f8e9acbe11f1c8a 1640783053542 1640783054207 665
5c2ca1ea735a3aad6922a2e27ee84d10ffd72b365c9d08c28593cc7af55322b4 1640783068128 1640783069438 1310
c3478269d50be606827f527a251f025a1b49435b10c44165ec1957d2bd82056d 1640783082498 1640783083173 675
ceb63379c73a71d27fa6a9d5630ad6917f4306b5956294b656c98a6bf42c378d 1640783096840 1640783097919 1079
99756cae9a258ec732de5d3b9a67ce35ead33b6d194de6b9aa6b9e7e36cf2ef5 1640783111576 1640783112885 1309
f9265808ecfbda9e7a1b3a1426f390c8ef85504de87b53a658e2e22c4cfc576c 1640783125938 1640783127119 1181
77a8f543b13ec36b07727e299fbe31324b7ae8aea6f57031b7bb2784204c3bc0 1640783140558 1640783141214 656
4a67c2429bd4de63b72742895388fae2f1abd522c342e0bbb3620822fbeb332c 1640783154928 1640783155066 138
400d833a6453facf2ae156e5efc6ac4b4302e674bb5aabfd6a7316de34c5b7e0 1640783169418 1640783169732 314
ddaf97a37e2a94192a441c33aed9de06fd02e8825f8ef41aa314029511165ee5 1640783183688 1640783184352 664
8dfb69328976c4b8ddecc166a780917ac98e7351d53e6d59e04be3ab9864daf9 1640783198054 1640783198738 684
cddc95c2435c34492b7e4f256a9cc1a99114d18b7134754a8ed3d64fc265c3e3 1640783212399 1640783213432 1033
b95cc3b76b158831275fc5c5580b2ff334afa4281b3ce624fbc1aea32939390d 1640783226815 1640783227922 1107
09b4f1d6f22bef816b1b75424c3c6379fa11a48b3dcafa913ffb311d12da5d0f 1640783241418 1640783242075 657
8cc322f819801c3425f74b4c49649fc610e988fb69ed9eb07f1fe29672c750ad 1640783255714 1640783255920 206
c3d94c07a9e2d3bdefe0ef8790de7b5d4b8fc52341119943ee9c5d8d1da78dcf 1640783270059 1640783270436 377
b1dd0b25bd5c44d7f68a2cb00ebddd9727a3853bfebc7891ba03264514d242f8 1640783284179 1640783284478 299
