fd68a0102d44b91227d7d7ecb6bf31e32441bfd94f9d4c857ccee0ac073443ef 1640783010328 1640783011637 1309
cc556bf2c7422d1f0c71cc6ccb527ab42c34fd19a8601ceb9d025ae766a91390 1640783024709 1640783024996 287
b509b18b8649ea3b47ae0fad737920c453a457203bbe53960777be0d1b4ee900 1640783039035 1640783040033 998
005929876fc17f76c42cfa4c3327cc594507c14d5f5c718acbee79c4985f7507 1640783053543 1640783054212 669
a15489012cf10f4d05f1eb017f28e656fd6bb16fd82302fb6542c93b8a23b6c7 1640783068130 1640783069442 1312
b2510c25b119125f7683d2ed34cd0e00eae875a6233c1b6ccc42da245b0e3718 1640783082499 1640783083166 667
e7d896261f3d68f73dc1dae429592e7f8279ed534cfa09779e9e94f22b1194ef 1640783096842 1640783097861 1019
6d95491eab398a67d86180eb7d4963c6aa2628c8a808a24be79a7d5ed117f415 1640783111577 1640783112587 1010
96ed787056193cb1fa4fd5379d5950675645848e73de1ab9d89bc1103e129154 1640783125939 1640783127033 1094
8263f278ea9e4c9d8ee91dd4924b293d12aa59ce456940812c34b702644ed37a 1640783140560 1640783141222 662
2b285f13a03b077bbc9f91a7e0f2be222b14bc249aea24cdde127cd89dd5e6ce 1640783154929 1640783155592 663
ac560dc7819f59e4149603463821c27cc01b6cd4e45e33bf2c65e5bd70dbeb62 1640783169419 1640783170080 661
b1e776413462fa28291bdf056ed74cff74ab06df86608265bdadbdfb4cfc746b 1640783183689 1640783184684 995
f234ef3d02f5d17f6d29affb31868dd659bf2926379f1f8a7ef1c729a2faf2b5 1640783198055 1640783198461 406
19e86095a2e1e0225d2544968cd59879a8b669669ea9c0ade0e0f1f72fe48db7 1640783212400 1640783213710 1310
0856e78e38d062496266f2e062dfab942ce85f41f98348d60922a7a6789d38e2 1640783226816 1640783227062 246
a4101033aec0eb41098ab9a35591ef86f4c7201f98c883db64a145a7c4e1c211 1640783241419 1640783242076 657
98c96f3d77b9d2bc0d66b2ce901a4c97ffad593d66f94201a007be20ca371474 1640783255715 1640783256129 414
ea6601c436c3724137f636b8f6f4c10d5d437159d6cc4900b0e6ebc62a335a49 1640783270061 1640783270419 358
9d2056a3aa21ef05e597ebd17b01d64a8c8c1ee605a367d1ae70cb602d047f7b 1640783284181 1640783285370 1189
