148cf2ad0f99e11b4f5846f8af676b0a034c2c0d5c194caccbc5a78865c7dc73 1640783010332 1640783011307 975
d6e5c8a28607592ab3d4bf28934b0eaab9d116510a577570703ebd77794c50e5 1640783024714 1640783025664 950
47007b9eb4ffa752a71060f977aa8d47604e89ae2b512bfbdd6f7ef64ca69bce 1640783039040 1640783040306 1266
aa7ee2a20220be4c922f2087fc9de196bc4c8763ff38777c89850840f5ef3fb1 1640783053549 1640783054795 1246
c16fb26ae8f5e046cd29ce29f923c9c570e81e21c759e308956e6495e9037384 1640783068135 1640783069150 1015
f1887a8fdea21e7fa9a9544a5e0b75687d6dcb61f1104a71c41d3affb77a5a96 1640783082504 1640783083768 1264
3d946b81529339978d29cf93c891b16dcb9c8185e05f868c66ef59f1d40a9474 1640783096847 1640783097858 1011
b0e085a9bcd15fec6aca5fd8b3e5d8d38833d0ee7af87e440d69137b1b26fe9a 1640783111583 1640783112465 882
db13f82594d6b42fd128401ba6605e770083a06f6e28001c12a35db1219e9037 1640783125945 1640783127113 1168
77d7378301d41ec0c62dd85409fc9c363e839c407bbef8cc7137678c2f1c60f1 1640783140567 1640783141511 944
823d09c831d9d9a0a7398270073ffbb96536ce58ca9640014943a4144f102082 1640783154935 1640783155972 1037
4c191f33148fba78386659f9bd18146799e9aa079acf077ad8ec4bf9e0dfacfb 1640783169426 1640783170518 1092
e2e8ada2ecce8762e5ef44f0f13439b022a20ad502786ea2f058b8ae57b45921 1640783183696 1640783184009 313
429b56e487c5040c57737779928c2fd7f5f68493256ac129d685c1ea76b539e3 1640783198060 1640783198742 682
08b88b566c5c94dafb43204fcc7c4bd405e2d366bd2002b79a0620c2836e24ed 1640783212409 1640783213712 1303
5c797c879590684b0a6b63217f0f89b0f8c941aa7b7ca5a98ea7b7e42ba83a41 1640783226822 1640783227861 1039
f28de6d6ee331e29c006691bdd87d273e94470f4a2ea0a2950b42d136d7c7186 1640783241426 1640783242080 654
ae72b77d530e8020ef9c1c331b41c7cdb2f961215376cb7888997b02af259c52 1640783255721 1640783256971 1250
df8f228b9cb4d2bbda65a1d4f8658701bb62e349db87a0dbd286709f8bea4364 1640783270066 1640783271061 995
1bbc8ccfcf9966f4312e916274a310324b775791f8b49becfc63e5e77fe3fb09 1640783284189 1640783284886 697
