6af4c03ae042b8514110346b40dd8526b0c611f9260656720a27d0adf450fde9 1640783010329 1640783011342 1013
a50e79b35f281541032c04a598721bf4d1a3a510b5f6a7ca44a1494a5e62f6eb 1640783024710 1640783024986 276
d2022b69b520b14ea6e41b5c19622c29c5431e07ff7d78362318673ff8d84543 1640783039036 1640783039914 878
ce64e4002739c12d359768a436ec99d461c09e6b077b52801c1dcee5c348b98a 1640783053544 1640783054207 663
085f05ec0e4fb8f1f5a27098f81ab9b7111f7685b437bbda8fcd4468027a7c01 1640783068131 1640783069031 900
6268451eace054d009f35ded6b6c30d6b95d8e5626de7bf0a951bf75b1bd25cd 1640783082501 1640783083398 897
81c7e54e8d0bfa138748bdccb1fc56652443806aa9d1479554c339cf32f80b1e 1640783096843 1640783097932 1089
e9e423df069af0828f2ce5b522ad1bd5499616d9a35f3255cdf76feb1ad5f380 1640783111579 1640783112885 1306
7a4200fc66bff4a3a96d12a9f174a6caa079b0cab8e3babe7f722e31cec5c694 1640783125941 1640783127108 1167
e9ac414085aace9ee0b42e12db776e17d1ca6e035c6e7da677fb051f27901256 1640783140562 1640783141213 651
e0e048ab61ab9c0c7bfd15c696d512086ba0bbbd5b6d0288400c74055c9c0014 1640783154931 1640783155853 922
6cd59408dddf15c16e24a1610bad503efdaede4bfdcb6713ba4945808328d93e 1640783169421 1640783170529 1108
60e4c1dc7d942f07d97fe363e58135ffb05330084e65ec0a20bf90a7014c4b78 1640783183691 1640783184676 985
a48d46ac4caeb218c87d6fa64db11f947afca29f7fbdd7e4b6d5757684f10b6f 1640783198057 1640783198728 671
c523d51294ba9cbcbc1a261d04e5e77efd61ad04b82bf2384ac1c1e887ea5056 1640783212404 1640783213332 928
dfc3877ecb5ece4f45e28ac5fa0f3edcc9aa641fdf49dc6502d81b2948cbf9c5 1640783226818 1640783227941 1123
cd4115f059db1f3b48f7285da1f81a95ded5312b0ca6f5e2c9eb11d8b35c632c 1640783241421 1640783242075 654
4b63295e65302ac914b602e0f94d013a9bc1d8f04c5456a93ec7825d75005fb5 1640783255717 1640783256741 1024
0b86dd4aec7f77efaa5be75d28082926bf23ccc5a9d4ca509cbed6e941740b2e 1640783270062 1640783270428 366
44cf0daad1773101db70640ec762452a914cda0547c4f2dad247f20853997407 1640783284182 1640783285239 1057
