dfd3913bf41486b3091e83f0ceefd9e6556dda75e19c5ab4aededc64d1a3ae15 1640783010357 1640783011258 901
dbe47fd1f33362f00931a028813831cc12e4981e1f506d3ad2df48e689a4c743 1640783024741 1640783025697 956
4cb3cb1e6f8607346aae8a8c4cb7e0fe0a6d171dc9496d37f62e2c7fd7c9f090 1640783039068 1640783039972 904
3db7aaed947baeb20778a15a94443368534ccdb63dbf8be80b3b981c88f207f3 1640783053580 1640783054797 1217
4db76850b2d468319940c2e531e0e96ba582ad246db665be9ebb6510fb5016ba 1640783068165 1640783069441 1276
8c2ced485d1ea1433191b94c320c798ab2813cc2f8cdc82df7fd578a97d4a47a 1640783082538 1640783083771 1233
834a1ef78973aa352c1f0872ee857a2ad58b816289bf6071f07d0ae145a64726 1640783096880 1640783097865 985
3e8786ec9d1db1895054a508cf91af61b007e38b83c8f90787d6473ab2830815 1640783111614 1640783112885 1271
af7273e23402f4f664ad8b4d5f07737aa4522c8b3d89998d834535db83dad946 1640783125975 1640783127130 1155
c4af93d2a2a1d224a5e7a0a70ce984886bb1f99c5535af5d0229c8c8fc9131ea 1640783140598 1640783141510 912
ec3cb5b4de184550dd32a75f05cef57035e1f37422de6b3b4f225bd78d5daefa 1640783154965 1640783156217 1252
6475b21529147d9d31805e30827e0bf80a37fbd73e30a2c28b1360bf8a16e922 1640783169456 1640783170552 1096
4374eb1bde2286b0ed2c6af60c452da82ae6b289c4d32817f31fe57b115c7630 1640783183731 1640783184970 1239
c5e1160d3b70e5ebff6ac35d6e1b465aae97817ecff7363fd8beaa68bc6a9f87 1640783198100 1640783198910 810
f8e47c15da95ed1d42a5f77d7aca8907dcf73c3ed3ab4b79d910a64e65136479 1640783212441 1640783213710 1269
a8bade358e969d192eee662f5b47d973dea9192af7ae24c00d2c789c1005792f 1640783226854 1640783227902 1048
e7d91a73d6ec08aef580e352a5758b7dfef3e2f8b9c446c25e95d5de015532a2 1640783241460 1640783242623 1163
1d3026a6b73536244024ab88cbbdcbcadbc509879685faac7eb76ee2d6834e71 1640783255759 1640783256970 1211
1086b2917ed39e7bcfb98f4be6b5f7338be81fc70787d71e18366ba94ee1a0c5 1640783270099 1640783271067 968
469d093e23df82caf9af89e9a6a851bb216563e3ddfcf01590fd7c2883951198 1640783284222 1640783285161 939
