5ae6083d331ca596bbf5381c315e7559b0ddf9f4390d8d163910f73a99c95913 1640783010351 1640783011632 1281
d93d427c488e26f7294180633f535b21b9aadcf37a1c933d0ea8deb40aa9b486 1640783024732 1640783025730 998
0c9ee5aab8d26183c315aed40f8e1670853189e538c9eecdd564c1c04866bb1c 1640783039059 1640783040025 966
37d83ca7544774acd6b830e4748bf86a98a1f38f40879500e0393a3fae78aed1 1640783053574 1640783054796 1222
7b0741d7912ad00bc99494bba0610d97cdcf0f6d55224e0baf36895d66540976 1640783068156 1640783069440 1284
df6b5e548a9735dcc801963d0f8c4beabc28f52ccd9739637d72bb66e12f7696 1640783082529 1640783083749 1220
bf3324b98b7ffdfa119c56e125d5907699fd31ecbe2265fab83d41259d38b833 1640783096871 1640783097826 955
942105f819704e3f07bfce24347f7519a7ab377e8a2923feb045c9d5da7287c4 1640783111609 1640783112574 965
3ad8ed7d16b9efaad65b8c3e71a099896c67af3fdab851744a0f79bb4731d28a 1640783125966 1640783127035 1069
a9641c1d2da6fb678a359d6e4dec62552eb678669ee1d4da682c5cb922de94d7 1640783140591 1640783141521 930
ff760925965f785711f480d53fef25bb49a1d200985becc4a2940607784b4397 1640783154960 1640783155936 976
441d6b1b3583c6efa056ac455ed99962177362d1a0d99e378d26c0d57abc2612 1640783169451 1640783170411 960
06c62ddc37ee20bce0ba18e011fd771162c1e0fff3fb2b3abef8bb524497644a 1640783183721 1640783184676 955
1a0eec6e9f30ec911e30c67514555e1bed744bc02c63f89693307c1afc96c49f 1640783198088 1640783199151 1063
932f60e803e381e4c6a7d301935af04ce2c5b35ad377037476ae3333f4b40802 1640783212435 1640783213710 1275
153cbf903a26035c3bf8e3b46a13bb0e438ac3ab86407b3595b425bab35804ba 1640783226846 1640783227930 1084
f377f145a695a351208e34822be37f4d84f49d899cdb8eb68f4cce768f124063 1640783241454 1640783242345 891
516c551d172cc47e649824024aff27bef037f7ada51bb96db7d9fbd496767593 1640783255750 1640783256971 1221
35c30c2536827415b1f6b1a1faed7990a2f21af6c15fea22ca771d6fee45938a 1640783270091 1640783270990 899
6603083d80dc840c9f575a2532887530185bc9e152c0698ad686b58edf18194b 1640783284217 1640783285147 930
