f2379d2313e47d4c91c7000e08ff3d941ffdc2dde1386329750e7f22ce831ad0 1640783010356 1640783011635 1279
be9f496a245eeb2a4f9e466047faa1cdc3d8176ff636f83c4f5956d964abe58f 1640783024739 1640783025717 978
6dc98d9187e672ca87796cab524394d1c6896eda628113cfcdb23ee223ea1ad0 1640783039065 1640783040326 1261
13d326070fef221545b3323b23655f9db1197d2bab1da4d9ce2a5984dcba9637 1640783053580 1640783054796 1216
99c192ad84cef3531c0ea6e9d7a3f4c21ea46094d96a8d7a77f66e0bae595ead 1640783068162 1640783069422 1260
566de057e07c7f2290e57ab822080e094a26e7841e82a9905895f9f6dbdab7d0 1640783082533 1640783083511 978
903b05d83ffb169b64ee318d585497e163219b897588a7a40aad2b19affb34aa 1640783096876 1640783098171 1295
df6da5a3eaef72a3e41235e7a44e30cc77569881011fd2dc31e8cce1d44a46f3 1640783111613 1640783112884 1271
3bb95f94db1c378ebb14ff2cdbf2d7674699e64cea0f4aeeafa329239958a3ec 1640783125971 1640783127145 1174
b476ef84b0616a639800c8d7394271466edfbe835734b23af2fad3474ae1e94c 1640783140597 1640783141735 1138
1affee23b9f4af62c77a0eadb577ecd781251a5af90af757a38c6d3dcf15de66 1640783154963 1640783155966 1003
3d236f2f1708c797bc5af62f01f899dafcf89ba90f7357ecd0a1eeb46f589d21 1640783169455 1640783170495 1040
e821433a62d9bece72eaa81c4521a9fdce72fa1c58d48bb032c93e83e87dd06a 1640783183728 1640783184623 895
4ee1d13644b279b1cc4d33e69a9425913f46c2ed9b1d5134a078feae83cdb217 1640783198095 1640783198864 769
423eac1fbbbe2db7ac0261597ea3f2e478727f065897e4dddabc2384530eadd7 1640783212440 1640783213708 1268
051f65741bd5da14e308668bc943cd278171a792324fbc6ba36e3c9549dfc808 1640783226854 1640783227899 1045
83b9f761b4fb91d40a5a449073dbdeafc88efac00a4aaa026ff390170ada7295 1640783241459 1640783242623 1164
b34add6f12dd05c1b75efacb5aaab4500b7333eb844ff7d2ec9c8d556e91d7bc 1640783255757 1640783256964 1207
417b4bb719f2f4397e5bd7cab9c07dd7b3c7fa7b95fa2841af1aefa6f58688a4 1640783270096 1640783271041 945
1c07051acc60b95d93bcdafc0ff5fc65b6f578b7338f3719eb1c0ddefab335ee 1640783284220 1640783285284 1064
