21f4fcb27cd060cc7cf9a76f6e38722023ac97736370e52ffe0e3d24e99f2fd9 1640783010349 1640783011312 963
6e30bd53d13e9e309e0fa10987e8f191b5d39f3cd440c6e71fb3193f5e906be9 1640783024727 1640783025639 912
f4c1a724f17af2ae21edff9fe02aca258bb70b4507f30f4b9f05a29003d65420 1640783039055 1640783039929 874
16d7139fe107bf532b8bb8ae288badbe4e12191be95a094b0df5e2f4185f2dd9 1640783053570 1640783054797 1227
729f83dd374900df9d01f603ad88d5862fe21b97a49f6dce014e50e7b2777632 1640783068152 1640783069440 1288
00fcea5e04637f554e490a02636bd28b9077aea05f92a89fa56abb67952c8449 1640783082522 1640783083524 1002
0b5a74b57d21f0ba4e7089485d72ec14280406a87cad863526a490656ed2a6f9 1640783096865 1640783097931 1066
019064c7bf0e264c974d5236f7cf4094d0ca74a6b1f5e23c2a8124bd454c664e 1640783111603 1640783112628 1025
b4e60a8c154dab915bfc3cf7cbc04076ccc7c9f1454431fe06a0413cba39803c 1640783125961 1640783127022 1061
871dd016328356944da763a4ebe46a43bb40bc2851ec53df3ab0bac2147753b0 1640783140585 1640783141518 933
c8b71d5a5779669b95c74acc2695f2a37b49bd1dc9ffa3b3a632939096308e22 1640783154950 1640783155974 1024
a66bdbbf466fa9d6a120ac91d89556e9cb7137edf8263a09671a82f319c7e74e 1640783169444 1640783170496 1052
2693bebd577d985467076b79a616771eea47e8ed3542d29dc1cb26b32b7c7971 1640783183714 1640783184969 1255
5a82c31aaad8de1f7a72b21175b5db6572ec2dbf4e83d7863c456d4698bab469 1640783198080 1640783198940 860
f9f162526eed78767fe6986c34e951338bfcb8c1bf8a1d21ceda246df4606ffb 1640783212426 1640783213453 1027
d66e3638479dc1f14b934e6ae60738b616e9988637a37da6c88469d4a08b1873 1640783226840 1640783228155 1315
1a76a0ca7a7f19b50026c7037cca7906866133629d7c3f75a54209cc713c3004 1640783241445 1640783242391 946
6c39db724f10831dafb0e1b0706c4dce712824f500806e7ea35bfe80de7e7d41 1640783255745 1640783256971 1226
c1dab3bbd5822e84f097a065fcde4318ca23892be9e3cc6a87a76497c4a09e19 1640783270085 1640783271072 987
aeb0816a99f59167701ed9f0d52585dc4553f5ebea2eb39fd810fff112291c04 1640783284207 1640783285346 1139
