7858dabe08bc3fb688e8478cf3e63b77a3218b831c1a858dce69ac0aad430d97 1640783010356 1640783011344 988
b230fa612fe4fb591bc69c6c206a785c28cdc86724fb2eb63f962efbb23f08bc 1640783024739 1640783025660 921
fe92a9163b57798fd33fba64aaf4a1170dbf14fac7322f83395fd2d28a29e7b3 1640783039068 1640783040328 1260
8924c2330f6e72ce09f6a33901ddd038ce4a5e3a6881b2d9ea759ebcbb3deafc 1640783053581 1640783054509 928
30e68e92b17dba1e60734a178583bf4de94ccd8b98266ed4ce1f6fe396ebb1fe 1640783068163 1640783069422 1259
9353f1c7c0a78440b49861ec5cc50d401c703f93c73ebcf7678edc239c594c06 1640783082534 1640783083509 975
d066605fd250b75531e6d8fcaaa3671bf9b922c2a5f1fe4a39a8d38e5b1869cb 1640783096877 1640783098171 1294
31f106419692d3d78ee7e549c27839de95d4cf3223504a2c59d26638a5b0ed8d 1640783111613 1640783112885 1272
479315cc6ca3d25502f315b06842c5650364fec1e6b625339c9b54c3b625912d 1640783125973 1640783127128 1155
fb5c0bd04fb1571a1dda4c31a7aabc6d874d2a6a5bb11ca990abac90a190bc26 1640783140597 1640783141735 1138
66871c53e6200358adbdb8e5d31203a4ee3355d76ccf1c47c43f276ac5d90f5b 1640783154965 1640783155981 1016
91e1cb25d85f385bc9e173ea143d352557486b4942d8f30e44948011362ea99e 1640783169456 1640783170464 1008
d7703b8df26a3e81fc0c0bd8296a3135a3983d9fc3e5f5e056447c236ba1bddb 1640783183729 1640783184636 907
e42ce9850ccc22dff680c0f5cdc90a5530665f95df26b43b7f970041867989df 1640783198096 1640783199149 1053
2b6411627b81f6ba7e026d55fa03efe2df5bf82a0ecd4582aca5103b616e5f45 1640783212440 1640783213456 1016
88adb7268737e9c3f2901dd1a8f79a00d9909a432955193b4a9c0af12fa7b362 1640783226854 1640783228155 1301
5fd0d6cf488c6f33419ce59a09ba3b308f99d1dff95afb1bd5b217172940f19d 1640783241459 1640783242625 1166
0d671811a898b97685f7f1d898293c03de7add81f170b454ebac2a41a2753dae 1640783255758 1640783256744 986
4b25e62dc3665926dba50f6ef916728728c938a4b7e0bcacbb3a4aa807fc9754 1640783270097 1640783271060 963
42775c7e8a36dd92cd92f31c7857193196244180371a1cbdf5a66854157372e6 1640783284221 1640783285353 1132
