9e3fd86d98e1dd26450258647950dc35b9c9f9cf5d0f0bf0314a44cee2fbb414 1640783010330 1640783011312 982
e0b2755bc5ab3660ddaf52c2581c748453e69a9cb5b2126b577542d6541316d0 1640783024712 1640783025424 712
5b4356e6ff62ce7ab360a3ee0a24b2f4ede1d4539ee6ec9ad6f032940249feb8 1640783039038 1640783039994 956
ab77370ce48dc5887f15a0a3f1925cb140ac3516e033bbdf8878e31dbc3e9385 1640783053546 1640783054797 1251
ba81ae26b0502b6c725e98c1a67e9861382b88e278bcbb1fcbd4f454f38f997e 1640783068133 1640783069441 1308
2a00ca5c2268db8a19c761c5cd45ca3d15a236c4682a554b5d1937bfe6f73331 1640783082502 1640783083526 1024
d0abf0b55e5f6e8470904aecb22187bb7e0b0328989aec47c616e91aa88732fc 1640783096844 1640783097820 976
21e38b815d721ae687a3a55378f5104f3fb5be57581a4c3c8bedc74ae7a7fa3f 1640783111580 1640783112883 1303
1ff7802e986c5ef603c3784ed4f30cf1d9041018d9eff5e85b06e9c36f13201f 1640783125942 1640783127128 1186
9a93807340b500fdac228e2cf7c94b8e760393647d19a5c0d838d49197e8a227 1640783140564 1640783141221 657
2c5b3edf7e06bab8eba7e94f522709c758b62f7c480ce6ac7d140a726bc92506 1640783154932 1640783155890 958
5224118290d392ba6919ce2ef7652b9fa1bae71fca08761a4bd5501cbb90e09f 1640783169423 1640783170527 1104
7078194913705f2119264a15106996ac5b9730ca41a7c67b93249721a9184871 1640783183693 1640783184651 958
7f13f0d2f16dfd54db1db013222ae33459ff6020ac8841d37d162f4477b0ed25 1640783198058 1640783198740 682
e22fca124e7fcd205a08c9bad26d92283b3afc5ad5edd951f872f751bd8a8b00 1640783212405 1640783213459 1054
d7a0fe2b92d4518ce2a9c7c2e394f7ac4c5e4c1cd92b1801a55490e0bb92bcdf 1640783226819 1640783227924 1105
4c7f29fda1bd2d34386ffc0ada7ffc151ee128a9ebbcf392d5ba07ad8e4bdf12 1640783241422 1640783242081 659
5436d6ebb1cc45ccd82ad74d997b64adc0e8bda2dace4f1a35842d8a76ed3eb1 1640783255719 1640783256689 970
f4ee26d81a051cadd0f3b720ed7b62428208e344a08f50af79f9cc1aec56075d 1640783270063 1640783270431 368
604b76f16d55cce58fee83943fc3a5bf62b56c87071a28ade4ccf328a5133ff3 1640783284184 1640783285267 1083
